     1.945000E-01        11     -1.806053E+00      0.000000E+00
     1.950000E-01        11     -6.357274E+01      0.000000E+00
     1.955000E-01        11     -1.742726E+02      0.000000E+00
     1.960000E-01        11     -4.409309E+02      0.000000E+00
     1.965000E-01        11     -8.144173E+02      0.000000E+00
     1.970000E-01        11     -1.078627E+03      0.000000E+00
     1.975000E-01        11     -1.731776E+03      0.000000E+00
     1.980000E-01        11     -2.132514E+03      0.000000E+00
     1.985000E-01        11     -3.030177E+03      0.000000E+00
     1.990000E-01        11     -3.859817E+03      0.000000E+00
     1.995000E-01        11     -4.387035E+03      0.000000E+00
     2.000000E-01        11     -5.387867E+03      0.000000E+00
     2.005000E-01        11     -6.318375E+03      0.000000E+00
     2.010000E-01        11     -6.740383E+03      0.000000E+00
     2.015000E-01        11     -7.569583E+03      0.000000E+00
     2.020000E-01        11     -7.881738E+03      0.000000E+00
     2.025000E-01        11     -8.681857E+03      0.000000E+00
     2.030000E-01        11     -9.146847E+03      0.000000E+00
     2.035000E-01        11     -8.989363E+03      0.000000E+00
     2.040000E-01        11     -9.361542E+03      0.000000E+00
     2.045000E-01        11     -8.759830E+03      0.000000E+00
     2.050000E-01        11     -9.487457E+03      0.000000E+00
     2.055000E-01        11     -9.474999E+03      0.000000E+00
     2.060000E-01        11     -8.699278E+03      0.000000E+00
     2.065000E-01        11     -9.214418E+03      0.000000E+00
     2.070000E-01        11     -8.025534E+03      0.000000E+00
     2.075000E-01        11     -9.428013E+03      0.000000E+00
     2.080000E-01        11     -9.547750E+03      0.000000E+00
     2.085000E-01        11     -8.876454E+03      0.000000E+00
     2.090000E-01        11     -9.966740E+03      0.000000E+00
     2.095000E-01        11     -1.042538E+04      0.000000E+00
     2.100000E-01        11     -9.977315E+03      0.000000E+00
     2.105000E-01        11     -1.064687E+04      0.000000E+00
     2.110000E-01        11     -1.015555E+04      0.000000E+00
     2.115000E-01        11     -1.105016E+04      0.000000E+00
     2.120000E-01        11     -1.081854E+04      0.000000E+00
     2.125000E-01        11     -1.017130E+04      0.000000E+00
     2.130000E-01        11     -9.760316E+03      0.000000E+00
     2.135000E-01        11     -8.587884E+03      0.000000E+00
     2.140000E-01        11     -7.665907E+03      0.000000E+00
     2.145000E-01        11     -6.076819E+03      0.000000E+00
     2.150000E-01        11     -4.245235E+03      0.000000E+00
     2.155000E-01        11     -2.203146E+03      0.000000E+00
     2.160000E-01        11      1.702869E+05      8.160712E+01
     2.165000E-01        11      1.675733E+05      2.297956E+03
     2.170000E-01        11      1.636667E+05      4.227035E+03
     2.175000E-01        11      1.585222E+05      5.858581E+03
     2.180000E-01        11      1.510954E+05      7.134636E+03
     2.185000E-01        11      1.455908E+05      8.256559E+03
     2.190000E-01        11      1.358696E+05      8.901506E+03
     2.195000E-01        11      1.293043E+05      9.530304E+03
     2.200000E-01        11      1.195778E+05      9.726588E+03
     2.205000E-01        11      1.110606E+05      9.826551E+03
     2.210000E-01        11      1.063314E+05      1.011913E+04
     2.215000E-01        11      9.216907E+04      9.349893E+03
     2.220000E-01        11      8.835556E+04      9.484662E+03
     2.225000E-01        11      7.572334E+04      8.549866E+03
     2.230000E-01        11      7.351986E+04      8.687091E+03
     2.235000E-01        11      7.183024E+04      8.844001E+03
     2.240000E-01        11      5.797957E+04      7.411163E+03
     2.245000E-01        11      5.995758E+04      7.931214E+03
     2.250000E-01        11      4.886910E+04      6.671231E+03
     2.255000E-01        11      5.486312E+04      7.710233E+03
     2.260000E-01        11      5.577288E+04      8.051710E+03
     2.265000E-01        11      4.830364E+04      7.149742E+03
     2.270000E-01        11      5.279040E+04      7.997738E+03
     2.275000E-01        11      5.447040E+04      8.433489E+03
     2.280000E-01        11      4.929559E+04      7.789114E+03
     2.285000E-01        11      5.172732E+04      8.330851E+03
     2.290000E-01        11      4.973961E+04      8.155816E+03
     2.295000E-01        11      5.100544E+04      8.506041E+03
     2.300000E-01        11      4.795841E+04      8.126634E+03
     2.305000E-01        11      4.492793E+04      7.728953E+03
     2.310000E-01        11      4.113540E+04      7.178477E+03
     2.315000E-01        11      3.781382E+04      6.688992E+03
     2.320000E-01        11      3.206780E+04      5.746170E+03
     2.325000E-01        11      2.719128E+04      4.932484E+03
     2.330000E-01        11      2.317039E+04      4.252493E+03
     2.335000E-01        11      1.794527E+04      3.330425E+03
     2.340000E-01        11      1.340921E+04      2.515208E+03
     2.345000E-01        11      9.693675E+03      1.836860E+03
     2.350000E-01        11      6.297192E+03      1.204928E+03
     2.355000E-01        11      3.846038E+03      7.428075E+02
     2.360000E-01        11      2.014905E+03      3.926437E+02
     2.365000E-01        11      9.229316E+02      1.814005E+02
     2.370000E-01        11      2.142863E+02      4.246596E+01
     2.375000E-01        11      4.276674E+00      8.542630E-01
     2.845000E-01        11     -2.071658E+00      0.000000E+00
     2.850000E-01        11     -6.550127E+01      0.000000E+00
     2.855000E-01        11     -1.770065E+02      0.000000E+00
     2.860000E-01        11     -4.443357E+02      0.000000E+00
     2.865000E-01        11     -8.199774E+02      0.000000E+00
     2.870000E-01        11     -1.070854E+03      0.000000E+00
     2.875000E-01        11     -1.734613E+03      0.000000E+00
     2.880000E-01        11     -2.118152E+03      0.000000E+00
     2.885000E-01        11     -2.995788E+03      0.000000E+00
     2.890000E-01        11     -3.851849E+03      0.000000E+00
     2.895000E-01        11     -4.314647E+03      0.000000E+00
     2.900000E-01        11     -5.342126E+03      0.000000E+00
     2.905000E-01        11     -5.815746E+03      0.000000E+00
     2.910000E-01        11     -6.895442E+03      0.000000E+00
     2.915000E-01        11     -7.611002E+03      0.000000E+00
     2.920000E-01        11     -7.933344E+03      0.000000E+00
     2.925000E-01        11     -8.572679E+03      0.000000E+00
     2.930000E-01        11     -9.200024E+03      0.000000E+00
     2.935000E-01        11     -8.939160E+03      0.000000E+00
     2.940000E-01        11     -9.243486E+03      0.000000E+00
     2.945000E-01        11     -8.914543E+03      0.000000E+00
     2.950000E-01        11     -9.259282E+03      0.000000E+00
     2.955000E-01        11     -9.605848E+03      0.000000E+00
     2.960000E-01        11     -8.711624E+03      0.000000E+00
     2.965000E-01        11     -9.069105E+03      0.000000E+00
     2.970000E-01        11     -8.334415E+03      0.000000E+00
     2.975000E-01        11     -9.222566E+03      0.000000E+00
     2.980000E-01        11     -9.725300E+03      0.000000E+00
     2.985000E-01        11     -9.006632E+03      0.000000E+00
     2.990000E-01        11     -9.829323E+03      0.000000E+00
     2.995000E-01        11     -9.311978E+03      0.000000E+00
     3.000000E-01        11     -1.062095E+04      0.000000E+00
     3.005000E-01        11     -1.096039E+04      0.000000E+00
     3.010000E-01        11     -1.058624E+04      0.000000E+00
     3.015000E-01        11     -1.096157E+04      0.000000E+00
     3.020000E-01        11     -1.107145E+04      0.000000E+00
     3.025000E-01        11     -1.018501E+04      0.000000E+00
     3.030000E-01        11     -9.686059E+03      0.000000E+00
     3.035000E-01        11     -8.667575E+03      0.000000E+00
     3.040000E-01        11     -7.538205E+03      0.000000E+00
     3.045000E-01        11     -6.040311E+03      0.000000E+00
     3.050000E-01        11     -4.189778E+03      0.000000E+00
     3.055000E-01        11     -2.148176E+03      0.000000E+00
     3.060000E-01        11      1.687929E+05      1.145196E+02
     3.065000E-01        11      1.661227E+05      2.308301E+03
     3.070000E-01        11      1.619119E+05      4.208743E+03
     3.075000E-01        11      1.562518E+05      5.798684E+03
     3.080000E-01        11      1.510793E+05      7.155315E+03
     3.085000E-01        11      1.428423E+05      8.119470E+03
     3.090000E-01        11      1.357211E+05      8.908357E+03
     3.095000E-01        11      1.290076E+05      9.523106E+03
     3.100000E-01        11      1.176952E+05      9.585959E+03
     3.105000E-01        11      1.127059E+05      9.983325E+03
     3.110000E-01        11      1.052428E+05      1.002534E+04
     3.115000E-01        11      9.255504E+04      9.397153E+03
     3.120000E-01        11      8.977179E+04      9.644091E+03
     3.125000E-01        11      7.514943E+04      8.490910E+03
     3.130000E-01        11      7.518453E+04      8.889309E+03
     3.135000E-01        11      7.251741E+04      8.933647E+03
     3.140000E-01        11      5.833899E+04      7.460947E+03
     3.145000E-01        11      6.171645E+04      8.167735E+03
     3.150000E-01        11      4.918920E+04      6.717850E+03
     3.155000E-01        11      5.575217E+04      7.838325E+03
     3.160000E-01        11      5.696073E+04      8.226261E+03
     3.165000E-01        11      4.834010E+04      7.157619E+03
     3.170000E-01        11      5.394702E+04      8.175609E+03
     3.175000E-01        11      4.863600E+04      7.532443E+03
     3.180000E-01        11      5.252047E+04      8.301025E+03
     3.185000E-01        11      5.312746E+04      8.558627E+03
     3.190000E-01        11      5.093776E+04      8.354371E+03
     3.195000E-01        11      5.141509E+04      8.576386E+03
     3.200000E-01        11      4.843785E+04      8.209710E+03
     3.205000E-01        11      4.530855E+04      7.796079E+03
     3.210000E-01        11      4.106670E+04      7.167924E+03
     3.215000E-01        11      3.815782E+04      6.751127E+03
     3.220000E-01        11      3.192727E+04      5.722024E+03
     3.225000E-01        11      2.721071E+04      4.936859E+03
     3.230000E-01        11      2.321957E+04      4.262218E+03
     3.235000E-01        11      1.779077E+04      3.302269E+03
     3.240000E-01        11      1.346196E+04      2.525479E+03
     3.245000E-01        11      9.624097E+03      1.823937E+03
     3.250000E-01        11      6.255442E+03      1.197104E+03
     3.255000E-01        11      3.842412E+03      7.422047E+02
     3.260000E-01        11      1.984154E+03      3.867001E+02
     3.265000E-01        11      8.629190E+02      1.696257E+02
     3.270000E-01        11      2.178921E+02      4.318554E+01
     3.275000E-01        11      3.609323E+00      7.210407E-01
     8.245000E-01        11     -4.487555E+00      0.000000E+00
     8.250000E-01        11     -7.861858E+01      0.000000E+00
     8.255000E-01        11     -1.949074E+02      0.000000E+00
     8.260000E-01        11     -4.812341E+02      0.000000E+00
     8.265000E-01        11     -7.090282E+02      0.000000E+00
     8.270000E-01        11     -1.251949E+03      0.000000E+00
     8.275000E-01        11     -1.851851E+03      0.000000E+00
     8.280000E-01        11     -2.234304E+03      0.000000E+00
     8.285000E-01        11     -3.128539E+03      0.000000E+00
     8.290000E-01        11     -3.964782E+03      0.000000E+00
     8.295000E-01        11     -4.468174E+03      0.000000E+00
     8.300000E-01        11     -5.443166E+03      0.000000E+00
     8.305000E-01        11     -5.957584E+03      0.000000E+00
     8.310000E-01        11     -7.001517E+03      0.000000E+00
     8.315000E-01        11     -7.732316E+03      0.000000E+00
     8.320000E-01        11     -8.018517E+03      0.000000E+00
     8.325000E-01        11     -8.665574E+03      0.000000E+00
     8.330000E-01        11     -8.566987E+03      0.000000E+00
     8.335000E-01        11     -9.338629E+03      0.000000E+00
     8.340000E-01        11     -9.506238E+03      0.000000E+00
     8.345000E-01        11     -9.015541E+03      0.000000E+00
     8.350000E-01        11     -9.411946E+03      0.000000E+00
     8.355000E-01        11     -8.386802E+03      0.000000E+00
     8.360000E-01        11     -9.379688E+03      0.000000E+00
     8.365000E-01        11     -9.384001E+03      0.000000E+00
     8.370000E-01        11     -8.495716E+03      0.000000E+00
     8.375000E-01        11     -9.370728E+03      0.000000E+00
     8.380000E-01        11     -9.720653E+03      0.000000E+00
     8.385000E-01        11     -9.017387E+03      0.000000E+00
     8.390000E-01        11     -9.835496E+03      0.000000E+00
     8.395000E-01        11     -9.158165E+03      0.000000E+00
     8.400000E-01        11     -1.062813E+04      0.000000E+00
     8.405000E-01        11     -1.084125E+04      0.000000E+00
     8.410000E-01        11     -1.045313E+04      0.000000E+00
     8.415000E-01        11     -1.094378E+04      0.000000E+00
     8.420000E-01        11     -1.017159E+04      0.000000E+00
     8.425000E-01        11     -1.049969E+04      0.000000E+00
     8.430000E-01        11     -9.710360E+03      0.000000E+00
     8.435000E-01        11     -8.601955E+03      0.000000E+00
     8.440000E-01        11     -7.502838E+03      0.000000E+00
     8.445000E-01        11     -5.824931E+03      0.000000E+00
     8.450000E-01        11     -4.094197E+03      0.000000E+00
     8.455000E-01        11     -1.982717E+03      0.000000E+00
     8.460000E-01        11      1.702782E+05      3.181294E+02
     8.465000E-01        11      1.673674E+05      2.507569E+03
     8.470000E-01        11      1.633101E+05      4.407976E+03
     8.475000E-01        11      1.572926E+05      5.981744E+03
     8.480000E-01        11      1.512822E+05      7.293240E+03
     8.485000E-01        11      1.442028E+05      8.310116E+03
     8.490000E-01        11      1.351622E+05      8.970349E+03
     8.495000E-01        11      1.293626E+05      9.637291E+03
     8.500000E-01        11      1.178783E+05      9.675724E+03
     8.505000E-01        11      1.112405E+05      9.919629E+03
     8.510000E-01        11      1.003957E+05      9.619564E+03
     8.515000E-01        11      9.374435E+04      9.567008E+03
     8.520000E-01        11      8.983664E+04      9.695363E+03
     8.525000E-01        11      7.547098E+04      8.562346E+03
     8.530000E-01        11      7.363916E+04      8.738956E+03
     8.535000E-01        11      6.107593E+04      7.549532E+03
     8.540000E-01        11      6.283132E+04      8.060228E+03
     8.545000E-01        11      6.231814E+04      8.270668E+03
     8.550000E-01        11      5.088901E+04      6.968079E+03
     8.555000E-01        11      5.481547E+04      7.725165E+03
     8.560000E-01        11      5.683030E+04      8.225727E+03
     8.565000E-01        11      4.825957E+04      7.160518E+03
     8.570000E-01        11      5.258494E+04      7.984608E+03
     8.575000E-01        11      4.855998E+04      7.534280E+03
     8.580000E-01        11      5.148390E+04      8.150996E+03
     8.585000E-01        11      5.236486E+04      8.449221E+03
     8.590000E-01        11      5.038805E+04      8.276614E+03
     8.595000E-01        11      5.041025E+04      8.420674E+03
     8.600000E-01        11      4.590132E+04      7.790200E+03
     8.605000E-01        11      4.539821E+04      7.821397E+03
     8.610000E-01        11      4.068093E+04      7.109114E+03
     8.615000E-01        11      3.773652E+04      6.684197E+03
     8.620000E-01        11      3.143069E+04      5.639130E+03
     8.625000E-01        11      2.769448E+04      5.029813E+03
     8.630000E-01        11      2.232768E+04      4.102531E+03
     8.635000E-01        11      1.730939E+04      3.215932E+03
     8.640000E-01        11      1.298607E+04      2.438386E+03
     8.645000E-01        11      9.339964E+03      1.771606E+03
     8.650000E-01        11      6.004231E+03      1.149973E+03
     8.655000E-01        11      3.656247E+03      7.068005E+02
     8.660000E-01        11      1.877460E+03      3.661822E+02
     8.665000E-01        11      7.869288E+02      1.548002E+02
     8.670000E-01        11      1.860566E+02      3.690152E+01
     8.675000E-01        11      6.172319E-01      1.233880E-01
     9.145000E-01        11     -4.870999E+00      0.000000E+00
     9.150000E-01        11     -8.014566E+01      0.000000E+00
     9.155000E-01        11     -1.967904E+02      0.000000E+00
     9.160000E-01        11     -4.831617E+02      0.000000E+00
     9.165000E-01        11     -7.149710E+02      0.000000E+00
     9.170000E-01        11     -1.246948E+03      0.000000E+00
     9.175000E-01        11     -1.859562E+03      0.000000E+00
     9.180000E-01        11     -2.228684E+03      0.000000E+00
     9.185000E-01        11     -3.111857E+03      0.000000E+00
     9.190000E-01        11     -3.974912E+03      0.000000E+00
     9.195000E-01        11     -4.419484E+03      0.000000E+00
     9.200000E-01        11     -5.428990E+03      0.000000E+00
     9.205000E-01        11     -5.927420E+03      0.000000E+00
     9.210000E-01        11     -6.915208E+03      0.000000E+00
     9.215000E-01        11     -7.712760E+03      0.000000E+00
     9.220000E-01        11     -7.934216E+03      0.000000E+00
     9.225000E-01        11     -8.569919E+03      0.000000E+00
     9.230000E-01        11     -8.569120E+03      0.000000E+00
     9.235000E-01        11     -9.196811E+03      0.000000E+00
     9.240000E-01        11     -9.491155E+03      0.000000E+00
     9.245000E-01        11     -9.008939E+03      0.000000E+00
     9.250000E-01        11     -9.285849E+03      0.000000E+00
     9.255000E-01        11     -8.516647E+03      0.000000E+00
     9.260000E-01        11     -9.306800E+03      0.000000E+00
     9.265000E-01        11     -9.399563E+03      0.000000E+00
     9.270000E-01        11     -8.675310E+03      0.000000E+00
     9.275000E-01        11     -9.252275E+03      0.000000E+00
     9.280000E-01        11     -9.966682E+03      0.000000E+00
     9.285000E-01        11     -9.052769E+03      0.000000E+00
     9.290000E-01        11     -9.832711E+03      0.000000E+00
     9.295000E-01        11     -9.442616E+03      0.000000E+00
     9.300000E-01        11     -1.048436E+04      0.000000E+00
     9.305000E-01        11     -1.102089E+04      0.000000E+00
     9.310000E-01        11     -1.049440E+04      0.000000E+00
     9.315000E-01        11     -1.085240E+04      0.000000E+00
     9.320000E-01        11     -1.032440E+04      0.000000E+00
     9.325000E-01        11     -1.036630E+04      0.000000E+00
     9.330000E-01        11     -9.710154E+03      0.000000E+00
     9.335000E-01        11     -8.580955E+03      0.000000E+00
     9.340000E-01        11     -7.405385E+03      0.000000E+00
     9.345000E-01        11     -5.803547E+03      0.000000E+00
     9.350000E-01        11     -4.031612E+03      0.000000E+00
     9.355000E-01        11     -1.938778E+03      0.000000E+00
     9.360000E-01        11      1.690357E+05      3.491734E+02
     9.365000E-01        11      1.665037E+05      2.524668E+03
     9.370000E-01        11      1.617897E+05      4.393718E+03
     9.375000E-01        11      1.562325E+05      5.965239E+03
     9.380000E-01        11      1.509588E+05      7.298904E+03
     9.385000E-01        11      1.422331E+05      8.215165E+03
     9.390000E-01        11      1.356233E+05      9.017389E+03
     9.395000E-01        11      1.284559E+05      9.584250E+03
     9.400000E-01        11      1.171429E+05      9.627721E+03
     9.405000E-01        11      1.125309E+05      1.004581E+04
     9.410000E-01        11      9.936564E+04      9.530070E+03
     9.415000E-01        11      9.485563E+04      9.688675E+03
     9.420000E-01        11      9.064092E+04      9.789591E+03
     9.425000E-01        11      7.530241E+04      8.549043E+03
     9.430000E-01        11      7.557080E+04      8.973709E+03
     9.435000E-01        11      6.138424E+04      7.591885E+03
     9.440000E-01        11      6.374529E+04      8.181650E+03
     9.445000E-01        11      6.379086E+04      8.470088E+03
     9.450000E-01        11      5.111567E+04      7.002133E+03
     9.455000E-01        11      5.602016E+04      7.898092E+03
     9.460000E-01        11      5.771898E+04      8.357447E+03
     9.465000E-01        11      4.849288E+04      7.197612E+03
     9.470000E-01        11      5.360560E+04      8.142201E+03
     9.475000E-01        11      4.886064E+04      7.583206E+03
     9.480000E-01        11      5.160176E+04      8.171957E+03
     9.485000E-01        11      5.304378E+04      8.561032E+03
     9.490000E-01        11      5.012377E+04      8.235257E+03
     9.495000E-01        11      5.078380E+04      8.485067E+03
     9.500000E-01        11      4.604066E+04      7.815586E+03
     9.505000E-01        11      4.526775E+04      7.800561E+03
     9.510000E-01        11      4.092428E+04      7.153066E+03
     9.515000E-01        11      3.764980E+04      6.670100E+03
     9.520000E-01        11      3.144985E+04      5.643584E+03
     9.525000E-01        11      2.776461E+04      5.043414E+03
     9.530000E-01        11      2.227757E+04      4.093993E+03
     9.535000E-01        11      1.729972E+04      3.214636E+03
     9.540000E-01        11      1.301212E+04      2.443642E+03
     9.545000E-01        11      9.288201E+03      1.762039E+03
     9.550000E-01        11      6.009573E+03      1.151153E+03
     9.555000E-01        11      3.644583E+03      7.046378E+02
     9.560000E-01        11      1.860533E+03      3.629262E+02
     9.565000E-01        11      7.831329E+02      1.540721E+02
     9.570000E-01        11      1.812885E+02      3.596000E+01
     9.575000E-01        11      3.630542E-01      7.258459E-02
