     2.810000E-01        15     -8.586722E+00      0.000000E+00
     2.815000E-01        15     -9.750068E+01      0.000000E+00
     2.820000E-01        15     -2.556331E+02      0.000000E+00
     2.825000E-01        15     -4.495326E+02      0.000000E+00
     2.830000E-01        15     -8.849497E+02      0.000000E+00
     2.835000E-01        15     -1.156931E+03      0.000000E+00
     2.840000E-01        15     -1.503313E+03      0.000000E+00
     2.845000E-01        15     -2.351882E+03      0.000000E+00
     2.850000E-01        15     -2.600268E+03      0.000000E+00
     2.855000E-01        15     -3.686507E+03      0.000000E+00
     2.860000E-01        15     -3.817951E+03      0.000000E+00
     2.865000E-01        15     -4.189960E+03      0.000000E+00
     2.870000E-01        15     -5.530891E+03      0.000000E+00
     2.875000E-01        15     -5.399391E+03      0.000000E+00
     2.880000E-01        15     -6.833086E+03      0.000000E+00
     2.885000E-01        15     -6.293115E+03      0.000000E+00
     2.890000E-01        15     -6.514266E+03      0.000000E+00
     2.895000E-01        15     -7.665603E+03      0.000000E+00
     2.900000E-01        15     -7.113295E+03      0.000000E+00
     2.905000E-01        15     -8.541328E+03      0.000000E+00
     2.910000E-01        15     -7.516074E+03      0.000000E+00
     2.915000E-01        15     -7.882291E+03      0.000000E+00
     2.920000E-01        15     -8.935061E+03      0.000000E+00
     2.925000E-01        15     -8.504356E+03      0.000000E+00
     2.930000E-01        15     -9.082692E+03      0.000000E+00
     2.935000E-01        15     -1.018425E+04      0.000000E+00
     2.940000E-01        15     -1.045865E+04      0.000000E+00
     2.945000E-01        15     -1.232326E+04      0.000000E+00
     2.950000E-01        15     -1.161240E+04      0.000000E+00
     2.955000E-01        15     -1.226258E+04      0.000000E+00
     2.960000E-01        15     -1.406875E+04      0.000000E+00
     2.965000E-01        15     -1.343795E+04      0.000000E+00
     2.970000E-01        15     -1.568186E+04      0.000000E+00
     2.975000E-01        15     -1.357946E+04      0.000000E+00
     2.980000E-01        15     -1.302525E+04      0.000000E+00
     2.985000E-01        15     -1.424182E+04      0.000000E+00
     2.990000E-01        15     -1.177803E+04      0.000000E+00
     2.995000E-01        15     -1.239795E+04      0.000000E+00
     3.000000E-01        15     -9.087756E+03      0.000000E+00
     3.005000E-01        15     -7.050753E+03      0.000000E+00
     3.010000E-01        15     -6.261342E+03      0.000000E+00
     3.015000E-01        15     -3.447530E+03      0.000000E+00
     3.020000E-01        15     -1.388219E+03      0.000000E+00
     3.025000E-01        15      1.572172E+05      5.362326E+02
     3.030000E-01        15      1.299221E+05      2.129750E+03
     3.035000E-01        15      1.387518E+05      3.924661E+03
     3.040000E-01        15      1.120305E+05      4.393963E+03
     3.045000E-01        15      8.929195E+04      4.403040E+03
     3.050000E-01        15      1.090249E+05      6.394141E+03
     3.055000E-01        15      8.554452E+04      5.758480E+03
     3.060000E-01        15      9.672504E+04      7.291312E+03
     3.065000E-01        15      8.374055E+04      6.942727E+03
     3.070000E-01        15      7.669193E+04      6.898085E+03
     3.075000E-01        15      8.816275E+04      8.511338E+03
     3.080000E-01        15      8.158912E+04      8.382091E+03
     3.085000E-01        15      9.080245E+04      9.857840E+03
     3.090000E-01        15      7.991537E+04      9.114929E+03
     3.095000E-01        15      8.122083E+04      9.685132E+03
     3.100000E-01        15      8.995378E+04      1.116777E+04
     3.105000E-01        15      8.609655E+04      1.108893E+04
     3.110000E-01        15      7.848218E+04      1.045411E+04
     3.115000E-01        15      8.603814E+04      1.182074E+04
     3.120000E-01        15      8.099685E+04      1.145057E+04
     3.125000E-01        15      7.981438E+04      1.158596E+04
     3.130000E-01        15      7.338750E+04      1.091823E+04
     3.135000E-01        15      6.568949E+04      9.999519E+03
     3.140000E-01        15      6.742239E+04      1.048547E+04
     3.145000E-01        15      5.758484E+04      9.137019E+03
     3.150000E-01        15      5.609767E+04      9.070287E+03
     3.155000E-01        15      4.641052E+04      7.638158E+03
     3.160000E-01        15      4.150259E+04      6.945481E+03
     3.165000E-01        15      3.906391E+04      6.641321E+03
     3.170000E-01        15      3.271034E+04      5.644764E+03
     3.175000E-01        15      3.259176E+04      5.704407E+03
     3.180000E-01        15      2.505903E+04      4.445244E+03
     3.185000E-01        15      2.120968E+04      3.810698E+03
     3.190000E-01        15      1.965548E+04      3.574582E+03
     3.195000E-01        15      1.483430E+04      2.729173E+03
     3.200000E-01        15      1.220210E+04      2.269814E+03
     3.205000E-01        15      9.720903E+03      1.827419E+03
     3.210000E-01        15      6.858281E+03      1.302333E+03
     3.215000E-01        15      5.368108E+03      1.029238E+03
     3.220000E-01        15      3.123434E+03      6.044198E+02
     3.225000E-01        15      1.711952E+03      3.342297E+02
     3.230000E-01        15      7.747796E+02      1.525542E+02
     3.235000E-01        15      1.787836E+02      3.549121E+01
     3.710000E-01        15     -9.196813E+00      0.000000E+00
     3.715000E-01        15     -1.000449E+02      0.000000E+00
     3.720000E-01        15     -2.596000E+02      0.000000E+00
     3.725000E-01        15     -4.559301E+02      0.000000E+00
     3.730000E-01        15     -8.950633E+02      0.000000E+00
     3.735000E-01        15     -1.165372E+03      0.000000E+00
     3.740000E-01        15     -1.524286E+03      0.000000E+00
     3.745000E-01        15     -2.360893E+03      0.000000E+00
     3.750000E-01        15     -2.628196E+03      0.000000E+00
     3.755000E-01        15     -3.709707E+03      0.000000E+00
     3.760000E-01        15     -3.832190E+03      0.000000E+00
     3.765000E-01        15     -4.241213E+03      0.000000E+00
     3.770000E-01        15     -5.525010E+03      0.000000E+00
     3.775000E-01        15     -5.467259E+03      0.000000E+00
     3.780000E-01        15     -6.845012E+03      0.000000E+00
     3.785000E-01        15     -6.318676E+03      0.000000E+00
     3.790000E-01        15     -6.590727E+03      0.000000E+00
     3.795000E-01        15     -7.632134E+03      0.000000E+00
     3.800000E-01        15     -7.224814E+03      0.000000E+00
     3.805000E-01        15     -8.532175E+03      0.000000E+00
     3.810000E-01        15     -7.570095E+03      0.000000E+00
     3.815000E-01        15     -7.979492E+03      0.000000E+00
     3.820000E-01        15     -8.916696E+03      0.000000E+00
     3.825000E-01        15     -8.656405E+03      0.000000E+00
     3.830000E-01        15     -9.100123E+03      0.000000E+00
     3.835000E-01        15     -1.027762E+04      0.000000E+00
     3.840000E-01        15     -1.060284E+04      0.000000E+00
     3.845000E-01        15     -1.234482E+04      0.000000E+00
     3.850000E-01        15     -1.181401E+04      0.000000E+00
     3.855000E-01        15     -1.233982E+04      0.000000E+00
     3.860000E-01        15     -1.419161E+04      0.000000E+00
     3.865000E-01        15     -1.362520E+04      0.000000E+00
     3.870000E-01        15     -1.573511E+04      0.000000E+00
     3.875000E-01        15     -1.377150E+04      0.000000E+00
     3.880000E-01        15     -1.311825E+04      0.000000E+00
     3.885000E-01        15     -1.434086E+04      0.000000E+00
     3.890000E-01        15     -1.190731E+04      0.000000E+00
     3.895000E-01        15     -1.243838E+04      0.000000E+00
     3.900000E-01        15     -9.169145E+03      0.000000E+00
     3.905000E-01        15     -7.085468E+03      0.000000E+00
     3.910000E-01        15     -6.274687E+03      0.000000E+00
     3.915000E-01        15     -3.450286E+03      0.000000E+00
     3.920000E-01        15     -1.370628E+03      0.000000E+00
     3.925000E-01        15      1.580375E+05      5.699031E+02
     3.930000E-01        15      1.303478E+05      2.160012E+03
     3.935000E-01        15      1.392708E+05      3.962178E+03
     3.940000E-01        15      1.119318E+05      4.407001E+03
     3.945000E-01        15      8.969612E+04      4.435490E+03
     3.950000E-01        15      1.086964E+05      6.388937E+03
     3.955000E-01        15      8.536254E+04      5.756495E+03
     3.960000E-01        15      9.660981E+04      7.293452E+03
     3.965000E-01        15      8.295973E+04      6.886676E+03
     3.970000E-01        15      7.698875E+04      6.932328E+03
     3.975000E-01        15      8.728149E+04      8.434285E+03
     3.980000E-01        15      8.170604E+04      8.401166E+03
     3.985000E-01        15      9.074227E+04      9.858693E+03
     3.990000E-01        15      7.936076E+04      9.057767E+03
     3.995000E-01        15      8.233967E+04      9.824524E+03
     4.000000E-01        15      8.917459E+04      1.107716E+04
     4.005000E-01        15      8.731964E+04      1.125214E+04
     4.010000E-01        15      7.888786E+04      1.051302E+04
     4.015000E-01        15      8.610339E+04      1.183476E+04
     4.020000E-01        15      8.287300E+04      1.172044E+04
     4.025000E-01        15      7.920272E+04      1.150139E+04
     4.030000E-01        15      7.514509E+04      1.118353E+04
     4.035000E-01        15      6.591238E+04      1.003665E+04
     4.040000E-01        15      6.774271E+04      1.053843E+04
     4.045000E-01        15      5.885265E+04      9.340794E+03
     4.050000E-01        15      5.556914E+04      8.987193E+03
     4.055000E-01        15      4.744666E+04      7.810618E+03
     4.060000E-01        15      4.133563E+04      6.919157E+03
     4.065000E-01        15      3.912777E+04      6.653648E+03
     4.070000E-01        15      3.308650E+04      5.710871E+03
     4.075000E-01        15      3.217140E+04      5.631949E+03
     4.080000E-01        15      2.531635E+04      4.491734E+03
     4.085000E-01        15      2.094969E+04      3.764660E+03
     4.090000E-01        15      1.955572E+04      3.557046E+03
     4.095000E-01        15      1.480772E+04      2.724726E+03
     4.100000E-01        15      1.200514E+04      2.233521E+03
     4.105000E-01        15      9.715634E+03      1.826700E+03
     4.110000E-01        15      6.753081E+03      1.282539E+03
     4.115000E-01        15      5.322484E+03      1.020629E+03
     4.120000E-01        15      3.090620E+03      5.981477E+02
     4.125000E-01        15      1.682439E+03      3.285089E+02
     4.130000E-01        15      7.631706E+02      1.502864E+02
     4.135000E-01        15      1.726944E+02      3.428637E+01
     9.110000E-01        15     -1.285852E+01      0.000000E+00
     9.115000E-01        15     -1.114570E+02      0.000000E+00
     9.120000E-01        15     -2.769076E+02      0.000000E+00
     9.125000E-01        15     -4.759399E+02      0.000000E+00
     9.130000E-01        15     -9.313686E+02      0.000000E+00
     9.135000E-01        15     -1.195161E+03      0.000000E+00
     9.140000E-01        15     -1.896644E+03      0.000000E+00
     9.145000E-01        15     -2.178356E+03      0.000000E+00
     9.150000E-01        15     -2.560707E+03      0.000000E+00
     9.155000E-01        15     -3.687372E+03      0.000000E+00
     9.160000E-01        15     -3.810094E+03      0.000000E+00
     9.165000E-01        15     -5.090457E+03      0.000000E+00
     9.170000E-01        15     -4.998563E+03      0.000000E+00
     9.175000E-01        15     -5.260289E+03      0.000000E+00
     9.180000E-01        15     -6.602985E+03      0.000000E+00
     9.185000E-01        15     -6.263874E+03      0.000000E+00
     9.190000E-01        15     -6.459353E+03      0.000000E+00
     9.195000E-01        15     -7.560473E+03      0.000000E+00
     9.200000E-01        15     -7.240606E+03      0.000000E+00
     9.205000E-01        15     -8.475075E+03      0.000000E+00
     9.210000E-01        15     -7.622299E+03      0.000000E+00
     9.215000E-01        15     -8.004395E+03      0.000000E+00
     9.220000E-01        15     -8.957430E+03      0.000000E+00
     9.225000E-01        15     -8.718910E+03      0.000000E+00
     9.230000E-01        15     -1.048430E+04      0.000000E+00
     9.235000E-01        15     -9.602214E+03      0.000000E+00
     9.240000E-01        15     -1.041603E+04      0.000000E+00
     9.245000E-01        15     -1.201714E+04      0.000000E+00
     9.250000E-01        15     -1.170543E+04      0.000000E+00
     9.255000E-01        15     -1.428281E+04      0.000000E+00
     9.260000E-01        15     -1.286020E+04      0.000000E+00
     9.265000E-01        15     -1.317327E+04      0.000000E+00
     9.270000E-01        15     -1.510433E+04      0.000000E+00
     9.275000E-01        15     -1.347870E+04      0.000000E+00
     9.280000E-01        15     -1.281034E+04      0.000000E+00
     9.285000E-01        15     -1.396729E+04      0.000000E+00
     9.290000E-01        15     -1.173771E+04      0.000000E+00
     9.295000E-01        15     -1.214757E+04      0.000000E+00
     9.300000E-01        15     -8.967143E+03      0.000000E+00
     9.305000E-01        15     -6.918955E+03      0.000000E+00
     9.310000E-01        15     -6.057550E+03      0.000000E+00
     9.315000E-01        15     -3.288472E+03      0.000000E+00
     9.320000E-01        15     -1.544331E+03      0.000000E+00
     9.325000E-01        15      1.358509E+05      6.483943E+02
     9.330000E-01        15      1.223307E+05      2.157694E+03
     9.335000E-01        15      1.359393E+05      4.000570E+03
     9.340000E-01        15      1.081228E+05      4.354616E+03
     9.345000E-01        15      1.154053E+05      5.803089E+03
     9.350000E-01        15      9.194736E+04      5.475572E+03
     9.355000E-01        15      7.866789E+04      5.361592E+03
     9.360000E-01        15      9.265209E+04      7.056749E+03
     9.365000E-01        15      8.130372E+04      6.800100E+03
     9.370000E-01        15      7.425445E+04      6.729644E+03
     9.375000E-01        15      8.723106E+04      8.477385E+03
     9.380000E-01        15      8.114828E+04      8.385771E+03
     9.385000E-01        15      8.988379E+04      9.809196E+03
     9.390000E-01        15      8.092566E+04      9.273559E+03
     9.395000E-01        15      8.080663E+04      9.676696E+03
     9.400000E-01        15      9.068061E+04      1.130150E+04
     9.405000E-01        15      8.680585E+04      1.121976E+04
     9.410000E-01        15      9.160192E+04      1.224125E+04
     9.415000E-01        15      8.062656E+04      1.111033E+04
     9.420000E-01        15      7.890307E+04      1.118538E+04
     9.425000E-01        15      7.727757E+04      1.124646E+04
     9.430000E-01        15      7.336442E+04      1.094083E+04
     9.435000E-01        15      7.072920E+04      1.079066E+04
     9.440000E-01        15      6.368336E+04      9.924616E+03
     9.445000E-01        15      5.657428E+04      8.994212E+03
     9.450000E-01        15      5.366656E+04      8.693143E+03
     9.455000E-01        15      4.635973E+04      7.642996E+03
     9.460000E-01        15      4.044357E+04      6.779301E+03
     9.465000E-01        15      3.828272E+04      6.518553E+03
     9.470000E-01        15      3.272029E+04      5.654730E+03
     9.475000E-01        15      3.167736E+04      5.552043E+03
     9.480000E-01        15      2.500637E+04      4.441738E+03
     9.485000E-01        15      2.088150E+04      3.756429E+03
     9.490000E-01        15      1.923041E+04      3.501445E+03
     9.495000E-01        15      1.476377E+04      2.719284E+03
     9.500000E-01        15      1.306176E+04      2.432361E+03
     9.505000E-01        15      9.018597E+03      1.697151E+03
     9.510000E-01        15      6.537883E+03      1.242723E+03
     9.515000E-01        15      5.081019E+03      9.751185E+02
     9.520000E-01        15      2.973042E+03      5.758408E+02
     9.525000E-01        15      1.674945E+03      3.272902E+02
     9.530000E-01        15      6.734536E+02      1.327143E+02
     9.535000E-01        15      1.411787E+02      2.804867E+01
     1.001000E+00        15     -1.361917E+01      0.000000E+00
     1.001500E+00        15     -1.142010E+02      0.000000E+00
     1.002000E+00        15     -2.808584E+02      0.000000E+00
     1.002500E+00        15     -4.839172E+02      0.000000E+00
     1.003000E+00        15     -9.383642E+02      0.000000E+00
     1.003500E+00        15     -1.208999E+03      0.000000E+00
     1.004000E+00        15     -1.914264E+03      0.000000E+00
     1.004500E+00        15     -2.187865E+03      0.000000E+00
     1.005000E+00        15     -2.595282E+03      0.000000E+00
     1.005500E+00        15     -3.694036E+03      0.000000E+00
     1.006000E+00        15     -3.849601E+03      0.000000E+00
     1.006500E+00        15     -5.126798E+03      0.000000E+00
     1.007000E+00        15     -5.006362E+03      0.000000E+00
     1.007500E+00        15     -5.338142E+03      0.000000E+00
     1.008000E+00        15     -6.592374E+03      0.000000E+00
     1.008500E+00        15     -6.326818E+03      0.000000E+00
     1.009000E+00        15     -7.664043E+03      0.000000E+00
     1.009500E+00        15     -6.892025E+03      0.000000E+00
     1.010000E+00        15     -7.135759E+03      0.000000E+00
     1.010500E+00        15     -8.062325E+03      0.000000E+00
     1.011000E+00        15     -7.676598E+03      0.000000E+00
     1.011500E+00        15     -7.870007E+03      0.000000E+00
     1.012000E+00        15     -8.808482E+03      0.000000E+00
     1.012500E+00        15     -8.935968E+03      0.000000E+00
     1.013000E+00        15     -1.025322E+04      0.000000E+00
     1.013500E+00        15     -9.866831E+03      0.000000E+00
     1.014000E+00        15     -1.044467E+04      0.000000E+00
     1.014500E+00        15     -1.206795E+04      0.000000E+00
     1.015000E+00        15     -1.202506E+04      0.000000E+00
     1.015500E+00        15     -1.426382E+04      0.000000E+00
     1.016000E+00        15     -1.316764E+04      0.000000E+00
     1.016500E+00        15     -1.333428E+04      0.000000E+00
     1.017000E+00        15     -1.522344E+04      0.000000E+00
     1.017500E+00        15     -1.376707E+04      0.000000E+00
     1.018000E+00        15     -1.553622E+04      0.000000E+00
     1.018500E+00        15     -1.278141E+04      0.000000E+00
     1.019000E+00        15     -1.142157E+04      0.000000E+00
     1.019500E+00        15     -1.188694E+04      0.000000E+00
     1.020000E+00        15     -8.925693E+03      0.000000E+00
     1.020500E+00        15     -6.834207E+03      0.000000E+00
     1.021000E+00        15     -6.006297E+03      0.000000E+00
     1.021500E+00        15     -3.269360E+03      0.000000E+00
     1.022000E+00        15     -1.509276E+03      0.000000E+00
     1.022500E+00        15      1.361750E+05      6.762996E+02
     1.023000E+00        15      1.228132E+05      2.187949E+03
     1.023500E+00        15      1.366750E+05      4.044444E+03
     1.024000E+00        15      1.079630E+05      4.364357E+03
     1.024500E+00        15      1.167487E+05      5.886808E+03
     1.025000E+00        15      9.194987E+04      5.487529E+03
     1.025500E+00        15      7.914264E+04      5.403397E+03
     1.026000E+00        15      9.370296E+04      7.147215E+03
     1.026500E+00        15      8.070232E+04      6.758192E+03
     1.027000E+00        15      8.767446E+04      7.954430E+03
     1.027500E+00        15      8.051326E+04      7.831885E+03
     1.028000E+00        15      7.951345E+04      8.223661E+03
     1.028500E+00        15      8.812763E+04      9.624674E+03
     1.029000E+00        15      8.043359E+04      9.223312E+03
     1.029500E+00        15      8.070291E+04      9.670099E+03
     1.030000E+00        15      8.979332E+04      1.119706E+04
     1.030500E+00        15      8.825899E+04      1.141329E+04
     1.031000E+00        15      9.070922E+04      1.212753E+04
     1.031500E+00        15      8.212172E+04      1.132116E+04
     1.032000E+00        15      7.937718E+04      1.125701E+04
     1.032500E+00        15      7.743295E+04      1.127318E+04
     1.033000E+00        15      7.524242E+04      1.122471E+04
     1.033500E+00        15      7.017830E+04      1.071000E+04
     1.034000E+00        15      6.527056E+04      1.017498E+04
     1.034500E+00        15      5.673398E+04      9.022107E+03
     1.035000E+00        15      5.388540E+04      8.730871E+03
     1.035500E+00        15      4.732727E+04      7.804429E+03
     1.036000E+00        15      4.412313E+04      7.397800E+03
     1.036500E+00        15      3.703869E+04      6.308111E+03
     1.037000E+00        15      3.194759E+04      5.522339E+03
     1.037500E+00        15      3.096680E+04      5.428576E+03
     1.038000E+00        15      2.504619E+04      4.449644E+03
     1.038500E+00        15      2.031336E+04      3.654876E+03
     1.039000E+00        15      1.918590E+04      3.493934E+03
     1.039500E+00        15      1.456841E+04      2.683735E+03
     1.040000E+00        15      1.289150E+04      2.401025E+03
     1.040500E+00        15      8.994822E+03      1.692927E+03
     1.041000E+00        15      6.423843E+03      1.221219E+03
     1.041500E+00        15      5.056730E+03      9.705884E+02
     1.042000E+00        15      2.937471E+03      5.690249E+02
     1.042500E+00        15      1.654911E+03      3.234157E+02
     1.043000E+00        15      6.639095E+02      1.308491E+02
     1.043500E+00        15      1.363482E+02      2.709208E+01
