     5.000000E-04         2      0.000000E+00      0.000000E+00
     1.000000E-03         2      0.000000E+00      0.000000E+00
     1.500000E-03         2      0.000000E+00      0.000000E+00
     2.000000E-03         2      0.000000E+00      0.000000E+00
     2.500000E-03         2      0.000000E+00      0.000000E+00
     3.000000E-03         2      0.000000E+00      0.000000E+00
     3.500000E-03         2     -2.309770E+02      0.000000E+00
     4.000000E-03         2     -6.186802E+02      0.000000E+00
     4.500000E-03         2     -1.156886E+03      0.000000E+00
     5.000000E-03         2     -1.894008E+03      0.000000E+00
     5.500000E-03         2     -2.964728E+03      0.000000E+00
     6.000000E-03         2     -4.065023E+03      0.000000E+00
     6.500000E-03         2     -5.520364E+03      0.000000E+00
     7.000000E-03         2     -6.816535E+03      0.000000E+00
     7.500000E-03         2     -8.215181E+03      0.000000E+00
     8.000000E-03         2     -9.961125E+03      0.000000E+00
     8.500000E-03         2     -1.119390E+04      0.000000E+00
     9.000000E-03         2     -1.298347E+04      0.000000E+00
     9.500000E-03         2     -1.369506E+04      0.000000E+00
     1.000000E-02         2     -1.454049E+04      0.000000E+00
     1.050000E-02         2     -1.583852E+04      0.000000E+00
     1.100000E-02         2     -1.587033E+04      0.000000E+00
     1.150000E-02         2     -1.586485E+04      0.000000E+00
     1.200000E-02         2     -1.656756E+04      0.000000E+00
     1.250000E-02         2     -1.584067E+04      0.000000E+00
     1.300000E-02         2     -1.626463E+04      0.000000E+00
     1.350000E-02         2     -1.459216E+04      0.000000E+00
     1.400000E-02         2     -1.378603E+04      0.000000E+00
     1.450000E-02         2     -1.349908E+04      0.000000E+00
     1.500000E-02         2     -1.202901E+04      0.000000E+00
     1.550000E-02         2     -1.197213E+04      0.000000E+00
     1.600000E-02         2     -1.001200E+04      0.000000E+00
     1.650000E-02         2     -9.284714E+03      0.000000E+00
     1.700000E-02         2     -8.950851E+03      0.000000E+00
     1.750000E-02         2     -7.754877E+03      0.000000E+00
     1.800000E-02         2     -7.778780E+03      0.000000E+00
     1.850000E-02         2     -6.402315E+03      0.000000E+00
     1.900000E-02         2     -5.732814E+03      0.000000E+00
     1.950000E-02         2     -5.399795E+03      0.000000E+00
     2.000000E-02         2     -4.145341E+03      0.000000E+00
     2.050000E-02         2     -3.057254E+03      0.000000E+00
     2.100000E-02         2     -1.965350E+03      0.000000E+00
     2.150000E-02         2     -3.276924E+02      0.000000E+00
     2.200000E-02         2      1.334989E+05      1.436413E+03
     2.250000E-02         2      1.275948E+05      2.949930E+03
     2.300000E-02         2      1.249671E+05      4.307151E+03
     2.350000E-02         2      1.341476E+05      6.025865E+03
     2.400000E-02         2      1.261467E+05      6.885233E+03
     2.450000E-02         2      1.272936E+05      8.087914E+03
     2.500000E-02         2      1.207607E+05      8.678239E+03
     2.550000E-02         2      1.144075E+05      9.109400E+03
     2.600000E-02         2      1.113081E+05      9.669479E+03
     2.650000E-02         2      1.061382E+05      9.940737E+03
     2.700000E-02         2      9.824421E+04      9.827040E+03
     2.750000E-02         2      9.553769E+04      1.012829E+04
     2.800000E-02         2      9.134426E+04      1.019881E+04
     2.850000E-02         2      8.332153E+04      9.746347E+03
     2.900000E-02         2      8.294649E+04      1.011953E+04
     2.950000E-02         2      7.961545E+04      1.009204E+04
     3.000000E-02         2      7.282010E+04      9.559174E+03
     3.050000E-02         2      7.259315E+04      9.840246E+03
     3.100000E-02         2      6.450159E+04      9.005947E+03
     3.150000E-02         2      6.628205E+04      9.511296E+03
     3.200000E-02         2      6.331239E+04      9.318841E+03
     3.250000E-02         2      5.574425E+04      8.401168E+03
     3.300000E-02         2      5.548871E+04      8.549224E+03
     3.350000E-02         2      4.602007E+04      7.238292E+03
     3.400000E-02         2      4.736309E+04      7.595202E+03
     3.450000E-02         2      4.381007E+04      7.154494E+03
     3.500000E-02         2      3.572004E+04      5.934213E+03
     3.550000E-02         2      3.537839E+04      5.973323E+03
     3.600000E-02         2      2.713257E+04      4.651697E+03
     3.650000E-02         2      2.820530E+04      4.906151E+03
     3.700000E-02         2      2.537768E+04      4.475349E+03
     3.750000E-02         2      1.996630E+04      3.567285E+03
     3.800000E-02         2      1.932878E+04      3.496492E+03
     3.850000E-02         2      1.681564E+04      3.078027E+03
     3.900000E-02         2      1.328669E+04      2.459619E+03
     3.950000E-02         2      1.152307E+04      2.156201E+03
     4.000000E-02         2      8.743923E+03      1.653067E+03
     4.050000E-02         2      7.023678E+03      1.340967E+03
     4.100000E-02         2      4.905172E+03      9.453584E+02
     4.150000E-02         2      3.078191E+03      5.986279E+02
     4.200000E-02         2      1.609866E+03      3.157993E+02
     4.250000E-02         2      5.734796E+02      1.134358E+02
     4.300000E-02         2      4.643160E+01      9.257979E+00
     9.000000E-02         2      0.000000E+00      0.000000E+00
     9.050000E-02         2      0.000000E+00      0.000000E+00
     9.100000E-02         2      0.000000E+00      0.000000E+00
     9.150000E-02         2      0.000000E+00      0.000000E+00
     9.200000E-02         2      0.000000E+00      0.000000E+00
     9.250000E-02         2      0.000000E+00      0.000000E+00
     9.300000E-02         2      0.000000E+00      0.000000E+00
     9.350000E-02         2      0.000000E+00      0.000000E+00
     9.400000E-02         2      0.000000E+00      0.000000E+00
     9.450000E-02         2     -2.461033E+02      0.000000E+00
     9.500000E-02         2     -8.490542E+02      0.000000E+00
     9.550000E-02         2     -1.840939E+03      0.000000E+00
     9.600000E-02         2     -2.991410E+03      0.000000E+00
     9.650000E-02         2     -4.361209E+03      0.000000E+00
     9.700000E-02         2     -5.829951E+03      0.000000E+00
     9.750000E-02         2     -7.313907E+03      0.000000E+00
     9.800000E-02         2     -9.192380E+03      0.000000E+00
     9.850000E-02         2     -1.072699E+04      0.000000E+00
     9.900000E-02         2     -1.261383E+04      0.000000E+00
     9.950000E-02         2     -1.365906E+04      0.000000E+00
     1.000000E-01         2     -1.467089E+04      0.000000E+00
     1.005000E-01         2     -1.617148E+04      0.000000E+00
     1.010000E-01         2     -1.641753E+04      0.000000E+00
     1.015000E-01         2     -1.650315E+04      0.000000E+00
     1.020000E-01         2     -1.734785E+04      0.000000E+00
     1.025000E-01         2     -1.666960E+04      0.000000E+00
     1.030000E-01         2     -1.713549E+04      0.000000E+00
     1.035000E-01         2     -1.543353E+04      0.000000E+00
     1.040000E-01         2     -1.466697E+04      0.000000E+00
     1.045000E-01         2     -1.422346E+04      0.000000E+00
     1.050000E-01         2     -1.278111E+04      0.000000E+00
     1.055000E-01         2     -1.259004E+04      0.000000E+00
     1.060000E-01         2     -1.052077E+04      0.000000E+00
     1.065000E-01         2     -9.800670E+03      0.000000E+00
     1.070000E-01         2     -9.253750E+03      0.000000E+00
     1.075000E-01         2     -8.080764E+03      0.000000E+00
     1.080000E-01         2     -7.987465E+03      0.000000E+00
     1.085000E-01         2     -6.521119E+03      0.000000E+00
     1.090000E-01         2     -5.859151E+03      0.000000E+00
     1.095000E-01         2     -5.417831E+03      0.000000E+00
     1.100000E-01         2     -4.165472E+03      0.000000E+00
     1.105000E-01         2     -3.046507E+03      0.000000E+00
     1.110000E-01         2     -1.935967E+03      0.000000E+00
     1.115000E-01         2     -3.023768E+02      0.000000E+00
     1.120000E-01         2      1.324405E+05      1.449631E+03
     1.125000E-01         2      1.260974E+05      2.936781E+03
     1.130000E-01         2      1.231347E+05      4.263278E+03
     1.135000E-01         2      1.324681E+05      5.969566E+03
     1.140000E-01         2      1.236251E+05      6.764140E+03
     1.145000E-01         2      1.252772E+05      7.975353E+03
     1.150000E-01         2      1.186276E+05      8.538665E+03
     1.155000E-01         2      1.118678E+05      8.919256E+03
     1.160000E-01         2      1.098186E+05      9.551158E+03
     1.165000E-01         2      1.040341E+05      9.753506E+03
     1.170000E-01         2      9.679862E+04      9.691041E+03
     1.175000E-01         2      9.465405E+04      1.004253E+04
     1.180000E-01         2      9.013208E+04      1.007057E+04
     1.185000E-01         2      8.315967E+04      9.733602E+03
     1.190000E-01         2      8.274928E+04      1.010130E+04
     1.195000E-01         2      7.965339E+04      1.010216E+04
     1.200000E-01         2      7.361697E+04      9.668436E+03
     1.205000E-01         2      7.315463E+04      9.920751E+03
     1.210000E-01         2      6.551747E+04      9.151532E+03
     1.215000E-01         2      6.744023E+04      9.681161E+03
     1.220000E-01         2      6.422169E+04      9.456011E+03
     1.225000E-01         2      5.704147E+04      8.599494E+03
     1.230000E-01         2      5.644665E+04      8.699486E+03
     1.235000E-01         2      4.689399E+04      7.377870E+03
     1.240000E-01         2      4.829760E+04      7.747153E+03
     1.245000E-01         2      4.428395E+04      7.233719E+03
     1.250000E-01         2      3.630128E+04      6.032221E+03
     1.255000E-01         2      3.569880E+04      6.028786E+03
     1.260000E-01         2      2.729350E+04      4.680289E+03
     1.265000E-01         2      2.839012E+04      4.939301E+03
     1.270000E-01         2      2.532837E+04      4.467515E+03
     1.275000E-01         2      1.994771E+04      3.564616E+03
     1.280000E-01         2      1.925439E+04      3.483643E+03
     1.285000E-01         2      1.668615E+04      3.054832E+03
     1.290000E-01         2      1.321009E+04      2.445827E+03
     1.295000E-01         2      1.142140E+04      2.137502E+03
     1.300000E-01         2      8.667796E+03      1.638912E+03
     1.305000E-01         2      6.967510E+03      1.330428E+03
     1.310000E-01         2      4.858856E+03      9.365563E+02
     1.315000E-01         2      3.048690E+03      5.929662E+02
     1.320000E-01         2      1.590111E+03      3.119623E+02
     1.325000E-01         2      5.620262E+02      1.111834E+02
     1.330000E-01         2      4.315865E+01      8.606358E+00
     6.300000E-01         2      0.000000E+00      0.000000E+00
     6.305000E-01         2      0.000000E+00      0.000000E+00
     6.310000E-01         2      0.000000E+00      0.000000E+00
     6.315000E-01         2      0.000000E+00      0.000000E+00
     6.320000E-01         2      0.000000E+00      0.000000E+00
     6.325000E-01         2      0.000000E+00      0.000000E+00
     6.330000E-01         2     -7.694838E+01      0.000000E+00
     6.335000E-01         2     -3.862088E+02      0.000000E+00
     6.340000E-01         2     -9.271651E+02      0.000000E+00
     6.345000E-01         2     -1.594585E+03      0.000000E+00
     6.350000E-01         2     -2.537870E+03      0.000000E+00
     6.355000E-01         2     -3.550530E+03      0.000000E+00
     6.360000E-01         2     -4.726198E+03      0.000000E+00
     6.365000E-01         2     -6.194458E+03      0.000000E+00
     6.370000E-01         2     -7.511949E+03      0.000000E+00
     6.375000E-01         2     -8.844225E+03      0.000000E+00
     6.380000E-01         2     -1.053371E+04      0.000000E+00
     6.385000E-01         2     -1.166514E+04      0.000000E+00
     6.390000E-01         2     -1.332743E+04      0.000000E+00
     6.395000E-01         2     -1.391785E+04      0.000000E+00
     6.400000E-01         2     -1.461376E+04      0.000000E+00
     6.405000E-01         2     -1.577358E+04      0.000000E+00
     6.410000E-01         2     -1.569204E+04      0.000000E+00
     6.415000E-01         2     -1.669770E+04      0.000000E+00
     6.420000E-01         2     -1.561089E+04      0.000000E+00
     6.425000E-01         2     -1.523904E+04      0.000000E+00
     6.430000E-01         2     -1.535011E+04      0.000000E+00
     6.435000E-01         2     -1.408709E+04      0.000000E+00
     6.440000E-01         2     -1.430213E+04      0.000000E+00
     6.445000E-01         2     -1.223841E+04      0.000000E+00
     6.450000E-01         2     -1.148165E+04      0.000000E+00
     6.455000E-01         2     -1.107814E+04      0.000000E+00
     6.460000E-01         2     -9.722807E+03      0.000000E+00
     6.465000E-01         2     -8.843804E+03      0.000000E+00
     6.470000E-01         2     -8.594622E+03      0.000000E+00
     6.475000E-01         2     -7.689668E+03      0.000000E+00
     6.480000E-01         2     -7.520742E+03      0.000000E+00
     6.485000E-01         2     -6.377883E+03      0.000000E+00
     6.490000E-01         2     -5.678716E+03      0.000000E+00
     6.495000E-01         2     -5.314049E+03      0.000000E+00
     6.500000E-01         2     -4.122262E+03      0.000000E+00
     6.505000E-01         2     -3.284850E+03      0.000000E+00
     6.510000E-01         2     -1.732192E+03      0.000000E+00
     6.515000E-01         2     -1.599509E+02      0.000000E+00
     6.520000E-01         2      1.345189E+05      1.621664E+03
     6.525000E-01         2      1.281405E+05      3.114704E+03
     6.530000E-01         2      1.362892E+05      4.846248E+03
     6.535000E-01         2      1.290994E+05      5.929250E+03
     6.540000E-01         2      1.246066E+05      6.917473E+03
     6.545000E-01         2      1.273885E+05      8.204338E+03
     6.550000E-01         2      1.201287E+05      8.729735E+03
     6.555000E-01         2      1.143715E+05      9.192642E+03
     6.560000E-01         2      1.111297E+05      9.732246E+03
     6.565000E-01         2      1.056689E+05      9.966542E+03
     6.570000E-01         2      9.814809E+04      9.878291E+03
     6.575000E-01         2      9.508899E+04      1.013622E+04
     6.580000E-01         2      9.090899E+04      1.020023E+04
     6.585000E-01         2      8.296847E+04      9.748160E+03
     6.590000E-01         2      8.246759E+04      1.010164E+04
     6.595000E-01         2      7.379697E+04      9.388851E+03
     6.600000E-01         2      7.511106E+04      9.893087E+03
     6.605000E-01         2      7.279091E+04      9.897595E+03
     6.610000E-01         2      6.524192E+04      9.135353E+03
     6.615000E-01         2      6.597507E+04      9.492321E+03
     6.620000E-01         2      5.697130E+04      8.406152E+03
     6.625000E-01         2      5.872801E+04      8.871162E+03
     6.630000E-01         2      5.556837E+04      8.579863E+03
     6.635000E-01         2      4.723545E+04      7.444388E+03
     6.640000E-01         2      4.702198E+04      7.554733E+03
     6.645000E-01         2      4.352822E+04      7.121090E+03
     6.650000E-01         2      3.593353E+04      5.979677E+03
     6.655000E-01         2      3.454406E+04      5.841679E+03
     6.660000E-01         2      2.713967E+04      4.659877E+03
     6.665000E-01         2      2.772957E+04      4.830241E+03
     6.670000E-01         2      2.484661E+04      4.387595E+03
     6.675000E-01         2      1.980024E+04      3.542143E+03
     6.680000E-01         2      1.876887E+04      3.399341E+03
     6.685000E-01         2      1.456842E+04      2.669777E+03
     6.690000E-01         2      1.382722E+04      2.562516E+03
     6.695000E-01         2      1.139339E+04      2.134191E+03
     6.700000E-01         2      8.668556E+03      1.640476E+03
     6.705000E-01         2      6.792262E+03      1.298040E+03
     6.710000E-01         2      4.628065E+03      8.927797E+02
     6.715000E-01         2      2.950749E+03      5.743541E+02
     6.720000E-01         2      1.483846E+03      2.913271E+02
     6.725000E-01         2      4.965659E+02      9.830266E+01
     6.730000E-01         2      2.574825E+01      5.137982E+00
     7.200000E-01         2      0.000000E+00      0.000000E+00
     7.205000E-01         2      0.000000E+00      0.000000E+00
     7.210000E-01         2      0.000000E+00      0.000000E+00
     7.215000E-01         2      0.000000E+00      0.000000E+00
     7.220000E-01         2      0.000000E+00      0.000000E+00
     7.225000E-01         2      0.000000E+00      0.000000E+00
     7.230000E-01         2      0.000000E+00      0.000000E+00
     7.235000E-01         2      0.000000E+00      0.000000E+00
     7.240000E-01         2      0.000000E+00      0.000000E+00
     7.245000E-01         2      0.000000E+00      0.000000E+00
     7.250000E-01         2      0.000000E+00      0.000000E+00
     7.255000E-01         2      0.000000E+00      0.000000E+00
     7.260000E-01         2      0.000000E+00      0.000000E+00
     7.265000E-01         2      0.000000E+00      0.000000E+00
     7.270000E-01         2     -5.533329E+02      0.000000E+00
     7.275000E-01         2     -2.051031E+03      0.000000E+00
     7.280000E-01         2     -4.359080E+03      0.000000E+00
     7.285000E-01         2     -6.349380E+03      0.000000E+00
     7.290000E-01         2     -8.804202E+03      0.000000E+00
     7.295000E-01         2     -1.070034E+04      0.000000E+00
     7.300000E-01         2     -1.248397E+04      0.000000E+00
     7.305000E-01         2     -1.488551E+04      0.000000E+00
     7.310000E-01         2     -1.606252E+04      0.000000E+00
     7.315000E-01         2     -1.806507E+04      0.000000E+00
     7.320000E-01         2     -1.796712E+04      0.000000E+00
     7.325000E-01         2     -1.840460E+04      0.000000E+00
     7.330000E-01         2     -1.897190E+04      0.000000E+00
     7.335000E-01         2     -1.816508E+04      0.000000E+00
     7.340000E-01         2     -1.849604E+04      0.000000E+00
     7.345000E-01         2     -1.632837E+04      0.000000E+00
     7.350000E-01         2     -1.552375E+04      0.000000E+00
     7.355000E-01         2     -1.461714E+04      0.000000E+00
     7.360000E-01         2     -1.294452E+04      0.000000E+00
     7.365000E-01         2     -1.157433E+04      0.000000E+00
     7.370000E-01         2     -1.070632E+04      0.000000E+00
     7.375000E-01         2     -9.436001E+03      0.000000E+00
     7.380000E-01         2     -8.657063E+03      0.000000E+00
     7.385000E-01         2     -7.149610E+03      0.000000E+00
     7.390000E-01         2     -6.113909E+03      0.000000E+00
     7.395000E-01         2     -5.432730E+03      0.000000E+00
     7.400000E-01         2     -4.115292E+03      0.000000E+00
     7.405000E-01         2     -3.169475E+03      0.000000E+00
     7.410000E-01         2     -1.623485E+03      0.000000E+00
     7.415000E-01         2     -1.269039E+02      0.000000E+00
     7.420000E-01         2      1.249961E+05      1.529879E+03
     7.425000E-01         2      1.174246E+05      2.874054E+03
     7.430000E-01         2      1.252943E+05      4.474743E+03
     7.435000E-01         2      1.184001E+05      5.454829E+03
     7.440000E-01         2      1.133911E+05      6.309906E+03
     7.445000E-01         2      1.180506E+05      7.617490E+03
     7.450000E-01         2      1.108602E+05      8.068924E+03
     7.455000E-01         2      1.062804E+05      8.553706E+03
     7.460000E-01         2      1.051912E+05      9.222718E+03
     7.465000E-01         2      9.962476E+04      9.405832E+03
     7.470000E-01         2      9.471997E+04      9.541622E+03
     7.475000E-01         2      9.234348E+04      9.851227E+03
     7.480000E-01         2      8.906345E+04      1.000013E+04
     7.485000E-01         2      8.309047E+04      9.768642E+03
     7.490000E-01         2      8.242483E+04      1.010217E+04
     7.495000E-01         2      7.523373E+04      9.576632E+03
     7.500000E-01         2      7.696869E+04      1.014260E+04
     7.505000E-01         2      7.471231E+04      1.016332E+04
     7.510000E-01         2      6.800525E+04      9.526148E+03
     7.515000E-01         2      6.825753E+04      9.824411E+03
     7.520000E-01         2      5.956532E+04      8.791977E+03
     7.525000E-01         2      6.108482E+04      9.230180E+03
     7.530000E-01         2      5.757361E+04      8.892187E+03
     7.535000E-01         2      4.913775E+04      7.746407E+03
     7.540000E-01         2      4.844615E+04      7.785635E+03
     7.545000E-01         2      3.866533E+04      6.327133E+03
     7.550000E-01         2      3.963411E+04      6.597060E+03
     7.555000E-01         2      3.605032E+04      6.097772E+03
     7.560000E-01         2      2.859593E+04      4.910961E+03
     7.565000E-01         2      2.809997E+04      4.895750E+03
     7.570000E-01         2      2.519003E+04      4.449090E+03
     7.575000E-01         2      1.996923E+04      3.573024E+03
     7.580000E-01         2      1.864057E+04      3.376689E+03
     7.585000E-01         2      1.452599E+04      2.662443E+03
     7.590000E-01         2      1.367974E+04      2.535584E+03
     7.595000E-01         2      1.124281E+04      2.106302E+03
     7.600000E-01         2      8.562916E+03      1.620717E+03
     7.605000E-01         2      6.690064E+03      1.278686E+03
     7.610000E-01         2      4.556573E+03      8.791045E+02
     7.615000E-01         2      2.907590E+03      5.660251E+02
     7.620000E-01         2      1.455317E+03      2.857607E+02
     7.625000E-01         2      4.837977E+02      9.578619E+01
     7.630000E-01         2      2.320539E+01      4.631082E+00
