     3.890000E-01        20     -9.175996E+00      0.000000E+00
     3.895000E-01        20     -7.625056E+01      0.000000E+00
     3.900000E-01        20     -2.330940E+02      0.000000E+00
     3.905000E-01        20     -4.706732E+02      0.000000E+00
     3.910000E-01        20     -6.418200E+02      0.000000E+00
     3.915000E-01        20     -1.005653E+03      0.000000E+00
     3.920000E-01        20     -1.483993E+03      0.000000E+00
     3.925000E-01        20     -1.452115E+03      0.000000E+00
     3.930000E-01        20     -2.293643E+03      0.000000E+00
     3.935000E-01        20     -2.155155E+03      0.000000E+00
     3.940000E-01        20     -3.110677E+03      0.000000E+00
     3.945000E-01        20     -4.077630E+03      0.000000E+00
     3.950000E-01        20     -3.988086E+03      0.000000E+00
     3.955000E-01        20     -5.492286E+03      0.000000E+00
     3.960000E-01        20     -5.424599E+03      0.000000E+00
     3.965000E-01        20     -7.455166E+03      0.000000E+00
     3.970000E-01        20     -8.222647E+03      0.000000E+00
     3.975000E-01        20     -8.770181E+03      0.000000E+00
     3.980000E-01        20     -1.077635E+04      0.000000E+00
     3.985000E-01        20     -1.101773E+04      0.000000E+00
     3.990000E-01        20     -1.283570E+04      0.000000E+00
     3.995000E-01        20     -1.350795E+04      0.000000E+00
     4.000000E-01        20     -1.433511E+04      0.000000E+00
     4.005000E-01        20     -1.520433E+04      0.000000E+00
     4.010000E-01        20     -1.521550E+04      0.000000E+00
     4.015000E-01        20     -1.610234E+04      0.000000E+00
     4.020000E-01        20     -1.567782E+04      0.000000E+00
     4.025000E-01        20     -1.578281E+04      0.000000E+00
     4.030000E-01        20     -1.539884E+04      0.000000E+00
     4.035000E-01        20     -1.448116E+04      0.000000E+00
     4.040000E-01        20     -1.455007E+04      0.000000E+00
     4.045000E-01        20     -1.324582E+04      0.000000E+00
     4.050000E-01        20     -1.280889E+04      0.000000E+00
     4.055000E-01        20     -1.097317E+04      0.000000E+00
     4.060000E-01        20     -1.008234E+04      0.000000E+00
     4.065000E-01        20     -9.695403E+03      0.000000E+00
     4.070000E-01        20     -8.429879E+03      0.000000E+00
     4.075000E-01        20     -7.734010E+03      0.000000E+00
     4.080000E-01        20     -6.407762E+03      0.000000E+00
     4.085000E-01        20     -5.182710E+03      0.000000E+00
     4.090000E-01        20     -4.185267E+03      0.000000E+00
     4.095000E-01        20     -2.849564E+03      0.000000E+00
     4.100000E-01        20     -1.212407E+03      0.000000E+00
     4.105000E-01        20      1.437024E+05      5.238190E+02
     4.110000E-01        20      1.379119E+05      2.290280E+03
     4.115000E-01        20      1.509401E+05      4.299108E+03
     4.120000E-01        20      1.421135E+05      5.599610E+03
     4.125000E-01        20      1.452367E+05      7.186031E+03
     4.130000E-01        20      1.585843E+05      9.325340E+03
     4.135000E-01        20      1.496169E+05      1.009314E+04
     4.140000E-01        20      1.572964E+05      1.187845E+04
     4.145000E-01        20      1.383359E+05      1.148647E+04
     4.150000E-01        20      1.285603E+05      1.157853E+04
     4.155000E-01        20      1.299189E+05      1.255686E+04
     4.160000E-01        20      1.173156E+05      1.206463E+04
     4.165000E-01        20      1.074537E+05      1.167605E+04
     4.170000E-01        20      9.339162E+04      1.066060E+04
     4.175000E-01        20      8.592544E+04      1.025361E+04
     4.180000E-01        20      7.213960E+04      8.962081E+03
     4.185000E-01        20      6.120894E+04      7.888276E+03
     4.190000E-01        20      5.807570E+04      7.740199E+03
     4.195000E-01        20      4.235051E+04      5.821504E+03
     4.200000E-01        20      4.504614E+04      6.371219E+03
     4.205000E-01        20      3.590819E+04      5.214774E+03
     4.210000E-01        20      3.897430E+04      5.800781E+03
     4.215000E-01        20      3.934903E+04      5.992159E+03
     4.220000E-01        20      3.162541E+04      4.920118E+03
     4.225000E-01        20      3.820835E+04      6.064574E+03
     4.230000E-01        20      3.162385E+04      5.114792E+03
     4.235000E-01        20      3.859226E+04      6.353330E+03
     4.240000E-01        20      3.943245E+04      6.600891E+03
     4.245000E-01        20      3.421819E+04      5.819034E+03
     4.250000E-01        20      3.573985E+04      6.169108E+03
     4.255000E-01        20      2.896498E+04      5.070831E+03
     4.260000E-01        20      2.817628E+04      4.999345E+03
     4.265000E-01        20      2.460018E+04      4.420812E+03
     4.270000E-01        20      1.954826E+04      3.555810E+03
     4.275000E-01        20      1.705900E+04      3.139081E+03
     4.280000E-01        20      1.380341E+04      2.568164E+03
     4.285000E-01        20      9.333171E+03      1.754842E+03
     4.290000E-01        20      7.290741E+03      1.384690E+03
     4.295000E-01        20      4.390804E+03      8.419945E+02
     4.300000E-01        20      3.156531E+03      6.109199E+02
     4.305000E-01        20      1.863269E+03      3.638263E+02
     4.310000E-01        20      7.314486E+02      1.440430E+02
     4.315000E-01        20      1.913829E+02      3.799762E+01
     4.790000E-01        20     -9.635228E+00      0.000000E+00
     4.795000E-01        20     -7.674935E+01      0.000000E+00
     4.800000E-01        20     -2.321022E+02      0.000000E+00
     4.805000E-01        20     -4.672081E+02      0.000000E+00
     4.810000E-01        20     -6.398402E+02      0.000000E+00
     4.815000E-01        20     -9.856095E+02      0.000000E+00
     4.820000E-01        20     -1.475538E+03      0.000000E+00
     4.825000E-01        20     -1.432852E+03      0.000000E+00
     4.830000E-01        20     -2.239876E+03      0.000000E+00
     4.835000E-01        20     -2.160645E+03      0.000000E+00
     4.840000E-01        20     -3.031542E+03      0.000000E+00
     4.845000E-01        20     -4.037317E+03      0.000000E+00
     4.850000E-01        20     -3.987897E+03      0.000000E+00
     4.855000E-01        20     -5.331042E+03      0.000000E+00
     4.860000E-01        20     -5.471765E+03      0.000000E+00
     4.865000E-01        20     -7.320413E+03      0.000000E+00
     4.870000E-01        20     -8.117484E+03      0.000000E+00
     4.875000E-01        20     -8.819351E+03      0.000000E+00
     4.880000E-01        20     -1.049261E+04      0.000000E+00
     4.885000E-01        20     -1.108571E+04      0.000000E+00
     4.890000E-01        20     -1.264471E+04      0.000000E+00
     4.895000E-01        20     -1.332380E+04      0.000000E+00
     4.900000E-01        20     -1.435475E+04      0.000000E+00
     4.905000E-01        20     -1.483529E+04      0.000000E+00
     4.910000E-01        20     -1.519718E+04      0.000000E+00
     4.915000E-01        20     -1.585579E+04      0.000000E+00
     4.920000E-01        20     -1.542437E+04      0.000000E+00
     4.925000E-01        20     -1.569335E+04      0.000000E+00
     4.930000E-01        20     -1.505152E+04      0.000000E+00
     4.935000E-01        20     -1.435185E+04      0.000000E+00
     4.940000E-01        20     -1.431174E+04      0.000000E+00
     4.945000E-01        20     -1.299930E+04      0.000000E+00
     4.950000E-01        20     -1.266563E+04      0.000000E+00
     4.955000E-01        20     -1.073050E+04      0.000000E+00
     4.960000E-01        20     -9.935273E+03      0.000000E+00
     4.965000E-01        20     -9.531004E+03      0.000000E+00
     4.970000E-01        20     -8.273130E+03      0.000000E+00
     4.975000E-01        20     -7.616786E+03      0.000000E+00
     4.980000E-01        20     -6.285886E+03      0.000000E+00
     4.985000E-01        20     -5.086704E+03      0.000000E+00
     4.990000E-01        20     -4.102854E+03      0.000000E+00
     4.995000E-01        20     -2.782685E+03      0.000000E+00
     5.000000E-01        20     -1.309875E+03      0.000000E+00
     5.005000E-01        20      1.330181E+05      5.108169E+02
     5.010000E-01        20      1.326319E+05      2.226253E+03
     5.015000E-01        20      1.470696E+05      4.212948E+03
     5.020000E-01        20      1.380460E+05      5.460159E+03
     5.025000E-01        20      1.414896E+05      7.020358E+03
     5.030000E-01        20      1.553977E+05      9.158033E+03
     5.035000E-01        20      1.461187E+05      9.874697E+03
     5.040000E-01        20      1.546008E+05      1.169219E+04
     5.045000E-01        20      1.357256E+05      1.128392E+04
     5.050000E-01        20      1.259505E+05      1.135581E+04
     5.055000E-01        20      1.285231E+05      1.243376E+04
     5.060000E-01        20      1.150491E+05      1.184149E+04
     5.065000E-01        20      1.064635E+05      1.157711E+04
     5.070000E-01        20      9.230945E+04      1.054415E+04
     5.075000E-01        20      8.461383E+04      1.010323E+04
     5.080000E-01        20      7.197783E+04      8.946924E+03
     5.085000E-01        20      6.003084E+04      7.740354E+03
     5.090000E-01        20      5.305414E+04      7.074213E+03
     5.095000E-01        20      4.389283E+04      6.036087E+03
     5.100000E-01        20      4.454632E+04      6.303014E+03
     5.105000E-01        20      3.660209E+04      5.317493E+03
     5.110000E-01        20      3.799931E+04      5.657595E+03
     5.115000E-01        20      3.870390E+04      5.895793E+03
     5.120000E-01        20      3.099849E+04      4.824020E+03
     5.125000E-01        20      3.669133E+04      5.825414E+03
     5.130000E-01        20      3.076753E+04      4.977598E+03
     5.135000E-01        20      3.724516E+04      6.133077E+03
     5.140000E-01        20      3.822560E+04      6.400362E+03
     5.145000E-01        20      3.320785E+04      5.648465E+03
     5.150000E-01        20      3.467202E+04      5.986038E+03
     5.155000E-01        20      2.810488E+04      4.921230E+03
     5.160000E-01        20      2.749419E+04      4.879238E+03
     5.165000E-01        20      2.401016E+04      4.315553E+03
     5.170000E-01        20      1.910432E+04      3.475651E+03
     5.175000E-01        20      1.675752E+04      3.084104E+03
     5.180000E-01        20      1.149233E+04      2.138512E+03
     5.185000E-01        20      9.834358E+03      1.849351E+03
     5.190000E-01        20      7.485846E+03      1.421946E+03
     5.195000E-01        20      4.507636E+03      8.645160E+02
     5.200000E-01        20      3.193236E+03      6.181042E+02
     5.205000E-01        20      1.862139E+03      3.636510E+02
     5.210000E-01        20      7.236703E+02      1.425284E+02
     5.215000E-01        20      1.847443E+02      3.668380E+01
     1.019000E+00        20     -1.388161E+01      0.000000E+00
     1.019500E+00        20     -8.757909E+01      0.000000E+00
     1.020000E+00        20     -2.554264E+02      0.000000E+00
     1.020500E+00        20     -4.967749E+02      0.000000E+00
     1.021000E+00        20     -6.702549E+02      0.000000E+00
     1.021500E+00        20     -1.046650E+03      0.000000E+00
     1.022000E+00        20     -1.172573E+03      0.000000E+00
     1.022500E+00        20     -1.740580E+03      0.000000E+00
     1.023000E+00        20     -2.422426E+03      0.000000E+00
     1.023500E+00        20     -2.272019E+03      0.000000E+00
     1.024000E+00        20     -3.249751E+03      0.000000E+00
     1.024500E+00        20     -3.251684E+03      0.000000E+00
     1.025000E+00        20     -4.696758E+03      0.000000E+00
     1.025500E+00        20     -5.711669E+03      0.000000E+00
     1.026000E+00        20     -5.783369E+03      0.000000E+00
     1.026500E+00        20     -7.652086E+03      0.000000E+00
     1.027000E+00        20     -7.570064E+03      0.000000E+00
     1.027500E+00        20     -9.504834E+03      0.000000E+00
     1.028000E+00        20     -1.084654E+04      0.000000E+00
     1.028500E+00        20     -1.144503E+04      0.000000E+00
     1.029000E+00        20     -1.291771E+04      0.000000E+00
     1.029500E+00        20     -1.351794E+04      0.000000E+00
     1.030000E+00        20     -1.460365E+04      0.000000E+00
     1.030500E+00        20     -1.498640E+04      0.000000E+00
     1.031000E+00        20     -1.558705E+04      0.000000E+00
     1.031500E+00        20     -1.590691E+04      0.000000E+00
     1.032000E+00        20     -1.545801E+04      0.000000E+00
     1.032500E+00        20     -1.580045E+04      0.000000E+00
     1.033000E+00        20     -1.514423E+04      0.000000E+00
     1.033500E+00        20     -1.503898E+04      0.000000E+00
     1.034000E+00        20     -1.412061E+04      0.000000E+00
     1.034500E+00        20     -1.294738E+04      0.000000E+00
     1.035000E+00        20     -1.266993E+04      0.000000E+00
     1.035500E+00        20     -1.077720E+04      0.000000E+00
     1.036000E+00        20     -1.050009E+04      0.000000E+00
     1.036500E+00        20     -9.305026E+03      0.000000E+00
     1.037000E+00        20     -8.205383E+03      0.000000E+00
     1.037500E+00        20     -7.590204E+03      0.000000E+00
     1.038000E+00        20     -6.261462E+03      0.000000E+00
     1.038500E+00        20     -5.060868E+03      0.000000E+00
     1.039000E+00        20     -4.051911E+03      0.000000E+00
     1.039500E+00        20     -2.699832E+03      0.000000E+00
     1.040000E+00        20     -1.179497E+03      0.000000E+00
     1.040500E+00        20      1.357503E+05      6.794410E+02
     1.041000E+00        20      1.354821E+05      2.418444E+03
     1.041500E+00        20      1.500935E+05      4.446397E+03
     1.042000E+00        20      1.413001E+05      5.716223E+03
     1.042500E+00        20      1.584174E+05      7.992247E+03
     1.043000E+00        20      1.510091E+05      9.016032E+03
     1.043500E+00        20      1.464918E+05      1.000510E+04
     1.044000E+00        20      1.553007E+05      1.184905E+04
     1.044500E+00        20      1.375773E+05      1.152389E+04
     1.045000E+00        20      1.391008E+05      1.262289E+04
     1.045500E+00        20      1.235842E+05      1.202384E+04
     1.046000E+00        20      1.145458E+05      1.184884E+04
     1.046500E+00        20      1.045166E+05      1.141625E+04
     1.047000E+00        20      9.308466E+04      1.067543E+04
     1.047500E+00        20      8.403491E+04      1.007056E+04
     1.048000E+00        20      7.170245E+04      8.942138E+03
     1.048500E+00        20      6.121339E+04      7.916659E+03
     1.049000E+00        20      5.260062E+04      7.033178E+03
     1.049500E+00        20      4.516228E+04      6.226523E+03
     1.050000E+00        20      4.531892E+04      6.427481E+03
     1.050500E+00        20      3.729419E+04      5.429920E+03
     1.051000E+00        20      3.972532E+04      5.926646E+03
     1.051500E+00        20      3.284718E+04      5.013166E+03
     1.052000E+00        20      3.527970E+04      5.500054E+03
     1.052500E+00        20      3.903006E+04      6.207092E+03
     1.053000E+00        20      3.353291E+04      5.433510E+03
     1.053500E+00        20      3.892127E+04      6.418566E+03
     1.054000E+00        20      3.303216E+04      5.538516E+03
     1.054500E+00        20      3.701558E+04      6.304452E+03
     1.055000E+00        20      3.619661E+04      6.257069E+03
     1.055500E+00        20      3.024272E+04      5.301851E+03
     1.056000E+00        20      2.804630E+04      4.982824E+03
     1.056500E+00        20      2.455777E+04      4.418708E+03
     1.057000E+00        20      1.946393E+04      3.544686E+03
     1.057500E+00        20      1.652149E+04      3.043623E+03
     1.058000E+00        20      1.154447E+04      2.150208E+03
     1.058500E+00        20      9.580208E+03      1.803156E+03
     1.059000E+00        20      7.266088E+03      1.381375E+03
     1.059500E+00        20      4.373786E+03      8.395268E+02
     1.060000E+00        20      3.022453E+03      5.855022E+02
     1.060500E+00        20      1.476996E+03      2.886533E+02
     1.061000E+00        20      7.099132E+02      1.399192E+02
     1.061500E+00        20      1.592185E+02      3.163708E+01
     1.109000E+00        20     -1.443425E+01      0.000000E+00
     1.109500E+00        20     -8.814149E+01      0.000000E+00
     1.110000E+00        20     -2.534290E+02      0.000000E+00
     1.110500E+00        20     -4.953584E+02      0.000000E+00
     1.111000E+00        20     -6.648456E+02      0.000000E+00
     1.111500E+00        20     -1.024587E+03      0.000000E+00
     1.112000E+00        20     -1.175617E+03      0.000000E+00
     1.112500E+00        20     -1.696190E+03      0.000000E+00
     1.113000E+00        20     -2.398051E+03      0.000000E+00
     1.113500E+00        20     -2.270789E+03      0.000000E+00
     1.114000E+00        20     -3.136573E+03      0.000000E+00
     1.114500E+00        20     -3.288276E+03      0.000000E+00
     1.115000E+00        20     -4.592410E+03      0.000000E+00
     1.115500E+00        20     -5.631607E+03      0.000000E+00
     1.116000E+00        20     -5.828409E+03      0.000000E+00
     1.116500E+00        20     -7.419741E+03      0.000000E+00
     1.117000E+00        20     -7.633960E+03      0.000000E+00
     1.117500E+00        20     -9.369540E+03      0.000000E+00
     1.118000E+00        20     -1.067972E+04      0.000000E+00
     1.118500E+00        20     -1.152707E+04      0.000000E+00
     1.119000E+00        20     -1.258744E+04      0.000000E+00
     1.119500E+00        20     -1.354309E+04      0.000000E+00
     1.120000E+00        20     -1.443358E+04      0.000000E+00
     1.120500E+00        20     -1.471177E+04      0.000000E+00
     1.121000E+00        20     -1.560620E+04      0.000000E+00
     1.121500E+00        20     -1.552083E+04      0.000000E+00
     1.122000E+00        20     -1.538068E+04      0.000000E+00
     1.122500E+00        20     -1.558176E+04      0.000000E+00
     1.123000E+00        20     -1.483493E+04      0.000000E+00
     1.123500E+00        20     -1.495741E+04      0.000000E+00
     1.124000E+00        20     -1.377557E+04      0.000000E+00
     1.124500E+00        20     -1.280805E+04      0.000000E+00
     1.125000E+00        20     -1.245967E+04      0.000000E+00
     1.125500E+00        20     -1.054683E+04      0.000000E+00
     1.126000E+00        20     -1.037971E+04      0.000000E+00
     1.126500E+00        20     -9.095372E+03      0.000000E+00
     1.127000E+00        20     -8.087940E+03      0.000000E+00
     1.127500E+00        20     -7.454833E+03      0.000000E+00
     1.128000E+00        20     -6.144292E+03      0.000000E+00
     1.128500E+00        20     -4.970280E+03      0.000000E+00
     1.129000E+00        20     -3.966551E+03      0.000000E+00
     1.129500E+00        20     -2.638293E+03      0.000000E+00
     1.130000E+00        20     -1.135454E+03      0.000000E+00
     1.130500E+00        20      1.335856E+05      6.944228E+02
     1.131000E+00        20      1.332122E+05      2.401476E+03
     1.131500E+00        20      1.477829E+05      4.401939E+03
     1.132000E+00        20      1.387207E+05      5.632629E+03
     1.132500E+00        20      1.559985E+05      7.891790E+03
     1.133000E+00        20      1.483844E+05      8.878358E+03
     1.133500E+00        20      1.439252E+05      9.846967E+03
     1.134000E+00        20      1.530249E+05      1.169242E+04
     1.134500E+00        20      1.348516E+05      1.130958E+04
     1.135000E+00        20      1.372121E+05      1.246484E+04
     1.135500E+00        20      1.213238E+05      1.181500E+04
     1.136000E+00        20      1.126524E+05      1.166265E+04
     1.136500E+00        20      1.031108E+05      1.127103E+04
     1.137000E+00        20      9.129058E+04      1.047664E+04
     1.137500E+00        20      8.300324E+04      9.952914E+03
     1.138000E+00        20      7.047522E+04      8.793897E+03
     1.138500E+00        20      6.006907E+04      7.772553E+03
     1.139000E+00        20      5.183408E+04      6.933869E+03
     1.139500E+00        20      4.402657E+04      6.072512E+03
     1.140000E+00        20      4.450511E+04      6.314534E+03
     1.140500E+00        20      3.626199E+04      5.281555E+03
     1.141000E+00        20      3.856440E+04      5.755396E+03
     1.141500E+00        20      3.178608E+04      4.852754E+03
     1.142000E+00        20      3.393341E+04      5.291735E+03
     1.142500E+00        20      3.793947E+04      6.035325E+03
     1.143000E+00        20      3.218220E+04      5.216008E+03
     1.143500E+00        20      3.780779E+04      6.236473E+03
     1.144000E+00        20      3.191706E+04      5.352788E+03
     1.144500E+00        20      3.590399E+04      6.116468E+03
     1.145000E+00        20      3.551015E+04      6.139680E+03
     1.145500E+00        20      2.928540E+04      5.135035E+03
     1.146000E+00        20      2.759609E+04      4.903755E+03
     1.146500E+00        20      2.401760E+04      4.322285E+03
     1.147000E+00        20      1.904002E+04      3.468074E+03
     1.147500E+00        20      1.635945E+04      3.014258E+03
     1.148000E+00        20      1.122943E+04      2.091854E+03
     1.148500E+00        20      9.507886E+03      1.789808E+03
     1.149000E+00        20      7.144530E+03      1.358457E+03
     1.149500E+00        20      4.291872E+03      8.239151E+02
     1.150000E+00        20      2.988901E+03      5.790776E+02
     1.150500E+00        20      1.435886E+03      2.806541E+02
     1.151000E+00        20      6.928718E+02      1.365768E+02
     1.151500E+00        20      1.518568E+02      3.017775E+01
