     5.400000E-01        27     -2.738158E-01      0.000000E+00
     5.405000E-01        27     -4.122100E+01      0.000000E+00
     5.410000E-01        27     -1.479574E+02      0.000000E+00
     5.415000E-01        27     -3.666881E+02      0.000000E+00
     5.420000E-01        27     -5.924293E+02      0.000000E+00
     5.425000E-01        27     -1.005070E+03      0.000000E+00
     5.430000E-01        27     -1.342107E+03      0.000000E+00
     5.435000E-01        27     -1.833738E+03      0.000000E+00
     5.440000E-01        27     -2.536121E+03      0.000000E+00
     5.445000E-01        27     -2.907112E+03      0.000000E+00
     5.450000E-01        27     -3.954141E+03      0.000000E+00
     5.455000E-01        27     -4.466624E+03      0.000000E+00
     5.460000E-01        27     -4.839944E+03      0.000000E+00
     5.465000E-01        27     -6.117388E+03      0.000000E+00
     5.470000E-01        27     -6.208488E+03      0.000000E+00
     5.475000E-01        27     -6.956838E+03      0.000000E+00
     5.480000E-01        27     -8.167337E+03      0.000000E+00
     5.485000E-01        27     -8.438031E+03      0.000000E+00
     5.490000E-01        27     -9.715416E+03      0.000000E+00
     5.495000E-01        27     -9.479578E+03      0.000000E+00
     5.500000E-01        27     -9.915994E+03      0.000000E+00
     5.505000E-01        27     -1.187249E+04      0.000000E+00
     5.510000E-01        27     -1.112373E+04      0.000000E+00
     5.515000E-01        27     -1.332507E+04      0.000000E+00
     5.520000E-01        27     -1.155970E+04      0.000000E+00
     5.525000E-01        27     -1.159181E+04      0.000000E+00
     5.530000E-01        27     -1.310259E+04      0.000000E+00
     5.535000E-01        27     -1.167483E+04      0.000000E+00
     5.540000E-01        27     -1.258502E+04      0.000000E+00
     5.545000E-01        27     -1.069901E+04      0.000000E+00
     5.550000E-01        27     -1.012305E+04      0.000000E+00
     5.555000E-01        27     -1.017791E+04      0.000000E+00
     5.560000E-01        27     -8.951467E+03      0.000000E+00
     5.565000E-01        27     -8.144744E+03      0.000000E+00
     5.570000E-01        27     -8.055846E+03      0.000000E+00
     5.575000E-01        27     -7.293782E+03      0.000000E+00
     5.580000E-01        27     -6.616340E+03      0.000000E+00
     5.585000E-01        27     -5.951321E+03      0.000000E+00
     5.590000E-01        27     -5.226475E+03      0.000000E+00
     5.595000E-01        27     -5.028586E+03      0.000000E+00
     5.600000E-01        27     -4.130198E+03      0.000000E+00
     5.605000E-01        27     -3.273519E+03      0.000000E+00
     5.610000E-01        27     -1.808543E+03      0.000000E+00
     5.615000E-01        27     -1.937843E+02      0.000000E+00
     5.620000E-01        27      1.453783E+05      1.725774E+03
     5.625000E-01        27      1.466479E+05      3.539778E+03
     5.630000E-01        27      1.619190E+05      5.732431E+03
     5.635000E-01        27      1.625982E+05      7.444438E+03
     5.640000E-01        27      1.537938E+05      8.517348E+03
     5.645000E-01        27      1.689670E+05      1.086131E+04
     5.650000E-01        27      1.599374E+05      1.160425E+04
     5.655000E-01        27      1.514093E+05      1.215333E+04
     5.660000E-01        27      1.577254E+05      1.379706E+04
     5.665000E-01        27      1.434827E+05      1.351959E+04
     5.670000E-01        27      1.439845E+05      1.447885E+04
     5.675000E-01        27      1.290041E+05      1.374075E+04
     5.680000E-01        27      1.139386E+05      1.277527E+04
     5.685000E-01        27      1.154799E+05      1.355945E+04
     5.690000E-01        27      9.998469E+04      1.224034E+04
     5.695000E-01        27      9.919248E+04      1.261322E+04
     5.700000E-01        27      8.296425E+04      1.092223E+04
     5.705000E-01        27      7.483928E+04      1.017164E+04
     5.710000E-01        27      7.216117E+04      1.010010E+04
     5.715000E-01        27      6.252341E+04      8.992317E+03
     5.720000E-01        27      6.114898E+04      9.019413E+03
     5.725000E-01        27      5.034755E+04      7.602767E+03
     5.730000E-01        27      4.688958E+04      7.237631E+03
     5.735000E-01        27      4.314569E+04      6.797890E+03
     5.740000E-01        27      3.837995E+04      6.164614E+03
     5.745000E-01        27      3.519915E+04      5.757023E+03
     5.750000E-01        27      3.171967E+04      5.277192E+03
     5.755000E-01        27      2.970369E+04      5.022001E+03
     5.760000E-01        27      2.677851E+04      4.596886E+03
     5.765000E-01        27      2.404075E+04      4.186836E+03
     5.770000E-01        27      2.220906E+04      3.921085E+03
     5.775000E-01        27      1.972838E+04      3.528643E+03
     5.780000E-01        27      1.772103E+04      3.209004E+03
     5.785000E-01        27      1.586753E+04      2.907369E+03
     5.790000E-01        27      1.312950E+04      2.432828E+03
     5.795000E-01        27      1.089675E+04      2.040853E+03
     5.800000E-01        27      9.000903E+03      1.703125E+03
     5.805000E-01        27      6.527014E+03      1.247178E+03
     5.810000E-01        27      4.831660E+03      9.319311E+02
     5.815000E-01        27      2.792666E+03      5.435148E+02
     5.820000E-01        27      1.376546E+03      2.702278E+02
     5.825000E-01        27      4.907359E+02      9.713716E+01
     5.830000E-01        27      2.560340E+01      5.108504E+00
     6.300000E-01        27     -3.818943E-01      0.000000E+00
     6.305000E-01        27     -4.392982E+01      0.000000E+00
     6.310000E-01        27     -1.590231E+02      0.000000E+00
     6.315000E-01        27     -3.962775E+02      0.000000E+00
     6.320000E-01        27     -6.606220E+02      0.000000E+00
     6.325000E-01        27     -1.118243E+03      0.000000E+00
     6.330000E-01        27     -1.534456E+03      0.000000E+00
     6.335000E-01        27     -2.095056E+03      0.000000E+00
     6.340000E-01        27     -2.845338E+03      0.000000E+00
     6.345000E-01        27     -3.313206E+03      0.000000E+00
     6.350000E-01        27     -4.336731E+03      0.000000E+00
     6.355000E-01        27     -4.905681E+03      0.000000E+00
     6.360000E-01        27     -5.263463E+03      0.000000E+00
     6.365000E-01        27     -6.451130E+03      0.000000E+00
     6.370000E-01        27     -6.577753E+03      0.000000E+00
     6.375000E-01        27     -7.161407E+03      0.000000E+00
     6.380000E-01        27     -8.310477E+03      0.000000E+00
     6.385000E-01        27     -8.523140E+03      0.000000E+00
     6.390000E-01        27     -9.606943E+03      0.000000E+00
     6.395000E-01        27     -9.365893E+03      0.000000E+00
     6.400000E-01        27     -9.689800E+03      0.000000E+00
     6.405000E-01        27     -1.154292E+04      0.000000E+00
     6.410000E-01        27     -1.086789E+04      0.000000E+00
     6.415000E-01        27     -1.295616E+04      0.000000E+00
     6.420000E-01        27     -1.125334E+04      0.000000E+00
     6.425000E-01        27     -1.135107E+04      0.000000E+00
     6.430000E-01        27     -1.281855E+04      0.000000E+00
     6.435000E-01        27     -1.156401E+04      0.000000E+00
     6.440000E-01        27     -1.248387E+04      0.000000E+00
     6.445000E-01        27     -1.068198E+04      0.000000E+00
     6.450000E-01        27     -1.022185E+04      0.000000E+00
     6.455000E-01        27     -1.029326E+04      0.000000E+00
     6.460000E-01        27     -9.151012E+03      0.000000E+00
     6.465000E-01        27     -8.400132E+03      0.000000E+00
     6.470000E-01        27     -8.300516E+03      0.000000E+00
     6.475000E-01        27     -7.586495E+03      0.000000E+00
     6.480000E-01        27     -6.894709E+03      0.000000E+00
     6.485000E-01        27     -6.200906E+03      0.000000E+00
     6.490000E-01        27     -5.480739E+03      0.000000E+00
     6.495000E-01        27     -5.213813E+03      0.000000E+00
     6.500000E-01        27     -4.281419E+03      0.000000E+00
     6.505000E-01        27     -3.369241E+03      0.000000E+00
     6.510000E-01        27     -1.845994E+03      0.000000E+00
     6.515000E-01        27     -1.739973E+02      0.000000E+00
     6.520000E-01        27      1.491415E+05      1.797944E+03
     6.525000E-01        27      1.502450E+05      3.651997E+03
     6.530000E-01        27      1.650278E+05      5.868152E+03
     6.535000E-01        27      1.657864E+05      7.614205E+03
     6.540000E-01        27      1.564547E+05      8.685506E+03
     6.545000E-01        27      1.712319E+05      1.102803E+04
     6.550000E-01        27      1.623862E+05      1.180058E+04
     6.555000E-01        27      1.528871E+05      1.228835E+04
     6.560000E-01        27      1.593385E+05      1.395415E+04
     6.565000E-01        27      1.451253E+05      1.368802E+04
     6.570000E-01        27      1.441929E+05      1.451255E+04
     6.575000E-01        27      1.305953E+05      1.392109E+04
     6.580000E-01        27      1.143099E+05      1.282587E+04
     6.585000E-01        27      1.154416E+05      1.356351E+04
     6.590000E-01        27      1.015358E+05      1.243735E+04
     6.595000E-01        27      9.810896E+04      1.248195E+04
     6.600000E-01        27      8.425485E+04      1.109744E+04
     6.605000E-01        27      7.528826E+04      1.023717E+04
     6.610000E-01        27      7.159062E+04      1.002432E+04
     6.615000E-01        27      6.461633E+04      9.296829E+03
     6.620000E-01        27      6.038319E+04      8.909578E+03
     6.625000E-01        27      5.165203E+04      7.802299E+03
     6.630000E-01        27      4.823685E+04      7.447861E+03
     6.635000E-01        27      4.266545E+04      6.724148E+03
     6.640000E-01        27      4.075192E+04      6.547360E+03
     6.645000E-01        27      3.497449E+04      5.721726E+03
     6.650000E-01        27      3.270807E+04      5.442930E+03
     6.655000E-01        27      3.104523E+04      5.249998E+03
     6.660000E-01        27      2.634308E+04      4.523102E+03
     6.665000E-01        27      2.557401E+04      4.454762E+03
     6.670000E-01        27      2.211320E+04      3.904909E+03
     6.675000E-01        27      2.008674E+04      3.593395E+03
     6.680000E-01        27      1.830479E+04      3.315288E+03
     6.685000E-01        27      1.561362E+04      2.861319E+03
     6.690000E-01        27      1.353821E+04      2.508956E+03
     6.695000E-01        27      1.086230E+04      2.034707E+03
     6.700000E-01        27      8.992817E+03      1.701840E+03
     6.705000E-01        27      6.606587E+03      1.262557E+03
     6.710000E-01        27      4.768551E+03      9.198802E+02
     6.715000E-01        27      2.795594E+03      5.441536E+02
     6.720000E-01        27      1.363008E+03      2.676027E+02
     6.725000E-01        27      4.800748E+02      9.503799E+01
     6.730000E-01        27      2.331915E+01      4.653262E+00
     1.170000E+00        27     -1.275748E+00      0.000000E+00
     1.170500E+00        27     -4.862429E+01      0.000000E+00
     1.171000E+00        27     -1.833612E+02      0.000000E+00
     1.171500E+00        27     -3.626360E+02      0.000000E+00
     1.172000E+00        27     -6.057245E+02      0.000000E+00
     1.172500E+00        27     -1.031430E+03      0.000000E+00
     1.173000E+00        27     -1.363145E+03      0.000000E+00
     1.173500E+00        27     -1.878769E+03      0.000000E+00
     1.174000E+00        27     -2.570816E+03      0.000000E+00
     1.174500E+00        27     -2.962792E+03      0.000000E+00
     1.175000E+00        27     -4.028756E+03      0.000000E+00
     1.175500E+00        27     -4.518439E+03      0.000000E+00
     1.176000E+00        27     -4.940457E+03      0.000000E+00
     1.176500E+00        27     -6.200003E+03      0.000000E+00
     1.177000E+00        27     -6.276761E+03      0.000000E+00
     1.177500E+00        27     -7.764697E+03      0.000000E+00
     1.178000E+00        27     -7.822322E+03      0.000000E+00
     1.178500E+00        27     -8.458283E+03      0.000000E+00
     1.179000E+00        27     -9.604911E+03      0.000000E+00
     1.179500E+00        27     -9.479737E+03      0.000000E+00
     1.180000E+00        27     -1.142546E+04      0.000000E+00
     1.180500E+00        27     -1.098050E+04      0.000000E+00
     1.181000E+00        27     -1.102697E+04      0.000000E+00
     1.181500E+00        27     -1.285866E+04      0.000000E+00
     1.182000E+00        27     -1.152333E+04      0.000000E+00
     1.182500E+00        27     -1.153718E+04      0.000000E+00
     1.183000E+00        27     -1.285711E+04      0.000000E+00
     1.183500E+00        27     -1.185563E+04      0.000000E+00
     1.184000E+00        27     -1.241711E+04      0.000000E+00
     1.184500E+00        27     -1.074875E+04      0.000000E+00
     1.185000E+00        27     -1.021123E+04      0.000000E+00
     1.185500E+00        27     -1.009385E+04      0.000000E+00
     1.186000E+00        27     -9.088164E+03      0.000000E+00
     1.186500E+00        27     -9.280033E+03      0.000000E+00
     1.187000E+00        27     -7.463088E+03      0.000000E+00
     1.187500E+00        27     -7.166353E+03      0.000000E+00
     1.188000E+00        27     -6.402255E+03      0.000000E+00
     1.188500E+00        27     -5.889623E+03      0.000000E+00
     1.189000E+00        27     -5.520665E+03      0.000000E+00
     1.189500E+00        27     -4.713949E+03      0.000000E+00
     1.190000E+00        27     -3.981295E+03      0.000000E+00
     1.190500E+00        27     -3.106634E+03      0.000000E+00
     1.191000E+00        27     -1.644236E+03      0.000000E+00
     1.191500E+00        27     -1.651762E+01      0.000000E+00
     1.192000E+00        27      1.452049E+05      1.910396E+03
     1.192500E+00        27      1.464408E+05      3.707389E+03
     1.193000E+00        27      1.618557E+05      5.905740E+03
     1.193500E+00        27      1.629732E+05      7.624798E+03
     1.194000E+00        27      1.532011E+05      8.626586E+03
     1.194500E+00        27      1.695684E+05      1.104600E+04
     1.195000E+00        27      1.598297E+05      1.172460E+04
     1.195500E+00        27      1.636977E+05      1.326222E+04
     1.196000E+00        27      1.517799E+05      1.338327E+04
     1.196500E+00        27      1.401684E+05      1.329934E+04
     1.197000E+00        27      1.421212E+05      1.437916E+04
     1.197500E+00        27      1.283233E+05      1.374274E+04
     1.198000E+00        27      1.254196E+05      1.413124E+04
     1.198500E+00        27      1.084331E+05      1.278810E+04
     1.199000E+00        27      9.681371E+04      1.189950E+04
     1.199500E+00        27      9.544171E+04      1.218051E+04
     1.200000E+00        27      8.273445E+04      1.092836E+04
     1.200500E+00        27      7.258653E+04      9.895787E+03
     1.201000E+00        27      7.136411E+04      1.001690E+04
     1.201500E+00        27      6.244760E+04      9.005050E+03
     1.202000E+00        27      5.971478E+04      8.829421E+03
     1.202500E+00        27      5.088427E+04      7.701347E+03
     1.203000E+00        27      4.628660E+04      7.159797E+03
     1.203500E+00        27      4.292862E+04      6.777208E+03
     1.204000E+00        27      3.870057E+04      6.227782E+03
     1.204500E+00        27      3.606197E+04      5.908564E+03
     1.205000E+00        27      3.127041E+04      5.211117E+03
     1.205500E+00        27      2.937865E+04      4.974865E+03
     1.206000E+00        27      2.624475E+04      4.511970E+03
     1.206500E+00        27      2.405421E+04      4.195094E+03
     1.207000E+00        27      2.220655E+04      3.925896E+03
     1.207500E+00        27      1.929191E+04      3.454971E+03
     1.208000E+00        27      1.748000E+04      3.169196E+03
     1.208500E+00        27      1.543863E+04      2.832052E+03
     1.209000E+00        27      1.290714E+04      2.394264E+03
     1.209500E+00        27      1.061048E+04      1.989331E+03
     1.210000E+00        27      8.709783E+03      1.649700E+03
     1.210500E+00        27      6.321244E+03      1.209024E+03
     1.211000E+00        27      4.603328E+03      8.887107E+02
     1.211500E+00        27      2.632358E+03      5.127693E+02
     1.212000E+00        27      1.262414E+03      2.480335E+02
     1.212500E+00        27      4.181479E+02      8.283660E+01
     1.213000E+00        27      1.156558E+01      2.309430E+00
     1.260000E+00        27     -1.509632E+00      0.000000E+00
     1.260500E+00        27     -5.100276E+01      0.000000E+00
     1.261000E+00        27     -1.897329E+02      0.000000E+00
     1.261500E+00        27     -3.746227E+02      0.000000E+00
     1.262000E+00        27     -6.262247E+02      0.000000E+00
     1.262500E+00        27     -1.056590E+03      0.000000E+00
     1.263000E+00        27     -1.409624E+03      0.000000E+00
     1.263500E+00        27     -2.120967E+03      0.000000E+00
     1.264000E+00        27     -2.493553E+03      0.000000E+00
     1.264500E+00        27     -2.996183E+03      0.000000E+00
     1.265000E+00        27     -4.018794E+03      0.000000E+00
     1.265500E+00        27     -4.609586E+03      0.000000E+00
     1.266000E+00        27     -4.984948E+03      0.000000E+00
     1.266500E+00        27     -6.222829E+03      0.000000E+00
     1.267000E+00        27     -6.435335E+03      0.000000E+00
     1.267500E+00        27     -7.735709E+03      0.000000E+00
     1.268000E+00        27     -7.958101E+03      0.000000E+00
     1.268500E+00        27     -8.539756E+03      0.000000E+00
     1.269000E+00        27     -9.589503E+03      0.000000E+00
     1.269500E+00        27     -9.689863E+03      0.000000E+00
     1.270000E+00        27     -1.140183E+04      0.000000E+00
     1.270500E+00        27     -1.111632E+04      0.000000E+00
     1.271000E+00        27     -1.118889E+04      0.000000E+00
     1.271500E+00        27     -1.288431E+04      0.000000E+00
     1.272000E+00        27     -1.179414E+04      0.000000E+00
     1.272500E+00        27     -1.395525E+04      0.000000E+00
     1.273000E+00        27     -1.182425E+04      0.000000E+00
     1.273500E+00        27     -1.170433E+04      0.000000E+00
     1.274000E+00        27     -1.199092E+04      0.000000E+00
     1.274500E+00        27     -1.093089E+04      0.000000E+00
     1.275000E+00        27     -1.021373E+04      0.000000E+00
     1.275500E+00        27     -1.010819E+04      0.000000E+00
     1.276000E+00        27     -9.406459E+03      0.000000E+00
     1.276500E+00        27     -9.327909E+03      0.000000E+00
     1.277000E+00        27     -7.721481E+03      0.000000E+00
     1.277500E+00        27     -7.413514E+03      0.000000E+00
     1.278000E+00        27     -6.537385E+03      0.000000E+00
     1.278500E+00        27     -6.148726E+03      0.000000E+00
     1.279000E+00        27     -5.667731E+03      0.000000E+00
     1.279500E+00        27     -4.851133E+03      0.000000E+00
     1.280000E+00        27     -4.110240E+03      0.000000E+00
     1.280500E+00        27     -3.160443E+03      0.000000E+00
     1.281000E+00        27     -1.669938E+03      0.000000E+00
     1.281500E+00        27      1.448742E+05      1.013883E+01
     1.282000E+00        27      1.400266E+05      1.867854E+03
     1.282500E+00        27      1.461519E+05      3.724566E+03
     1.283000E+00        27      1.635790E+05      5.993846E+03
     1.283500E+00        27      1.640474E+05      7.698413E+03
     1.284000E+00        27      1.544760E+05      8.718748E+03
     1.284500E+00        27      1.716757E+05      1.120430E+04
     1.285000E+00        27      1.608900E+05      1.182074E+04
     1.285500E+00        27      1.653564E+05      1.341422E+04
     1.286000E+00        27      1.535777E+05      1.355710E+04
     1.286500E+00        27      1.411003E+05      1.340095E+04
     1.287000E+00        27      1.436086E+05      1.454225E+04
     1.287500E+00        27      1.295675E+05      1.388669E+04
     1.288000E+00        27      1.257416E+05      1.417732E+04
     1.288500E+00        27      1.097965E+05      1.295698E+04
     1.289000E+00        27      9.747522E+04      1.198760E+04
     1.289500E+00        27      9.550449E+04      1.219483E+04
     1.290000E+00        27      8.437710E+04      1.115062E+04
     1.290500E+00        27      8.056922E+04      1.098887E+04
     1.291000E+00        27      6.824467E+04      9.582908E+03
     1.291500E+00        27      6.253894E+04      9.021593E+03
     1.292000E+00        27      5.725581E+04      8.468783E+03
     1.292500E+00        27      5.301006E+04      8.025688E+03
     1.293000E+00        27      4.541095E+04      7.026478E+03
     1.293500E+00        27      4.328108E+04      6.834794E+03
     1.294000E+00        27      4.059834E+04      6.534921E+03
     1.294500E+00        27      3.487714E+04      5.715872E+03
     1.295000E+00        27      3.354794E+04      5.591987E+03
     1.295500E+00        27      2.926172E+04      4.956174E+03
     1.296000E+00        27      2.669419E+04      4.590209E+03
     1.296500E+00        27      2.534265E+04      4.420689E+03
     1.297000E+00        27      2.170602E+04      3.838138E+03
     1.297500E+00        27      2.028649E+04      3.633749E+03
     1.298000E+00        27      1.751876E+04      3.176771E+03
     1.298500E+00        27      1.548038E+04      2.840177E+03
     1.299000E+00        27      1.329681E+04      2.466934E+03
     1.299500E+00        27      1.109040E+04      2.079621E+03
     1.300000E+00        27      8.569357E+03      1.623335E+03
     1.300500E+00        27      6.257352E+03      1.196968E+03
     1.301000E+00        27      4.527769E+03      8.742384E+02
     1.301500E+00        27      2.628819E+03      5.121446E+02
     1.302000E+00        27      1.237340E+03      2.431365E+02
     1.302500E+00        27      4.082583E+02      8.088686E+01
     1.303000E+00        27      1.000126E+01      1.997287E+00
