     5.835000E-01        29     -2.484037E+01      0.000000E+00
     5.840000E-01        29     -1.556199E+02      0.000000E+00
     5.845000E-01        29     -3.459179E+02      0.000000E+00
     5.850000E-01        29     -6.598152E+02      0.000000E+00
     5.855000E-01        29     -9.297817E+02      0.000000E+00
     5.860000E-01        29     -1.219401E+03      0.000000E+00
     5.865000E-01        29     -1.703672E+03      0.000000E+00
     5.870000E-01        29     -1.942936E+03      0.000000E+00
     5.875000E-01        29     -2.417899E+03      0.000000E+00
     5.880000E-01        29     -2.661546E+03      0.000000E+00
     5.885000E-01        29     -2.923215E+03      0.000000E+00
     5.890000E-01        29     -3.478179E+03      0.000000E+00
     5.895000E-01        29     -3.758424E+03      0.000000E+00
     5.900000E-01        29     -4.307171E+03      0.000000E+00
     5.905000E-01        29     -4.688767E+03      0.000000E+00
     5.910000E-01        29     -5.147284E+03      0.000000E+00
     5.915000E-01        29     -5.893477E+03      0.000000E+00
     5.920000E-01        29     -6.468895E+03      0.000000E+00
     5.925000E-01        29     -7.024566E+03      0.000000E+00
     5.930000E-01        29     -7.980712E+03      0.000000E+00
     5.935000E-01        29     -8.603851E+03      0.000000E+00
     5.940000E-01        29     -9.488982E+03      0.000000E+00
     5.945000E-01        29     -1.008248E+04      0.000000E+00
     5.950000E-01        29     -1.065860E+04      0.000000E+00
     5.955000E-01        29     -1.156217E+04      0.000000E+00
     5.960000E-01        29     -1.200175E+04      0.000000E+00
     5.965000E-01        29     -1.282250E+04      0.000000E+00
     5.970000E-01        29     -1.289396E+04      0.000000E+00
     5.975000E-01        29     -1.307001E+04      0.000000E+00
     5.980000E-01        29     -1.371486E+04      0.000000E+00
     5.985000E-01        29     -1.339818E+04      0.000000E+00
     5.990000E-01        29     -1.387013E+04      0.000000E+00
     5.995000E-01        29     -1.288749E+04      0.000000E+00
     6.000000E-01        29     -1.222353E+04      0.000000E+00
     6.005000E-01        29     -1.209504E+04      0.000000E+00
     6.010000E-01        29     -1.070341E+04      0.000000E+00
     6.015000E-01        29     -9.418328E+03      0.000000E+00
     6.020000E-01        29     -8.651241E+03      0.000000E+00
     6.025000E-01        29     -6.962222E+03      0.000000E+00
     6.030000E-01        29     -5.673406E+03      0.000000E+00
     6.035000E-01        29     -3.926580E+03      0.000000E+00
     6.040000E-01        29     -2.340172E+03      0.000000E+00
     6.045000E-01        29     -7.999474E+02      0.000000E+00
     6.050000E-01        29      1.100973E+05      7.425915E+02
     6.055000E-01        29      1.049797E+05      2.041082E+03
     6.060000E-01        29      1.017527E+05      3.163125E+03
     6.065000E-01        29      9.916959E+04      4.145509E+03
     6.070000E-01        29      9.671772E+04      4.999990E+03
     6.075000E-01        29      9.762974E+04      5.941834E+03
     6.080000E-01        29      9.724579E+04      6.746203E+03
     6.085000E-01        29      1.019233E+05      7.878609E+03
     6.090000E-01        29      1.032223E+05      8.742858E+03
     6.095000E-01        29      1.080539E+05      9.900246E+03
     6.100000E-01        29      1.097184E+05      1.076511E+04
     6.105000E-01        29      1.112469E+05      1.159369E+04
     6.110000E-01        29      1.166733E+05      1.282918E+04
     6.115000E-01        29      1.131609E+05      1.305574E+04
     6.120000E-01        29      1.178392E+05      1.419824E+04
     6.125000E-01        29      1.117689E+05      1.400772E+04
     6.130000E-01        29      1.069573E+05      1.389510E+04
     6.135000E-01        29      1.073722E+05      1.441615E+04
     6.140000E-01        29      9.719865E+04      1.345199E+04
     6.145000E-01        29      9.565800E+04      1.361494E+04
     6.150000E-01        29      8.429138E+04      1.231286E+04
     6.155000E-01        29      7.639924E+04      1.143289E+04
     6.160000E-01        29      7.175496E+04      1.098256E+04
     6.165000E-01        29      6.193025E+04      9.680624E+03
     6.170000E-01        29      5.765441E+04      9.191964E+03
     6.175000E-01        29      4.849382E+04      7.876215E+03
     6.180000E-01        29      4.271585E+04      7.059970E+03
     6.185000E-01        29      3.798724E+04      6.382678E+03
     6.190000E-01        29      3.224446E+04      5.502717E+03
     6.195000E-01        29      2.793276E+04      4.837609E+03
     6.200000E-01        29      2.404859E+04      4.223459E+03
     6.205000E-01        29      2.054537E+04      3.656345E+03
     6.210000E-01        29      1.728385E+04      3.114902E+03
     6.215000E-01        29      1.431568E+04      2.611101E+03
     6.220000E-01        29      1.179863E+04      2.176740E+03
     6.225000E-01        29      9.368713E+03      1.747397E+03
     6.230000E-01        29      7.386638E+03      1.392141E+03
     6.235000E-01        29      5.476626E+03      1.042503E+03
     6.240000E-01        29      3.907460E+03      7.509333E+02
     6.245000E-01        29      2.531934E+03      4.910539E+02
     6.250000E-01        29      1.416453E+03      2.771320E+02
     6.255000E-01        29      5.898338E+02      1.163777E+02
     6.260000E-01        29      1.070791E+02      2.129891E+01
     6.735000E-01        29     -2.592490E+01      0.000000E+00
     6.740000E-01        29     -1.584503E+02      0.000000E+00
     6.745000E-01        29     -3.485771E+02      0.000000E+00
     6.750000E-01        29     -6.723276E+02      0.000000E+00
     6.755000E-01        29     -9.280464E+02      0.000000E+00
     6.760000E-01        29     -1.239863E+03      0.000000E+00
     6.765000E-01        29     -1.727403E+03      0.000000E+00
     6.770000E-01        29     -1.933761E+03      0.000000E+00
     6.775000E-01        29     -2.495314E+03      0.000000E+00
     6.780000E-01        29     -2.654452E+03      0.000000E+00
     6.785000E-01        29     -2.977231E+03      0.000000E+00
     6.790000E-01        29     -3.581241E+03      0.000000E+00
     6.795000E-01        29     -3.740439E+03      0.000000E+00
     6.800000E-01        29     -4.484882E+03      0.000000E+00
     6.805000E-01        29     -4.736517E+03      0.000000E+00
     6.810000E-01        29     -5.220969E+03      0.000000E+00
     6.815000E-01        29     -6.098552E+03      0.000000E+00
     6.820000E-01        29     -6.450949E+03      0.000000E+00
     6.825000E-01        29     -7.208424E+03      0.000000E+00
     6.830000E-01        29     -8.056387E+03      0.000000E+00
     6.835000E-01        29     -8.577349E+03      0.000000E+00
     6.840000E-01        29     -9.640883E+03      0.000000E+00
     6.845000E-01        29     -9.967818E+03      0.000000E+00
     6.850000E-01        29     -1.062364E+04      0.000000E+00
     6.855000E-01        29     -1.154854E+04      0.000000E+00
     6.860000E-01        29     -1.173036E+04      0.000000E+00
     6.865000E-01        29     -1.280193E+04      0.000000E+00
     6.870000E-01        29     -1.265389E+04      0.000000E+00
     6.875000E-01        29     -1.284693E+04      0.000000E+00
     6.880000E-01        29     -1.364566E+04      0.000000E+00
     6.885000E-01        29     -1.309595E+04      0.000000E+00
     6.890000E-01        29     -1.381629E+04      0.000000E+00
     6.895000E-01        29     -1.275401E+04      0.000000E+00
     6.900000E-01        29     -1.208590E+04      0.000000E+00
     6.905000E-01        29     -1.214171E+04      0.000000E+00
     6.910000E-01        29     -1.063279E+04      0.000000E+00
     6.915000E-01        29     -9.476788E+03      0.000000E+00
     6.920000E-01        29     -8.721904E+03      0.000000E+00
     6.925000E-01        29     -6.989155E+03      0.000000E+00
     6.930000E-01        29     -5.760546E+03      0.000000E+00
     6.935000E-01        29     -3.957313E+03      0.000000E+00
     6.940000E-01        29     -2.357874E+03      0.000000E+00
     6.945000E-01        29     -7.916545E+02      0.000000E+00
     6.950000E-01        29      1.119456E+05      7.764384E+02
     6.955000E-01        29      1.064771E+05      2.088808E+03
     6.960000E-01        29      1.031005E+05      3.221583E+03
     6.965000E-01        29      1.003927E+05      4.211500E+03
     6.970000E-01        29      9.658706E+04      5.006462E+03
     6.975000E-01        29      9.870729E+04      6.019952E+03
     6.980000E-01        29      9.672787E+04      6.721700E+03
     6.985000E-01        29      1.012410E+05      7.837020E+03
     6.990000E-01        29      1.034560E+05      8.773302E+03
     6.995000E-01        29      1.060692E+05      9.728636E+03
     7.000000E-01        29      1.096544E+05      1.076876E+04
     7.005000E-01        29      1.103200E+05      1.150649E+04
     7.010000E-01        29      1.151431E+05      1.267016E+04
     7.015000E-01        29      1.134036E+05      1.309233E+04
     7.020000E-01        29      1.163159E+05      1.402303E+04
     7.025000E-01        29      1.114553E+05      1.397597E+04
     7.030000E-01        29      1.066841E+05      1.386647E+04
     7.035000E-01        29      1.064101E+05      1.429347E+04
     7.040000E-01        29      9.748330E+04      1.349704E+04
     7.045000E-01        29      9.522395E+04      1.355842E+04
     7.050000E-01        29      8.408938E+04      1.228778E+04
     7.055000E-01        29      7.652816E+04      1.145603E+04
     7.060000E-01        29      7.146819E+04      1.094209E+04
     7.065000E-01        29      6.190531E+04      9.679565E+03
     7.070000E-01        29      5.769949E+04      9.201685E+03
     7.075000E-01        29      4.828248E+04      7.843920E+03
     7.080000E-01        29      4.266167E+04      7.052736E+03
     7.085000E-01        29      3.801227E+04      6.388355E+03
     7.090000E-01        29      3.199113E+04      5.460674E+03
     7.095000E-01        29      2.803279E+04      4.855935E+03
     7.100000E-01        29      2.395995E+04      4.208716E+03
     7.105000E-01        29      2.042395E+04      3.635412E+03
     7.110000E-01        29      1.743881E+04      3.143384E+03
     7.115000E-01        29      1.415827E+04      2.582825E+03
     7.120000E-01        29      1.189992E+04      2.195780E+03
     7.125000E-01        29      9.376949E+03      1.749201E+03
     7.130000E-01        29      7.356115E+03      1.386592E+03
     7.135000E-01        29      5.534580E+03      1.053682E+03
     7.140000E-01        29      3.879177E+03      7.455982E+02
     7.145000E-01        29      2.541236E+03      4.929215E+02
     7.150000E-01        29      1.410998E+03      2.760989E+02
     7.155000E-01        29      5.826885E+02      1.149816E+02
     7.160000E-01        29      1.035003E+02      2.058941E+01
     1.213500E+00        29     -3.609906E+01      0.000000E+00
     1.214000E+00        29     -1.638525E+02      0.000000E+00
     1.214500E+00        29     -3.614111E+02      0.000000E+00
     1.215000E+00        29     -6.885917E+02      0.000000E+00
     1.215500E+00        29     -9.513873E+02      0.000000E+00
     1.216000E+00        29     -1.373286E+03      0.000000E+00
     1.216500E+00        29     -1.650107E+03      0.000000E+00
     1.217000E+00        29     -1.923871E+03      0.000000E+00
     1.217500E+00        29     -2.435568E+03      0.000000E+00
     1.218000E+00        29     -2.669616E+03      0.000000E+00
     1.218500E+00        29     -2.935363E+03      0.000000E+00
     1.219000E+00        29     -3.527251E+03      0.000000E+00
     1.219500E+00        29     -3.776883E+03      0.000000E+00
     1.220000E+00        29     -4.371994E+03      0.000000E+00
     1.220500E+00        29     -4.757612E+03      0.000000E+00
     1.221000E+00        29     -5.192154E+03      0.000000E+00
     1.221500E+00        29     -6.015758E+03      0.000000E+00
     1.222000E+00        29     -6.527757E+03      0.000000E+00
     1.222500E+00        29     -7.377692E+03      0.000000E+00
     1.223000E+00        29     -7.966424E+03      0.000000E+00
     1.223500E+00        29     -8.605030E+03      0.000000E+00
     1.224000E+00        29     -9.562040E+03      0.000000E+00
     1.224500E+00        29     -1.012511E+04      0.000000E+00
     1.225000E+00        29     -1.107999E+04      0.000000E+00
     1.225500E+00        29     -1.143399E+04      0.000000E+00
     1.226000E+00        29     -1.194962E+04      0.000000E+00
     1.226500E+00        29     -1.277937E+04      0.000000E+00
     1.227000E+00        29     -1.289171E+04      0.000000E+00
     1.227500E+00        29     -1.303558E+04      0.000000E+00
     1.228000E+00        29     -1.368895E+04      0.000000E+00
     1.228500E+00        29     -1.337883E+04      0.000000E+00
     1.229000E+00        29     -1.381196E+04      0.000000E+00
     1.229500E+00        29     -1.285288E+04      0.000000E+00
     1.230000E+00        29     -1.215999E+04      0.000000E+00
     1.230500E+00        29     -1.201972E+04      0.000000E+00
     1.231000E+00        29     -1.063274E+04      0.000000E+00
     1.231500E+00        29     -1.001010E+04      0.000000E+00
     1.232000E+00        29     -8.200585E+03      0.000000E+00
     1.232500E+00        29     -6.735067E+03      0.000000E+00
     1.233000E+00        29     -5.483485E+03      0.000000E+00
     1.233500E+00        29     -3.758596E+03      0.000000E+00
     1.234000E+00        29     -2.248286E+03      0.000000E+00
     1.234500E+00        29     -6.272934E+02      0.000000E+00
     1.235000E+00        29      1.088985E+05      8.795239E+02
     1.235500E+00        29      1.043762E+05      2.156592E+03
     1.236000E+00        29      1.011086E+05      3.256367E+03
     1.236500E+00        29      9.879729E+04      4.231992E+03
     1.237000E+00        29      9.670006E+04      5.091463E+03
     1.237500E+00        29      9.714775E+04      5.998601E+03
     1.238000E+00        29      9.768915E+04      6.857497E+03
     1.238500E+00        29      1.016483E+05      7.935503E+03
     1.239000E+00        29      1.032593E+05      8.820198E+03
     1.239500E+00        29      1.085194E+05      1.001596E+04
     1.240000E+00        29      1.090099E+05      1.076449E+04
     1.240500E+00        29      1.144979E+05      1.200056E+04
     1.241000E+00        29      1.147450E+05      1.268142E+04
     1.241500E+00        29      1.126298E+05      1.305401E+04
     1.242000E+00        29      1.174780E+05      1.421345E+04
     1.242500E+00        29      1.106206E+05      1.391617E+04
     1.243000E+00        29      1.120336E+05      1.460487E+04
     1.243500E+00        29      1.037853E+05      1.397880E+04
     1.244000E+00        29      9.598702E+04      1.332320E+04
     1.244500E+00        29      9.409309E+04      1.342850E+04
     1.245000E+00        29      8.326622E+04      1.219372E+04
     1.245500E+00        29      7.570702E+04      1.135586E+04
     1.246000E+00        29      7.068842E+04      1.084301E+04
     1.246500E+00        29      6.156696E+04      9.643565E+03
     1.247000E+00        29      5.689778E+04      9.088783E+03
     1.247500E+00        29      4.809145E+04      7.824994E+03
     1.248000E+00        29      4.232726E+04      7.007670E+03
     1.248500E+00        29      3.754516E+04      6.318551E+03
     1.249000E+00        29      3.200314E+04      5.469846E+03
     1.249500E+00        29      2.827013E+04      4.903095E+03
     1.250000E+00        29      2.348079E+04      4.129381E+03
     1.250500E+00        29      2.015281E+04      3.591143E+03
     1.251000E+00        29      1.693874E+04      3.056480E+03
     1.251500E+00        29      1.405744E+04      2.567017E+03
     1.252000E+00        29      1.151160E+04      2.126171E+03
     1.252500E+00        29      9.160602E+03      1.710413E+03
     1.253000E+00        29      7.174738E+03      1.353591E+03
     1.253500E+00        29      5.304446E+03      1.010718E+03
     1.254000E+00        29      3.745838E+03      7.205493E+02
     1.254500E+00        29      2.401300E+03      4.661378E+02
     1.255000E+00        29      1.316422E+03      2.577835E+02
     1.255500E+00        29      5.228031E+02      1.032378E+02
     1.256000E+00        29      7.865636E+01      1.565788E+01
     1.303500E+00        29     -3.747407E+01      0.000000E+00
     1.304000E+00        29     -1.658653E+02      0.000000E+00
     1.304500E+00        29     -3.668317E+02      0.000000E+00
     1.305000E+00        29     -6.977801E+02      0.000000E+00
     1.305500E+00        29     -9.485117E+02      0.000000E+00
     1.306000E+00        29     -1.407176E+03      0.000000E+00
     1.306500E+00        29     -1.646212E+03      0.000000E+00
     1.307000E+00        29     -1.946721E+03      0.000000E+00
     1.307500E+00        29     -2.498452E+03      0.000000E+00
     1.308000E+00        29     -2.642106E+03      0.000000E+00
     1.308500E+00        29     -3.247438E+03      0.000000E+00
     1.309000E+00        29     -3.432645E+03      0.000000E+00
     1.309500E+00        29     -3.760333E+03      0.000000E+00
     1.310000E+00        29     -4.488746E+03      0.000000E+00
     1.310500E+00        29     -4.723872E+03      0.000000E+00
     1.311000E+00        29     -5.323575E+03      0.000000E+00
     1.311500E+00        29     -6.103938E+03      0.000000E+00
     1.312000E+00        29     -6.526790E+03      0.000000E+00
     1.312500E+00        29     -7.567922E+03      0.000000E+00
     1.313000E+00        29     -7.948115E+03      0.000000E+00
     1.313500E+00        29     -8.645246E+03      0.000000E+00
     1.314000E+00        29     -9.673054E+03      0.000000E+00
     1.314500E+00        29     -9.963331E+03      0.000000E+00
     1.315000E+00        29     -1.114491E+04      0.000000E+00
     1.315500E+00        29     -1.131015E+04      0.000000E+00
     1.316000E+00        29     -1.173831E+04      0.000000E+00
     1.316500E+00        29     -1.278000E+04      0.000000E+00
     1.317000E+00        29     -1.256169E+04      0.000000E+00
     1.317500E+00        29     -1.365206E+04      0.000000E+00
     1.318000E+00        29     -1.316059E+04      0.000000E+00
     1.318500E+00        29     -1.294691E+04      0.000000E+00
     1.319000E+00        29     -1.367456E+04      0.000000E+00
     1.319500E+00        29     -1.257822E+04      0.000000E+00
     1.320000E+00        29     -1.204902E+04      0.000000E+00
     1.320500E+00        29     -1.198492E+04      0.000000E+00
     1.321000E+00        29     -1.052707E+04      0.000000E+00
     1.321500E+00        29     -1.009385E+04      0.000000E+00
     1.322000E+00        29     -8.199256E+03      0.000000E+00
     1.322500E+00        29     -6.785421E+03      0.000000E+00
     1.323000E+00        29     -5.550759E+03      0.000000E+00
     1.323500E+00        29     -3.782498E+03      0.000000E+00
     1.324000E+00        29     -2.269520E+03      0.000000E+00
     1.324500E+00        29     -6.156540E+02      0.000000E+00
     1.325000E+00        29      1.107349E+05      9.153124E+02
     1.325500E+00        29      1.058434E+05      2.205249E+03
     1.326000E+00        29      1.027610E+05      3.325951E+03
     1.326500E+00        29      9.710816E+04      4.173901E+03
     1.327000E+00        29      9.845917E+04      5.197463E+03
     1.327500E+00        29      9.852283E+04      6.095929E+03
     1.328000E+00        29      9.700341E+04      6.820738E+03
     1.328500E+00        29      1.019192E+05      7.967802E+03
     1.329000E+00        29      1.028657E+05      8.797095E+03
     1.329500E+00        29      1.068678E+05      9.873770E+03
     1.330000E+00        29      1.091909E+05      1.079218E+04
     1.330500E+00        29      1.127697E+05      1.182898E+04
     1.331000E+00        29      1.137711E+05      1.258287E+04
     1.331500E+00        29      1.123380E+05      1.302865E+04
     1.332000E+00        29      1.155388E+05      1.398705E+04
     1.332500E+00        29      1.108319E+05      1.395021E+04
     1.333000E+00        29      1.111192E+05      1.449277E+04
     1.333500E+00        29      1.030029E+05      1.387966E+04
     1.334000E+00        29      9.621816E+04      1.336084E+04
     1.334500E+00        29      9.314655E+04      1.329854E+04
     1.335000E+00        29      8.331008E+04      1.220451E+04
     1.335500E+00        29      7.932300E+04      1.190222E+04
     1.336000E+00        29      6.840536E+04      1.049607E+04
     1.336500E+00        29      6.107236E+04      9.568881E+03
     1.337000E+00        29      5.598301E+04      8.945106E+03
     1.337500E+00        29      4.756792E+04      7.741802E+03
     1.338000E+00        29      4.222299E+04      6.992102E+03
     1.338500E+00        29      3.696929E+04      6.223061E+03
     1.339000E+00        29      3.190337E+04      5.453975E+03
     1.339500E+00        29      2.821226E+04      4.894062E+03
     1.340000E+00        29      2.314967E+04      4.071941E+03
     1.340500E+00        29      2.032055E+04      3.621703E+03
     1.341000E+00        29      1.680228E+04      3.032391E+03
     1.341500E+00        29      1.405478E+04      2.566962E+03
     1.342000E+00        29      1.161266E+04      2.145180E+03
     1.342500E+00        29      9.094202E+03      1.698275E+03
     1.343000E+00        29      7.250064E+03      1.368002E+03
     1.343500E+00        29      5.304589E+03      1.010886E+03
     1.344000E+00        29      3.743923E+03      7.202772E+02
     1.344500E+00        29      2.412504E+03      4.683728E+02
     1.345000E+00        29      1.306631E+03      2.558976E+02
     1.345500E+00        29      5.182015E+02      1.023412E+02
     1.346000E+00        29      7.534029E+01      1.499947E+01
