     6.050000E-01        30     -8.639152E+00      0.000000E+00
     6.055000E-01        30     -7.326201E+01      0.000000E+00
     6.060000E-01        30     -1.940444E+02      0.000000E+00
     6.065000E-01        30     -3.651368E+02      0.000000E+00
     6.070000E-01        30     -5.809789E+02      0.000000E+00
     6.075000E-01        30     -8.663401E+02      0.000000E+00
     6.080000E-01        30     -1.194243E+03      0.000000E+00
     6.085000E-01        30     -1.654465E+03      0.000000E+00
     6.090000E-01        30     -2.140819E+03      0.000000E+00
     6.095000E-01        30     -2.789937E+03      0.000000E+00
     6.100000E-01        30     -3.455642E+03      0.000000E+00
     6.105000E-01        30     -4.204757E+03      0.000000E+00
     6.110000E-01        30     -5.222291E+03      0.000000E+00
     6.115000E-01        30     -5.933047E+03      0.000000E+00
     6.120000E-01        30     -7.171780E+03      0.000000E+00
     6.125000E-01        30     -7.836680E+03      0.000000E+00
     6.130000E-01        30     -8.585246E+03      0.000000E+00
     6.135000E-01        30     -9.814706E+03      0.000000E+00
     6.140000E-01        30     -1.007370E+04      0.000000E+00
     6.145000E-01        30     -1.120041E+04      0.000000E+00
     6.150000E-01        30     -1.111789E+04      0.000000E+00
     6.155000E-01        30     -1.132593E+04      0.000000E+00
     6.160000E-01        30     -1.193597E+04      0.000000E+00
     6.165000E-01        30     -1.154649E+04      0.000000E+00
     6.170000E-01        30     -1.204149E+04      0.000000E+00
     6.175000E-01        30     -1.134579E+04      0.000000E+00
     6.180000E-01        30     -1.120172E+04      0.000000E+00
     6.185000E-01        30     -1.117869E+04      0.000000E+00
     6.190000E-01        30     -1.066748E+04      0.000000E+00
     6.195000E-01        30     -1.041577E+04      0.000000E+00
     6.200000E-01        30     -1.014205E+04      0.000000E+00
     6.205000E-01        30     -9.843175E+03      0.000000E+00
     6.210000E-01        30     -9.460400E+03      0.000000E+00
     6.215000E-01        30     -9.017048E+03      0.000000E+00
     6.220000E-01        30     -8.631305E+03      0.000000E+00
     6.225000E-01        30     -8.055671E+03      0.000000E+00
     6.230000E-01        30     -7.583626E+03      0.000000E+00
     6.235000E-01        30     -6.858237E+03      0.000000E+00
     6.240000E-01        30     -6.151027E+03      0.000000E+00
     6.245000E-01        30     -5.242208E+03      0.000000E+00
     6.250000E-01        30     -4.156980E+03      0.000000E+00
     6.255000E-01        30     -2.841125E+03      0.000000E+00
     6.260000E-01        30     -1.293449E+03      0.000000E+00
     6.265000E-01        30      1.407218E+05      5.787651E+02
     6.270000E-01        30      1.438521E+05      2.450452E+03
     6.275000E-01        30      1.542662E+05      4.454411E+03
     6.280000E-01        30      1.525470E+05      6.065886E+03
     6.285000E-01        30      1.526850E+05      7.605602E+03
     6.290000E-01        30      1.635064E+05      9.665439E+03
     6.295000E-01        30      1.568891E+05      1.062891E+04
     6.300000E-01        30      1.660219E+05      1.258193E+04
     6.305000E-01        30      1.549790E+05      1.290727E+04
     6.310000E-01        30      1.495697E+05      1.350582E+04
     6.315000E-01        30      1.566701E+05      1.517692E+04
     6.320000E-01        30      1.452213E+05      1.496451E+04
     6.325000E-01        30      1.486731E+05      1.618401E+04
     6.330000E-01        30      1.316999E+05      1.505770E+04
     6.335000E-01        30      1.219159E+05      1.456962E+04
     6.340000E-01        30      1.190071E+05      1.480414E+04
     6.345000E-01        30      1.048881E+05      1.353377E+04
     6.350000E-01        30      1.035055E+05      1.381032E+04
     6.355000E-01        30      8.401735E+04      1.156086E+04
     6.360000E-01        30      7.519460E+04      1.064542E+04
     6.365000E-01        30      6.990503E+04      1.016090E+04
     6.370000E-01        30      6.082062E+04      9.059706E+03
     6.375000E-01        30      5.327319E+04      8.118755E+03
     6.380000E-01        30      5.178510E+04      8.062214E+03
     6.385000E-01        30      4.605447E+04      7.314839E+03
     6.390000E-01        30      4.219048E+04      6.828119E+03
     6.395000E-01        30      3.453392E+04      5.688591E+03
     6.400000E-01        30      3.062143E+04      5.128820E+03
     6.405000E-01        30      2.609415E+04      4.439834E+03
     6.410000E-01        30      2.249906E+04      3.885542E+03
     6.415000E-01        30      1.947287E+04      3.410690E+03
     6.420000E-01        30      1.701005E+04      3.019471E+03
     6.425000E-01        30      1.444190E+04      2.596418E+03
     6.430000E-01        30      1.028166E+04      1.870988E+03
     6.435000E-01        30      9.775362E+03      1.799496E+03
     6.440000E-01        30      6.788271E+03      1.263447E+03
     6.445000E-01        30      5.598690E+03      1.053052E+03
     6.450000E-01        30      4.835695E+03      9.187288E+02
     6.455000E-01        30      3.021116E+03      5.795274E+02
     6.460000E-01        30      2.249772E+03      4.355601E+02
     6.465000E-01        30      1.492906E+03      2.915956E+02
     6.470000E-01        30      5.645450E+02      1.112070E+02
     6.475000E-01        30      1.538483E+02      3.055386E+01
     6.950000E-01        30     -9.297879E+00      0.000000E+00
     6.955000E-01        30     -7.572248E+01      0.000000E+00
     6.960000E-01        30     -1.988406E+02      0.000000E+00
     6.965000E-01        30     -3.726119E+02      0.000000E+00
     6.970000E-01        30     -5.838108E+02      0.000000E+00
     6.975000E-01        30     -8.803655E+02      0.000000E+00
     6.980000E-01        30     -1.193011E+03      0.000000E+00
     6.985000E-01        30     -1.649558E+03      0.000000E+00
     6.990000E-01        30     -2.152808E+03      0.000000E+00
     6.995000E-01        30     -2.746906E+03      0.000000E+00
     7.000000E-01        30     -3.463080E+03      0.000000E+00
     7.005000E-01        30     -4.180255E+03      0.000000E+00
     7.010000E-01        30     -5.165924E+03      0.000000E+00
     7.015000E-01        30     -5.958911E+03      0.000000E+00
     7.020000E-01        30     -7.093872E+03      0.000000E+00
     7.025000E-01        30     -7.830250E+03      0.000000E+00
     7.030000E-01        30     -8.579658E+03      0.000000E+00
     7.035000E-01        30     -9.744655E+03      0.000000E+00
     7.040000E-01        30     -1.012121E+04      0.000000E+00
     7.045000E-01        30     -1.116893E+04      0.000000E+00
     7.050000E-01        30     -1.111008E+04      0.000000E+00
     7.055000E-01        30     -1.136399E+04      0.000000E+00
     7.060000E-01        30     -1.190789E+04      0.000000E+00
     7.065000E-01        30     -1.156075E+04      0.000000E+00
     7.070000E-01        30     -1.207061E+04      0.000000E+00
     7.075000E-01        30     -1.131485E+04      0.000000E+00
     7.080000E-01        30     -1.120599E+04      0.000000E+00
     7.085000E-01        30     -1.120477E+04      0.000000E+00
     7.090000E-01        30     -1.060171E+04      0.000000E+00
     7.095000E-01        30     -1.047134E+04      0.000000E+00
     7.100000E-01        30     -1.012289E+04      0.000000E+00
     7.105000E-01        30     -9.803361E+03      0.000000E+00
     7.110000E-01        30     -9.564004E+03      0.000000E+00
     7.115000E-01        30     -8.936503E+03      0.000000E+00
     7.120000E-01        30     -8.724878E+03      0.000000E+00
     7.125000E-01        30     -8.082375E+03      0.000000E+00
     7.130000E-01        30     -7.572651E+03      0.000000E+00
     7.135000E-01        30     -6.952007E+03      0.000000E+00
     7.140000E-01        30     -6.128386E+03      0.000000E+00
     7.145000E-01        30     -5.284631E+03      0.000000E+00
     7.150000E-01        30     -4.165171E+03      0.000000E+00
     7.155000E-01        30     -2.832005E+03      0.000000E+00
     7.160000E-01        30     -1.277063E+03      0.000000E+00
     7.165000E-01        30      1.414197E+05      6.091310E+02
     7.170000E-01        30      1.445036E+05      2.487245E+03
     7.175000E-01        30      1.545888E+05      4.488963E+03
     7.180000E-01        30      1.536129E+05      6.131375E+03
     7.185000E-01        30      1.521244E+05      7.598826E+03
     7.190000E-01        30      1.646431E+05      9.753852E+03
     7.195000E-01        30      1.566592E+05      1.063210E+04
     7.200000E-01        30      1.658893E+05      1.259040E+04
     7.205000E-01        30      1.559750E+05      1.300648E+04
     7.210000E-01        30      1.483484E+05      1.341002E+04
     7.215000E-01        30      1.577750E+05      1.529841E+04
     7.220000E-01        30      1.444882E+05      1.490141E+04
     7.225000E-01        30      1.484047E+05      1.616683E+04
     7.230000E-01        30      1.325150E+05      1.516105E+04
     7.235000E-01        30      1.219244E+05      1.457946E+04
     7.240000E-01        30      1.226321E+05      1.526348E+04
     7.245000E-01        30      1.086462E+05      1.402574E+04
     7.250000E-01        30      1.095917E+05      1.462912E+04
     7.255000E-01        30      9.194529E+04      1.265713E+04
     7.260000E-01        30      8.328082E+04      1.179484E+04
     7.265000E-01        30      8.005003E+04      1.163975E+04
     7.270000E-01        30      7.039022E+04      1.048874E+04
     7.275000E-01        30      6.270457E+04      9.559119E+03
     7.280000E-01        30      6.026437E+04      9.385105E+03
     7.285000E-01        30      5.283442E+04      8.394039E+03
     7.290000E-01        30      4.791454E+04      7.756535E+03
     7.295000E-01        30      3.868504E+04      6.373955E+03
     7.300000E-01        30      3.358735E+04      5.626895E+03
     7.305000E-01        30      2.806066E+04      4.775481E+03
     7.310000E-01        30      2.355713E+04      4.069116E+03
     7.315000E-01        30      1.989564E+04      3.485428E+03
     7.320000E-01        30      1.699897E+04      3.018072E+03
     7.325000E-01        30      1.407665E+04      2.531203E+03
     7.330000E-01        30      9.790206E+03      1.781860E+03
     7.335000E-01        30      9.216059E+03      1.696812E+03
     7.340000E-01        30      6.236182E+03      1.160871E+03
     7.345000E-01        30      5.137518E+03      9.664532E+02
     7.350000E-01        30      4.458232E+03      8.471349E+02
     7.355000E-01        30      2.750384E+03      5.276655E+02
     7.360000E-01        30      2.076284E+03      4.020248E+02
     7.365000E-01        30      1.393724E+03      2.722573E+02
     7.370000E-01        30      5.221051E+02      1.028592E+02
     7.375000E-01        30      1.425304E+02      2.830941E+01
     1.235000E+00        30     -1.233741E+01      0.000000E+00
     1.235500E+00        30     -8.282097E+01      0.000000E+00
     1.236000E+00        30     -2.083447E+02      0.000000E+00
     1.236500E+00        30     -3.844747E+02      0.000000E+00
     1.237000E+00        30     -6.064477E+02      0.000000E+00
     1.237500E+00        30     -8.930420E+02      0.000000E+00
     1.238000E+00        30     -1.236173E+03      0.000000E+00
     1.238500E+00        30     -1.693598E+03      0.000000E+00
     1.239000E+00        30     -2.191744E+03      0.000000E+00
     1.239500E+00        30     -2.861060E+03      0.000000E+00
     1.240000E+00        30     -3.499409E+03      0.000000E+00
     1.240500E+00        30     -4.404481E+03      0.000000E+00
     1.241000E+00        30     -5.220920E+03      0.000000E+00
     1.241500E+00        30     -5.996915E+03      0.000000E+00
     1.242000E+00        30     -7.254855E+03      0.000000E+00
     1.242500E+00        30     -7.864713E+03      0.000000E+00
     1.243000E+00        30     -9.113316E+03      0.000000E+00
     1.243500E+00        30     -9.609464E+03      0.000000E+00
     1.244000E+00        30     -1.007273E+04      0.000000E+00
     1.244500E+00        30     -1.115157E+04      0.000000E+00
     1.245000E+00        30     -1.111381E+04      0.000000E+00
     1.245500E+00        30     -1.135511E+04      0.000000E+00
     1.246000E+00        30     -1.189502E+04      0.000000E+00
     1.246500E+00        30     -1.161103E+04      0.000000E+00
     1.247000E+00        30     -1.202010E+04      0.000000E+00
     1.247500E+00        30     -1.138137E+04      0.000000E+00
     1.248000E+00        30     -1.122881E+04      0.000000E+00
     1.248500E+00        30     -1.117871E+04      0.000000E+00
     1.249000E+00        30     -1.071473E+04      0.000000E+00
     1.249500E+00        30     -1.067135E+04      0.000000E+00
     1.250000E+00        30     -1.002850E+04      0.000000E+00
     1.250500E+00        30     -9.782861E+03      0.000000E+00
     1.251000E+00        30     -9.400304E+03      0.000000E+00
     1.251500E+00        30     -8.984849E+03      0.000000E+00
     1.252000E+00        30     -8.554529E+03      0.000000E+00
     1.252500E+00        30     -8.012448E+03      0.000000E+00
     1.253000E+00        30     -7.506923E+03      0.000000E+00
     1.253500E+00        30     -6.787026E+03      0.000000E+00
     1.254000E+00        30     -6.047290E+03      0.000000E+00
     1.254500E+00        30     -5.128635E+03      0.000000E+00
     1.255000E+00        30     -4.026707E+03      0.000000E+00
     1.255500E+00        30     -2.685717E+03      0.000000E+00
     1.256000E+00        30     -1.113516E+03      0.000000E+00
     1.256500E+00        30      1.407248E+05      7.695492E+02
     1.257000E+00        30      1.438523E+05      2.628842E+03
     1.257500E+00        30      1.541633E+05      4.626979E+03
     1.258000E+00        30      1.526280E+05      6.229248E+03
     1.258500E+00        30      1.635253E+05      8.304187E+03
     1.259000E+00        30      1.573813E+05      9.444891E+03
     1.259500E+00        30      1.538542E+05      1.055193E+04
     1.260000E+00        30      1.637591E+05      1.253806E+04
     1.260500E+00        30      1.525100E+05      1.281268E+04
     1.261000E+00        30      1.590318E+05      1.446865E+04
     1.261500E+00        30      1.424567E+05      1.389119E+04
     1.262000E+00        30      1.329444E+05      1.377940E+04
     1.262500E+00        30      1.347471E+05      1.474443E+04
     1.263000E+00        30      1.192637E+05      1.369960E+04
     1.263500E+00        30      1.198494E+05      1.438323E+04
     1.264000E+00        30      1.006307E+05      1.256631E+04
     1.264500E+00        30      9.184818E+04      1.189288E+04
     1.265000E+00        30      9.097478E+04      1.217755E+04
     1.265500E+00        30      7.670703E+04      1.058634E+04
     1.266000E+00        30      6.805926E+04      9.661767E+03
     1.266500E+00        30      6.515255E+04      9.494289E+03
     1.267000E+00        30      5.847146E+04      8.730482E+03
     1.267500E+00        30      5.739520E+04      8.766350E+03
     1.268000E+00        30      4.857326E+04      7.577875E+03
     1.268500E+00        30      4.534309E+04      7.215876E+03
     1.269000E+00        30      4.143995E+04      6.718931E+03
     1.269500E+00        30      3.582298E+04      5.911106E+03
     1.270000E+00        30      3.339437E+04      5.602365E+03
     1.270500E+00        30      2.606467E+04      4.441642E+03
     1.271000E+00        30      2.362401E+04      4.085762E+03
     1.271500E+00        30      1.976813E+04      3.467189E+03
     1.272000E+00        30      1.792255E+04      3.185624E+03
     1.272500E+00        30      1.391878E+04      2.505492E+03
     1.273000E+00        30      1.105190E+04      2.013542E+03
     1.273500E+00        30      1.032143E+04      1.902172E+03
     1.274000E+00        30      6.979953E+03      1.300529E+03
     1.274500E+00        30      5.681570E+03      1.069745E+03
     1.275000E+00        30      4.877231E+03      9.275369E+02
     1.275500E+00        30      2.947955E+03      5.660289E+02
     1.276000E+00        30      2.179930E+03      4.224219E+02
     1.276500E+00        30      1.144703E+03      2.237791E+02
     1.277000E+00        30      5.684460E+02      1.120691E+02
     1.277500E+00        30      1.260642E+02      2.505614E+01
     1.325000E+00        30     -1.315326E+01      0.000000E+00
     1.325500E+00        30     -8.548247E+01      0.000000E+00
     1.326000E+00        30     -2.140522E+02      0.000000E+00
     1.326500E+00        30     -3.808534E+02      0.000000E+00
     1.327000E+00        30     -6.212439E+02      0.000000E+00
     1.327500E+00        30     -9.102149E+02      0.000000E+00
     1.328000E+00        30     -1.232715E+03      0.000000E+00
     1.328500E+00        30     -1.704404E+03      0.000000E+00
     1.329000E+00        30     -2.190575E+03      0.000000E+00
     1.329500E+00        30     -2.825885E+03      0.000000E+00
     1.330000E+00        30     -3.514733E+03      0.000000E+00
     1.330500E+00        30     -4.348876E+03      0.000000E+00
     1.331000E+00        30     -5.188707E+03      0.000000E+00
     1.331500E+00        30     -5.994516E+03      0.000000E+00
     1.332000E+00        30     -7.149937E+03      0.000000E+00
     1.332500E+00        30     -7.895349E+03      0.000000E+00
     1.333000E+00        30     -9.056116E+03      0.000000E+00
     1.333500E+00        30     -9.554499E+03      0.000000E+00
     1.334000E+00        30     -1.011492E+04      0.000000E+00
     1.334500E+00        30     -1.105850E+04      0.000000E+00
     1.335000E+00        30     -1.113851E+04      0.000000E+00
     1.335500E+00        30     -1.191730E+04      0.000000E+00
     1.336000E+00        30     -1.152982E+04      0.000000E+00
     1.336500E+00        30     -1.153662E+04      0.000000E+00
     1.337000E+00        30     -1.184618E+04      0.000000E+00
     1.337500E+00        30     -1.127593E+04      0.000000E+00
     1.338000E+00        30     -1.121966E+04      0.000000E+00
     1.338500E+00        30     -1.102569E+04      0.000000E+00
     1.339000E+00        30     -1.069957E+04      0.000000E+00
     1.339500E+00        30     -1.066817E+04      0.000000E+00
     1.340000E+00        30     -9.904974E+03      0.000000E+00
     1.340500E+00        30     -9.882876E+03      0.000000E+00
     1.341000E+00        30     -9.343031E+03      0.000000E+00
     1.341500E+00        30     -9.002009E+03      0.000000E+00
     1.342000E+00        30     -8.649083E+03      0.000000E+00
     1.342500E+00        30     -7.973912E+03      0.000000E+00
     1.343000E+00        30     -7.606426E+03      0.000000E+00
     1.343500E+00        30     -6.808265E+03      0.000000E+00
     1.344000E+00        30     -6.066254E+03      0.000000E+00
     1.344500E+00        30     -5.175806E+03      0.000000E+00
     1.345000E+00        30     -4.020943E+03      0.000000E+00
     1.345500E+00        30     -2.687515E+03      0.000000E+00
     1.346000E+00        30     -1.093335E+03      0.000000E+00
     1.346500E+00        30      1.415133E+05      8.011237E+02
     1.347000E+00        30      1.441800E+05      2.660245E+03
     1.347500E+00        30      1.547984E+05      4.671102E+03
     1.348000E+00        30      1.529253E+05      6.264199E+03
     1.348500E+00        30      1.632681E+05      8.313648E+03
     1.349000E+00        30      1.582303E+05      9.516081E+03
     1.349500E+00        30      1.530107E+05      1.051228E+04
     1.350000E+00        30      1.641598E+05      1.258695E+04
     1.350500E+00        30      1.524650E+05      1.282470E+04
     1.351000E+00        30      1.581112E+05      1.440024E+04
     1.351500E+00        30      1.432173E+05      1.397840E+04
     1.352000E+00        30      1.317611E+05      1.366803E+04
     1.352500E+00        30      1.347516E+05      1.475579E+04
     1.353000E+00        30      1.190820E+05      1.368779E+04
     1.353500E+00        30      1.185587E+05      1.423686E+04
     1.354000E+00        30      1.009437E+05      1.261227E+04
     1.354500E+00        30      9.067783E+04      1.174719E+04
     1.355000E+00        30      9.046527E+04      1.211490E+04
     1.355500E+00        30      7.655224E+04      1.056944E+04
     1.356000E+00        30      6.683853E+04      9.492179E+03
     1.356500E+00        30      6.528177E+04      9.516571E+03
     1.357000E+00        30      5.781788E+04      8.635812E+03
     1.357500E+00        30      5.695684E+04      8.702141E+03
     1.358000E+00        30      4.872160E+04      7.603263E+03
     1.358500E+00        30      4.483908E+04      7.137646E+03
     1.359000E+00        30      4.162666E+04      6.750962E+03
     1.359500E+00        30      3.588136E+04      5.922192E+03
     1.360000E+00        30      3.330117E+04      5.588023E+03
     1.360500E+00        30      2.641452E+04      4.502244E+03
     1.361000E+00        30      2.358942E+04      4.080625E+03
     1.361500E+00        30      1.995021E+04      3.499813E+03
     1.362000E+00        30      1.809331E+04      3.216578E+03
     1.362500E+00        30      1.390027E+04      2.502605E+03
     1.363000E+00        30      1.119652E+04      2.040236E+03
     1.363500E+00        30      1.028998E+04      1.896682E+03
     1.364000E+00        30      6.977513E+03      1.300275E+03
     1.364500E+00        30      5.674537E+03      1.068579E+03
     1.365000E+00        30      4.818942E+03      9.165808E+02
     1.365500E+00        30      2.919802E+03      5.606991E+02
     1.366000E+00        30      2.144876E+03      4.156829E+02
     1.366500E+00        30      1.120167E+03      2.190097E+02
     1.367000E+00        30      5.545504E+02      1.093426E+02
     1.367500E+00        30      1.203702E+02      2.392716E+01
