     8.640000E-01        42     -9.307249E-01      0.000000E+00
     8.645000E-01        42     -6.058694E+01      0.000000E+00
     8.650000E-01        42     -2.048250E+02      0.000000E+00
     8.655000E-01        42     -4.905519E+02      0.000000E+00
     8.660000E-01        42     -8.054703E+02      0.000000E+00
     8.665000E-01        42     -1.295599E+03      0.000000E+00
     8.670000E-01        42     -1.663091E+03      0.000000E+00
     8.675000E-01        42     -1.976856E+03      0.000000E+00
     8.680000E-01        42     -2.670703E+03      0.000000E+00
     8.685000E-01        42     -3.017368E+03      0.000000E+00
     8.690000E-01        42     -3.742906E+03      0.000000E+00
     8.695000E-01        42     -3.733367E+03      0.000000E+00
     8.700000E-01        42     -3.954932E+03      0.000000E+00
     8.705000E-01        42     -4.422549E+03      0.000000E+00
     8.710000E-01        42     -4.289016E+03      0.000000E+00
     8.715000E-01        42     -4.750491E+03      0.000000E+00
     8.720000E-01        42     -4.519689E+03      0.000000E+00
     8.725000E-01        42     -4.859286E+03      0.000000E+00
     8.730000E-01        42     -5.043396E+03      0.000000E+00
     8.735000E-01        42     -5.290128E+03      0.000000E+00
     8.740000E-01        42     -6.267240E+03      0.000000E+00
     8.745000E-01        42     -6.378616E+03      0.000000E+00
     8.750000E-01        42     -7.509695E+03      0.000000E+00
     8.755000E-01        42     -8.384519E+03      0.000000E+00
     8.760000E-01        42     -9.449251E+03      0.000000E+00
     8.765000E-01        42     -1.096747E+04      0.000000E+00
     8.770000E-01        42     -1.200167E+04      0.000000E+00
     8.775000E-01        42     -1.304530E+04      0.000000E+00
     8.780000E-01        42     -1.462964E+04      0.000000E+00
     8.785000E-01        42     -1.500213E+04      0.000000E+00
     8.790000E-01        42     -1.556152E+04      0.000000E+00
     8.795000E-01        42     -1.666479E+04      0.000000E+00
     8.800000E-01        42     -1.592278E+04      0.000000E+00
     8.805000E-01        42     -1.682959E+04      0.000000E+00
     8.810000E-01        42     -1.515490E+04      0.000000E+00
     8.815000E-01        42     -1.388734E+04      0.000000E+00
     8.820000E-01        42     -1.380147E+04      0.000000E+00
     8.825000E-01        42     -1.133644E+04      0.000000E+00
     8.830000E-01        42     -9.492431E+03      0.000000E+00
     8.835000E-01        42     -8.475479E+03      0.000000E+00
     8.840000E-01        42     -5.936781E+03      0.000000E+00
     8.845000E-01        42     -4.419470E+03      0.000000E+00
     8.850000E-01        42     -2.053707E+03      0.000000E+00
     8.855000E-01        42     -1.077059E+02      0.000000E+00
     8.860000E-01        42      1.415556E+05      1.774193E+03
     8.865000E-01        42      1.211994E+05      2.999126E+03
     8.870000E-01        42      1.248511E+05      4.489893E+03
     8.875000E-01        42      1.087933E+05      5.037154E+03
     8.880000E-01        42      9.870316E+04      5.513497E+03
     8.885000E-01        42      1.036019E+05      6.705565E+03
     8.890000E-01        42      9.458034E+04      6.901344E+03
     8.895000E-01        42      9.573983E+04      7.721767E+03
     8.900000E-01        42      8.898345E+04      7.815944E+03
     8.905000E-01        42      8.654441E+04      8.183878E+03
     8.910000E-01        42      8.808447E+04      8.885622E+03
     8.915000E-01        42      8.732109E+04      9.327033E+03
     8.920000E-01        42      8.394909E+04      9.436398E+03
     8.925000E-01        42      8.733712E+04      1.027823E+04
     8.930000E-01        42      8.704754E+04      1.067848E+04
     8.935000E-01        42      8.666441E+04      1.104085E+04
     8.940000E-01        42      8.549721E+04      1.127505E+04
     8.945000E-01        42      8.306852E+04      1.130797E+04
     8.950000E-01        42      8.337933E+04      1.168732E+04
     8.955000E-01        42      8.126863E+04      1.170415E+04
     8.960000E-01        42      8.026621E+04      1.185410E+04
     8.965000E-01        42      7.465187E+04      1.128610E+04
     8.970000E-01        42      7.044292E+04      1.088514E+04
     8.975000E-01        42      6.867391E+04      1.083116E+04
     8.980000E-01        42      6.275537E+04      1.008955E+04
     8.985000E-01        42      6.101285E+04      9.988079E+03
     8.990000E-01        42      5.200919E+04      8.660176E+03
     8.995000E-01        42      4.663128E+04      7.890337E+03
     9.000000E-01        42      4.363375E+04      7.496054E+03
     9.005000E-01        42      3.652286E+04      6.365290E+03
     9.010000E-01        42      3.057293E+04      5.401477E+03
     9.015000E-01        42      2.787685E+04      4.989359E+03
     9.020000E-01        42      2.219185E+04      4.021108E+03
     9.025000E-01        42      1.934856E+04      3.547299E+03
     9.030000E-01        42      1.407940E+04      2.610321E+03
     9.035000E-01        42      1.057763E+04      1.982160E+03
     9.040000E-01        42      8.459716E+03      1.601553E+03
     9.045000E-01        42      5.537469E+03      1.058621E+03
     9.050000E-01        42      3.927706E+03      7.579366E+02
     9.055000E-01        42      2.063884E+03      4.018609E+02
     9.060000E-01        42      9.567363E+02      1.878978E+02
     9.065000E-01        42      3.257811E+02      6.451283E+01
     9.070000E-01        42      1.230175E+01      2.455493E+00
     9.540000E-01        42     -1.139822E+00      0.000000E+00
     9.545000E-01        42     -6.239496E+01      0.000000E+00
     9.550000E-01        42     -2.085495E+02      0.000000E+00
     9.555000E-01        42     -4.967024E+02      0.000000E+00
     9.560000E-01        42     -8.137841E+02      0.000000E+00
     9.565000E-01        42     -1.305546E+03      0.000000E+00
     9.570000E-01        42     -1.673615E+03      0.000000E+00
     9.575000E-01        42     -1.989735E+03      0.000000E+00
     9.580000E-01        42     -2.672745E+03      0.000000E+00
     9.585000E-01        42     -3.033655E+03      0.000000E+00
     9.590000E-01        42     -3.734053E+03      0.000000E+00
     9.595000E-01        42     -3.731753E+03      0.000000E+00
     9.600000E-01        42     -3.965940E+03      0.000000E+00
     9.605000E-01        42     -4.368617E+03      0.000000E+00
     9.610000E-01        42     -4.319194E+03      0.000000E+00
     9.615000E-01        42     -4.688007E+03      0.000000E+00
     9.620000E-01        42     -4.484576E+03      0.000000E+00
     9.625000E-01        42     -4.896755E+03      0.000000E+00
     9.630000E-01        42     -4.896811E+03      0.000000E+00
     9.635000E-01        42     -5.379513E+03      0.000000E+00
     9.640000E-01        42     -6.164339E+03      0.000000E+00
     9.645000E-01        42     -6.307348E+03      0.000000E+00
     9.650000E-01        42     -7.627803E+03      0.000000E+00
     9.655000E-01        42     -8.132073E+03      0.000000E+00
     9.660000E-01        42     -9.619324E+03      0.000000E+00
     9.665000E-01        42     -1.086277E+04      0.000000E+00
     9.670000E-01        42     -1.189928E+04      0.000000E+00
     9.675000E-01        42     -1.323360E+04      0.000000E+00
     9.680000E-01        42     -1.435320E+04      0.000000E+00
     9.685000E-01        42     -1.515934E+04      0.000000E+00
     9.690000E-01        42     -1.551745E+04      0.000000E+00
     9.695000E-01        42     -1.651902E+04      0.000000E+00
     9.700000E-01        42     -1.610869E+04      0.000000E+00
     9.705000E-01        42     -1.662519E+04      0.000000E+00
     9.710000E-01        42     -1.520704E+04      0.000000E+00
     9.715000E-01        42     -1.391304E+04      0.000000E+00
     9.720000E-01        42     -1.365557E+04      0.000000E+00
     9.725000E-01        42     -1.142745E+04      0.000000E+00
     9.730000E-01        42     -9.401043E+03      0.000000E+00
     9.735000E-01        42     -8.440737E+03      0.000000E+00
     9.740000E-01        42     -5.932703E+03      0.000000E+00
     9.745000E-01        42     -4.355573E+03      0.000000E+00
     9.750000E-01        42     -2.028070E+03      0.000000E+00
     9.755000E-01        42     -8.075160E+01      0.000000E+00
     9.760000E-01        42      1.409256E+05      1.792158E+03
     9.765000E-01        42      1.197152E+05      2.982544E+03
     9.770000E-01        42      1.247331E+05      4.504964E+03
     9.775000E-01        42      1.068363E+05      4.961816E+03
     9.780000E-01        42      9.727559E+04      5.446631E+03
     9.785000E-01        42      1.035349E+05      6.713960E+03
     9.790000E-01        42      9.101025E+04      6.651261E+03
     9.795000E-01        42      9.600582E+04      7.753480E+03
     9.800000E-01        42      8.677113E+04      7.630298E+03
     9.805000E-01        42      8.421480E+04      7.971479E+03
     9.810000E-01        42      8.856021E+04      8.941412E+03
     9.815000E-01        42      8.397196E+04      8.976264E+03
     9.820000E-01        42      8.396350E+04      9.444581E+03
     9.825000E-01        42      8.639131E+04      1.017330E+04
     9.830000E-01        42      8.517397E+04      1.045459E+04
     9.835000E-01        42      8.754089E+04      1.115830E+04
     9.840000E-01        42      8.409686E+04      1.109566E+04
     9.845000E-01        42      8.313087E+04      1.132142E+04
     9.850000E-01        42      8.385677E+04      1.175900E+04
     9.855000E-01        42      8.048070E+04      1.159503E+04
     9.860000E-01        42      8.109183E+04      1.198021E+04
     9.865000E-01        42      7.458330E+04      1.127940E+04
     9.870000E-01        42      7.024135E+04      1.085730E+04
     9.875000E-01        42      6.933853E+04      1.093911E+04
     9.880000E-01        42      6.221338E+04      1.000509E+04
     9.885000E-01        42      6.113140E+04      1.001001E+04
     9.890000E-01        42      5.198038E+04      8.657436E+03
     9.895000E-01        42      4.596072E+04      7.778620E+03
     9.900000E-01        42      4.366448E+04      7.502929E+03
     9.905000E-01        42      3.590274E+04      6.258476E+03
     9.910000E-01        42      3.013376E+04      5.324906E+03
     9.915000E-01        42      2.760264E+04      4.941180E+03
     9.920000E-01        42      2.158027E+04      3.910969E+03
     9.925000E-01        42      1.910783E+04      3.503743E+03
     9.930000E-01        42      1.371810E+04      2.543736E+03
     9.935000E-01        42      1.029376E+04      1.929255E+03
     9.940000E-01        42      8.308230E+03      1.573101E+03
     9.945000E-01        42      5.364300E+03      1.025657E+03
     9.950000E-01        42      3.847729E+03      7.426012E+02
     9.955000E-01        42      2.009819E+03      3.913833E+02
     9.960000E-01        42      9.281195E+02      1.822997E+02
     9.965000E-01        42      3.152679E+02      6.243824E+01
     9.970000E-01        42      1.084233E+01      2.164428E+00
     1.494000E+00        42     -2.767805E+00      0.000000E+00
     1.494500E+00        42     -7.139154E+01      0.000000E+00
     1.495000E+00        42     -2.603969E+02      0.000000E+00
     1.495500E+00        42     -4.877155E+02      0.000000E+00
     1.496000E+00        42     -8.074215E+02      0.000000E+00
     1.496500E+00        42     -1.296511E+03      0.000000E+00
     1.497000E+00        42     -1.670265E+03      0.000000E+00
     1.497500E+00        42     -2.314408E+03      0.000000E+00
     1.498000E+00        42     -2.506908E+03      0.000000E+00
     1.498500E+00        42     -2.947163E+03      0.000000E+00
     1.499000E+00        42     -3.613797E+03      0.000000E+00
     1.499500E+00        42     -3.696335E+03      0.000000E+00
     1.500000E+00        42     -3.940712E+03      0.000000E+00
     1.500500E+00        42     -4.360685E+03      0.000000E+00
     1.501000E+00        42     -4.405274E+03      0.000000E+00
     1.501500E+00        42     -4.748043E+03      0.000000E+00
     1.502000E+00        42     -4.619299E+03      0.000000E+00
     1.502500E+00        42     -5.027447E+03      0.000000E+00
     1.503000E+00        42     -5.063884E+03      0.000000E+00
     1.503500E+00        42     -5.528807E+03      0.000000E+00
     1.504000E+00        42     -5.958747E+03      0.000000E+00
     1.504500E+00        42     -6.660306E+03      0.000000E+00
     1.505000E+00        42     -7.780194E+03      0.000000E+00
     1.505500E+00        42     -8.488125E+03      0.000000E+00
     1.506000E+00        42     -9.647756E+03      0.000000E+00
     1.506500E+00        42     -1.088961E+04      0.000000E+00
     1.507000E+00        42     -1.211672E+04      0.000000E+00
     1.507500E+00        42     -1.313458E+04      0.000000E+00
     1.508000E+00        42     -1.461496E+04      0.000000E+00
     1.508500E+00        42     -1.497791E+04      0.000000E+00
     1.509000E+00        42     -1.634027E+04      0.000000E+00
     1.509500E+00        42     -1.614569E+04      0.000000E+00
     1.510000E+00        42     -1.565627E+04      0.000000E+00
     1.510500E+00        42     -1.653507E+04      0.000000E+00
     1.511000E+00        42     -1.489968E+04      0.000000E+00
     1.511500E+00        42     -1.366919E+04      0.000000E+00
     1.512000E+00        42     -1.354785E+04      0.000000E+00
     1.512500E+00        42     -1.111804E+04      0.000000E+00
     1.513000E+00        42     -1.042366E+04      0.000000E+00
     1.513500E+00        42     -7.712086E+03      0.000000E+00
     1.514000E+00        42     -5.605102E+03      0.000000E+00
     1.514500E+00        42     -4.144121E+03      0.000000E+00
     1.515000E+00        42     -1.830657E+03      0.000000E+00
     1.515500E+00        42      1.505921E+05      8.867495E+01
     1.516000E+00        42      1.290878E+05      1.783126E+03
     1.516500E+00        42      1.160768E+05      3.008587E+03
     1.517000E+00        42      1.223693E+05      4.532806E+03
     1.517500E+00        42      1.067502E+05      5.049018E+03
     1.518000E+00        42      1.090096E+05      6.189900E+03
     1.518500E+00        42      9.653151E+04      6.330756E+03
     1.519000E+00        42      9.108249E+04      6.718885E+03
     1.519500E+00        42      9.341859E+04      7.604229E+03
     1.520000E+00        42      8.907531E+04      7.886179E+03
     1.520500E+00        42      8.437817E+04      8.034252E+03
     1.521000E+00        42      8.837168E+04      8.968932E+03
     1.521500E+00        42      8.747854E+04      9.394485E+03
     1.522000E+00        42      8.719627E+04      9.848996E+03
     1.522500E+00        42      8.666948E+04      1.024435E+04
     1.523000E+00        42      8.500298E+04      1.046913E+04
     1.523500E+00        42      8.604381E+04      1.100155E+04
     1.524000E+00        42      8.609651E+04      1.139184E+04
     1.524500E+00        42      8.535289E+04      1.165450E+04
     1.525000E+00        42      8.226003E+04      1.156303E+04
     1.525500E+00        42      7.953698E+04      1.148479E+04
     1.526000E+00        42      7.868536E+04      1.164896E+04
     1.526500E+00        42      7.487168E+04      1.134507E+04
     1.527000E+00        42      7.371425E+04      1.141486E+04
     1.527500E+00        42      6.609905E+04      1.044583E+04
     1.528000E+00        42      6.121901E+04      9.860962E+03
     1.528500E+00        42      5.886521E+04      9.653474E+03
     1.529000E+00        42      5.182729E+04      8.644223E+03
     1.529500E+00        42      4.518703E+04      7.657960E+03
     1.530000E+00        42      4.296037E+04      7.391333E+03
     1.530500E+00        42      3.611606E+04      6.303253E+03
     1.531000E+00        42      3.319383E+04      5.872363E+03
     1.531500E+00        42      2.603934E+04      4.666405E+03
     1.532000E+00        42      2.112360E+04      3.832174E+03
     1.532500E+00        42      1.849387E+04      3.394512E+03
     1.533000E+00        42      1.374065E+04      2.550319E+03
     1.533500E+00        42      1.144241E+04      2.146464E+03
     1.534000E+00        42      7.601286E+03      1.440485E+03
     1.534500E+00        42      5.164079E+03      9.881885E+02
     1.535000E+00        42      3.647126E+03      7.044413E+02
     1.535500E+00        42      1.921745E+03      3.745156E+02
     1.536000E+00        42      9.777660E+02      1.921909E+02
     1.536500E+00        42      2.537734E+02      5.029448E+01
     1.537000E+00        42      4.351537E+00      8.692702E-01
     1.584000E+00        42     -3.128691E+00      0.000000E+00
     1.584500E+00        42     -7.349961E+01      0.000000E+00
     1.585000E+00        42     -2.652130E+02      0.000000E+00
     1.585500E+00        42     -4.945885E+02      0.000000E+00
     1.586000E+00        42     -8.177180E+02      0.000000E+00
     1.586500E+00        42     -1.307711E+03      0.000000E+00
     1.587000E+00        42     -1.684111E+03      0.000000E+00
     1.587500E+00        42     -2.329161E+03      0.000000E+00
     1.588000E+00        42     -2.513196E+03      0.000000E+00
     1.588500E+00        42     -2.966034E+03      0.000000E+00
     1.589000E+00        42     -3.605845E+03      0.000000E+00
     1.589500E+00        42     -3.703451E+03      0.000000E+00
     1.590000E+00        42     -4.311114E+03      0.000000E+00
     1.590500E+00        42     -4.149776E+03      0.000000E+00
     1.591000E+00        42     -4.333183E+03      0.000000E+00
     1.591500E+00        42     -4.523176E+03      0.000000E+00
     1.592000E+00        42     -4.567185E+03      0.000000E+00
     1.592500E+00        42     -4.924285E+03      0.000000E+00
     1.593000E+00        42     -4.901932E+03      0.000000E+00
     1.593500E+00        42     -5.606930E+03      0.000000E+00
     1.594000E+00        42     -5.760257E+03      0.000000E+00
     1.594500E+00        42     -6.729143E+03      0.000000E+00
     1.595000E+00        42     -7.781267E+03      0.000000E+00
     1.595500E+00        42     -8.379649E+03      0.000000E+00
     1.596000E+00        42     -9.829448E+03      0.000000E+00
     1.596500E+00        42     -1.076221E+04      0.000000E+00
     1.597000E+00        42     -1.219831E+04      0.000000E+00
     1.597500E+00        42     -1.322631E+04      0.000000E+00
     1.598000E+00        42     -1.449506E+04      0.000000E+00
     1.598500E+00        42     -1.515424E+04      0.000000E+00
     1.599000E+00        42     -1.627302E+04      0.000000E+00
     1.599500E+00        42     -1.613055E+04      0.000000E+00
     1.600000E+00        42     -1.579218E+04      0.000000E+00
     1.600500E+00        42     -1.637675E+04      0.000000E+00
     1.601000E+00        42     -1.500740E+04      0.000000E+00
     1.601500E+00        42     -1.363092E+04      0.000000E+00
     1.602000E+00        42     -1.347099E+04      0.000000E+00
     1.602500E+00        42     -1.119007E+04      0.000000E+00
     1.603000E+00        42     -1.031441E+04      0.000000E+00
     1.603500E+00        42     -7.717711E+03      0.000000E+00
     1.604000E+00        42     -5.575601E+03      0.000000E+00
     1.604500E+00        42     -4.094169E+03      0.000000E+00
     1.605000E+00        42     -1.804079E+03      0.000000E+00
     1.605500E+00        42      1.498155E+05      1.180434E+02
     1.606000E+00        42      1.282418E+05      1.794766E+03
     1.606500E+00        42      1.149126E+05      2.997583E+03
     1.607000E+00        42      1.220739E+05      4.540608E+03
     1.607500E+00        42      1.043612E+05      4.950824E+03
     1.608000E+00        42      1.084901E+05      6.174653E+03
     1.608500E+00        42      9.522243E+04      6.256525E+03
     1.609000E+00        42      8.850390E+04      6.538731E+03
     1.609500E+00        42      9.373845E+04      7.640215E+03
     1.610000E+00        42      8.610859E+04      7.632076E+03
     1.610500E+00        42      8.345213E+04      7.953850E+03
     1.611000E+00        42      8.787121E+04      8.925830E+03
     1.611500E+00        42      8.463602E+04      9.096195E+03
     1.612000E+00        42      8.785995E+04      9.930788E+03
     1.612500E+00        42      8.488149E+04      1.003924E+04
     1.613000E+00        42      8.424657E+04      1.038182E+04
     1.613500E+00        42      8.663106E+04      1.108234E+04
     1.614000E+00        42      8.455026E+04      1.119253E+04
     1.614500E+00        42      8.624366E+04      1.178125E+04
     1.615000E+00        42      8.204856E+04      1.153794E+04
     1.615500E+00        42      7.919286E+04      1.143936E+04
     1.616000E+00        42      7.970912E+04      1.180461E+04
     1.616500E+00        42      7.427844E+04      1.125881E+04
     1.617000E+00        42      7.423609E+04      1.149914E+04
     1.617500E+00        42      6.633566E+04      1.048619E+04
     1.618000E+00        42      6.073931E+04      9.786299E+03
     1.618500E+00        42      5.931763E+04      9.730106E+03
     1.619000E+00        42      5.132573E+04      8.562592E+03
     1.619500E+00        42      4.495914E+04      7.621041E+03
     1.620000E+00        42      4.284173E+04      7.372479E+03
     1.620500E+00        42      3.542148E+04      6.183269E+03
     1.621000E+00        42      3.301231E+04      5.841362E+03
     1.621500E+00        42      2.552787E+04      4.575575E+03
     1.622000E+00        42      2.068950E+04      3.754066E+03
     1.622500E+00        42      1.824482E+04      3.349348E+03
     1.623000E+00        42      1.333485E+04      2.475388E+03
     1.623500E+00        42      1.125432E+04      2.111497E+03
     1.624000E+00        42      7.404943E+03      1.403478E+03
     1.624500E+00        42      5.024814E+03      9.616708E+02
     1.625000E+00        42      3.576310E+03      6.908539E+02
     1.625500E+00        42      1.866975E+03      3.638877E+02
     1.626000E+00        42      9.545045E+02      1.876413E+02
     1.626500E+00        42      2.447260E+02      4.850705E+01
     1.627000E+00        42      3.543411E+00      7.079168E-01
