     8.860000E-01        43     -3.953936E+01      0.000000E+00
     8.865000E-01        43     -1.411556E+02      0.000000E+00
     8.870000E-01        43     -3.281057E+02      0.000000E+00
     8.875000E-01        43     -5.057940E+02      0.000000E+00
     8.880000E-01        43     -7.122222E+02      0.000000E+00
     8.885000E-01        43     -1.069454E+03      0.000000E+00
     8.890000E-01        43     -1.321394E+03      0.000000E+00
     8.895000E-01        43     -1.739444E+03      0.000000E+00
     8.900000E-01        43     -2.040227E+03      0.000000E+00
     8.905000E-01        43     -2.446606E+03      0.000000E+00
     8.910000E-01        43     -3.014233E+03      0.000000E+00
     8.915000E-01        43     -3.563621E+03      0.000000E+00
     8.920000E-01        43     -4.036472E+03      0.000000E+00
     8.925000E-01        43     -4.898191E+03      0.000000E+00
     8.930000E-01        43     -5.646973E+03      0.000000E+00
     8.935000E-01        43     -6.457921E+03      0.000000E+00
     8.940000E-01        43     -7.275544E+03      0.000000E+00
     8.945000E-01        43     -8.033467E+03      0.000000E+00
     8.950000E-01        43     -9.127142E+03      0.000000E+00
     8.955000E-01        43     -1.003663E+04      0.000000E+00
     8.960000E-01        43     -1.115463E+04      0.000000E+00
     8.965000E-01        43     -1.165080E+04      0.000000E+00
     8.970000E-01        43     -1.232907E+04      0.000000E+00
     8.975000E-01        43     -1.346758E+04      0.000000E+00
     8.980000E-01        43     -1.378540E+04      0.000000E+00
     8.985000E-01        43     -1.501650E+04      0.000000E+00
     8.990000E-01        43     -1.435384E+04      0.000000E+00
     8.995000E-01        43     -1.445240E+04      0.000000E+00
     9.000000E-01        43     -1.521926E+04      0.000000E+00
     9.005000E-01        43     -1.437869E+04      0.000000E+00
     9.010000E-01        43     -1.363792E+04      0.000000E+00
     9.015000E-01        43     -1.415997E+04      0.000000E+00
     9.020000E-01        43     -1.291700E+04      0.000000E+00
     9.025000E-01        43     -1.300952E+04      0.000000E+00
     9.030000E-01        43     -1.104913E+04      0.000000E+00
     9.035000E-01        43     -9.819924E+03      0.000000E+00
     9.040000E-01        43     -9.458896E+03      0.000000E+00
     9.045000E-01        43     -7.643569E+03      0.000000E+00
     9.050000E-01        43     -6.936851E+03      0.000000E+00
     9.055000E-01        43     -4.931395E+03      0.000000E+00
     9.060000E-01        43     -3.411676E+03      0.000000E+00
     9.065000E-01        43     -2.156239E+03      0.000000E+00
     9.070000E-01        43     -4.137297E+02      0.000000E+00
     9.075000E-01        43      1.270317E+05      1.270931E+03
     9.080000E-01        43      1.155422E+05      2.591361E+03
     9.085000E-01        43      1.092199E+05      3.694928E+03
     9.090000E-01        43      1.196872E+05      5.306057E+03
     9.095000E-01        43      1.104934E+05      5.970828E+03
     9.100000E-01        43      1.058048E+05      6.669214E+03
     9.105000E-01        43      1.163919E+05      8.309650E+03
     9.110000E-01        43      1.076011E+05      8.520331E+03
     9.115000E-01        43      1.146254E+05      9.910700E+03
     9.120000E-01        43      1.086058E+05      1.013015E+04
     9.125000E-01        43      1.037478E+05      1.034014E+04
     9.130000E-01        43      1.111572E+05      1.174646E+04
     9.135000E-01        43      1.034701E+05      1.151960E+04
     9.140000E-01        43      1.077203E+05      1.256781E+04
     9.145000E-01        43      1.006463E+05      1.225018E+04
     9.150000E-01        43      9.439112E+04      1.193947E+04
     9.155000E-01        43      9.790005E+04      1.282632E+04
     9.160000E-01        43      9.179399E+04      1.242061E+04
     9.165000E-01        43      9.168414E+04      1.278002E+04
     9.170000E-01        43      8.355797E+04      1.197190E+04
     9.175000E-01        43      7.818432E+04      1.149136E+04
     9.180000E-01        43      7.498227E+04      1.128545E+04
     9.185000E-01        43      6.743453E+04      1.037679E+04
     9.190000E-01        43      6.153378E+04      9.667082E+03
     9.195000E-01        43      5.991149E+04      9.596952E+03
     9.200000E-01        43      5.234401E+04      8.539333E+03
     9.205000E-01        43      5.208928E+04      8.645243E+03
     9.210000E-01        43      4.246809E+04      7.163772E+03
     9.215000E-01        43      3.674709E+04      6.294569E+03
     9.220000E-01        43      3.498329E+04      6.080135E+03
     9.225000E-01        43      2.830647E+04      4.987942E+03
     9.230000E-01        43      2.660785E+04      4.750370E+03
     9.235000E-01        43      1.989684E+04      3.596710E+03
     9.240000E-01        43      1.616491E+04      2.956922E+03
     9.245000E-01        43      1.430522E+04      2.646468E+03
     9.250000E-01        43      1.094002E+04      2.045846E+03
     9.255000E-01        43      9.018095E+03      1.703900E+03
     9.260000E-01        43      5.707794E+03      1.089126E+03
     9.265000E-01        43      3.747361E+03      7.218287E+02
     9.270000E-01        43      2.562497E+03      4.980818E+02
     9.275000E-01        43      1.184888E+03      2.323184E+02
     9.280000E-01        43      4.044120E+02      7.995575E+01
     9.285000E-01        43      4.344707E+01      8.658934E+00
     9.760000E-01        43     -4.056426E+01      0.000000E+00
     9.765000E-01        43     -1.414656E+02      0.000000E+00
     9.770000E-01        43     -3.309368E+02      0.000000E+00
     9.775000E-01        43     -5.002326E+02      0.000000E+00
     9.780000E-01        43     -7.059005E+02      0.000000E+00
     9.785000E-01        43     -1.073803E+03      0.000000E+00
     9.790000E-01        43     -1.276659E+03      0.000000E+00
     9.795000E-01        43     -1.750469E+03      0.000000E+00
     9.800000E-01        43     -1.995814E+03      0.000000E+00
     9.805000E-01        43     -2.387594E+03      0.000000E+00
     9.810000E-01        43     -3.038507E+03      0.000000E+00
     9.815000E-01        43     -3.435319E+03      0.000000E+00
     9.820000E-01        43     -4.046393E+03      0.000000E+00
     9.825000E-01        43     -4.855583E+03      0.000000E+00
     9.830000E-01        43     -5.536725E+03      0.000000E+00
     9.835000E-01        43     -6.535970E+03      0.000000E+00
     9.840000E-01        43     -7.169803E+03      0.000000E+00
     9.845000E-01        43     -8.054067E+03      0.000000E+00
     9.850000E-01        43     -9.195561E+03      0.000000E+00
     9.855000E-01        43     -9.956400E+03      0.000000E+00
     9.860000E-01        43     -1.128836E+04      0.000000E+00
     9.865000E-01        43     -1.165942E+04      0.000000E+00
     9.870000E-01        43     -1.231400E+04      0.000000E+00
     9.875000E-01        43     -1.362016E+04      0.000000E+00
     9.880000E-01        43     -1.368869E+04      0.000000E+00
     9.885000E-01        43     -1.507040E+04      0.000000E+00
     9.890000E-01        43     -1.436970E+04      0.000000E+00
     9.895000E-01        43     -1.426858E+04      0.000000E+00
     9.900000E-01        43     -1.525621E+04      0.000000E+00
     9.905000E-01        43     -1.415958E+04      0.000000E+00
     9.910000E-01        43     -1.346667E+04      0.000000E+00
     9.915000E-01        43     -1.404753E+04      0.000000E+00
     9.920000E-01        43     -1.258637E+04      0.000000E+00
     9.925000E-01        43     -1.287526E+04      0.000000E+00
     9.930000E-01        43     -1.079054E+04      0.000000E+00
     9.935000E-01        43     -9.580668E+03      0.000000E+00
     9.940000E-01        43     -9.315920E+03      0.000000E+00
     9.945000E-01        43     -7.428722E+03      0.000000E+00
     9.950000E-01        43     -6.822097E+03      0.000000E+00
     9.955000E-01        43     -4.825901E+03      0.000000E+00
     9.960000E-01        43     -3.332476E+03      0.000000E+00
     9.965000E-01        43     -2.111847E+03      0.000000E+00
     9.970000E-01        43     -3.866549E+02      0.000000E+00
     9.975000E-01        43      1.262810E+05      1.287005E+03
     9.980000E-01        43      1.150962E+05      2.601051E+03
     9.985000E-01        43      1.092621E+05      3.713548E+03
     9.990000E-01        43      1.195905E+05      5.319131E+03
     9.995000E-01        43      1.108665E+05      6.005885E+03
     1.000000E+00        43      1.065055E+05      6.726663E+03
     1.000500E+00        43      1.163484E+05      8.320049E+03
     1.001000E+00        43      1.085626E+05      8.608224E+03
     1.001500E+00        43      1.147716E+05      9.934965E+03
     1.002000E+00        43      1.084992E+05      1.013051E+04
     1.002500E+00        43      1.045200E+05      1.042642E+04
     1.003000E+00        43      1.099711E+05      1.163034E+04
     1.003500E+00        43      1.037625E+05      1.156036E+04
     1.004000E+00        43      1.068874E+05      1.247861E+04
     1.004500E+00        43      9.939583E+04      1.210499E+04
     1.005000E+00        43      9.425206E+04      1.192818E+04
     1.005500E+00        43      9.587305E+04      1.256684E+04
     1.006000E+00        43      9.128421E+04      1.235713E+04
     1.006500E+00        43      9.030247E+04      1.259260E+04
     1.007000E+00        43      8.211271E+04      1.176931E+04
     1.007500E+00        43      7.751919E+04      1.139763E+04
     1.008000E+00        43      7.339802E+04      1.105065E+04
     1.008500E+00        43      6.677554E+04      1.027855E+04
     1.009000E+00        43      6.635823E+04      1.042802E+04
     1.009500E+00        43      5.634175E+04      9.027577E+03
     1.010000E+00        43      5.102647E+04      8.326514E+03
     1.010500E+00        43      5.037817E+04      8.363261E+03
     1.011000E+00        43      4.198197E+04      7.083378E+03
     1.011500E+00        43      3.605398E+04      6.177170E+03
     1.012000E+00        43      3.452421E+04      6.001567E+03
     1.012500E+00        43      2.818468E+04      4.967442E+03
     1.013000E+00        43      2.635124E+04      4.705420E+03
     1.013500E+00        43      1.990001E+04      3.597910E+03
     1.014000E+00        43      1.609387E+04      2.944417E+03
     1.014500E+00        43      1.432348E+04      2.650267E+03
     1.015000E+00        43      1.094105E+04      2.046349E+03
     1.015500E+00        43      9.022453E+03      1.704971E+03
     1.016000E+00        43      5.721234E+03      1.091842E+03
     1.016500E+00        43      3.732194E+03      7.190029E+02
     1.017000E+00        43      2.559656E+03      4.975931E+02
     1.017500E+00        43      1.173173E+03      2.300498E+02
     1.018000E+00        43      4.446046E+02      8.791253E+01
     1.018500E+00        43      3.817195E+01      7.608469E+00
     1.515500E+00        43     -8.728287E-02      0.000000E+00
     1.516000E+00        43     -4.409698E+01      0.000000E+00
     1.516500E+00        43     -1.493162E+02      0.000000E+00
     1.517000E+00        43     -3.434510E+02      0.000000E+00
     1.517500E+00        43     -5.212878E+02      0.000000E+00
     1.518000E+00        43     -8.180628E+02      0.000000E+00
     1.518500E+00        43     -1.029590E+03      0.000000E+00
     1.519000E+00        43     -1.308776E+03      0.000000E+00
     1.519500E+00        43     -1.739680E+03      0.000000E+00
     1.520000E+00        43     -2.087909E+03      0.000000E+00
     1.520500E+00        43     -2.433601E+03      0.000000E+00
     1.521000E+00        43     -3.080146E+03      0.000000E+00
     1.521500E+00        43     -3.631399E+03      0.000000E+00
     1.522000E+00        43     -4.259966E+03      0.000000E+00
     1.522500E+00        43     -4.934338E+03      0.000000E+00
     1.523000E+00        43     -5.593564E+03      0.000000E+00
     1.523500E+00        43     -6.499659E+03      0.000000E+00
     1.524000E+00        43     -7.423136E+03      0.000000E+00
     1.524500E+00        43     -8.359527E+03      0.000000E+00
     1.525000E+00        43     -9.116014E+03      0.000000E+00
     1.525500E+00        43     -9.941394E+03      0.000000E+00
     1.526000E+00        43     -1.106447E+04      0.000000E+00
     1.526500E+00        43     -1.182153E+04      0.000000E+00
     1.527000E+00        43     -1.305079E+04      0.000000E+00
     1.527500E+00        43     -1.311176E+04      0.000000E+00
     1.528000E+00        43     -1.360262E+04      0.000000E+00
     1.528500E+00        43     -1.465544E+04      0.000000E+00
     1.529000E+00        43     -1.447073E+04      0.000000E+00
     1.529500E+00        43     -1.417099E+04      0.000000E+00
     1.530000E+00        43     -1.516614E+04      0.000000E+00
     1.530500E+00        43     -1.439595E+04      0.000000E+00
     1.531000E+00        43     -1.499849E+04      0.000000E+00
     1.531500E+00        43     -1.340526E+04      0.000000E+00
     1.532000E+00        43     -1.247032E+04      0.000000E+00
     1.532500E+00        43     -1.262363E+04      0.000000E+00
     1.533000E+00        43     -1.096011E+04      0.000000E+00
     1.533500E+00        43     -1.081397E+04      0.000000E+00
     1.534000E+00        43     -8.670549E+03      0.000000E+00
     1.534500E+00        43     -7.293877E+03      0.000000E+00
     1.535000E+00        43     -6.620771E+03      0.000000E+00
     1.535500E+00        43     -4.754664E+03      0.000000E+00
     1.536000E+00        43     -3.661905E+03      0.000000E+00
     1.536500E+00        43     -1.832219E+03      0.000000E+00
     1.537000E+00        43     -2.428514E+02      0.000000E+00
     1.537500E+00        43      1.251486E+05      1.415072E+03
     1.538000E+00        43      1.133588E+05      2.677668E+03
     1.538500E+00        43      1.083694E+05      3.785092E+03
     1.539000E+00        43      1.192826E+05      5.408927E+03
     1.539500E+00        43      1.093875E+05      6.013616E+03
     1.540000E+00        43      1.173234E+05      7.497371E+03
     1.540500E+00        43      1.101144E+05      7.950682E+03
     1.541000E+00        43      1.056019E+05      8.441855E+03
     1.541500E+00        43      1.142875E+05      9.962288E+03
     1.542000E+00        43      1.068551E+05      1.003767E+04
     1.542500E+00        43      1.122877E+05      1.126116E+04
     1.543000E+00        43      1.059844E+05      1.126189E+04
     1.543500E+00        43      1.016058E+05      1.136814E+04
     1.544000E+00        43      1.064760E+05      1.247815E+04
     1.544500E+00        43      9.913532E+04      1.211515E+04
     1.545000E+00        43      1.035144E+05      1.314181E+04
     1.545500E+00        43      9.193680E+04      1.208578E+04
     1.546000E+00        43      8.987950E+04      1.219939E+04
     1.546500E+00        43      8.900077E+04      1.244160E+04
     1.547000E+00        43      8.250066E+04      1.185186E+04
     1.547500E+00        43      7.704090E+04      1.135130E+04
     1.548000E+00        43      7.356723E+04      1.109799E+04
     1.548500E+00        43      6.719064E+04      1.036153E+04
     1.549000E+00        43      6.607183E+04      1.040096E+04
     1.549500E+00        43      5.684993E+04      9.123783E+03
     1.550000E+00        43      5.098060E+04      8.331731E+03
     1.550500E+00        43      5.028717E+04      8.360171E+03
     1.551000E+00        43      4.212653E+04      7.117432E+03
     1.551500E+00        43      3.923332E+04      6.730536E+03
     1.552000E+00        43      3.273954E+04      5.698264E+03
     1.552500E+00        43      2.750054E+04      4.852470E+03
     1.553000E+00        43      2.539022E+04      4.538801E+03
     1.553500E+00        43      1.962486E+04      3.551876E+03
     1.554000E+00        43      1.810385E+04      3.315450E+03
     1.554500E+00        43      1.276123E+04      2.363450E+03
     1.555000E+00        43      1.041979E+04      1.950626E+03
     1.555500E+00        43      8.447400E+03      1.597690E+03
     1.556000E+00        43      5.483725E+03      1.047386E+03
     1.556500E+00        43      3.530513E+03      6.806908E+02
     1.557000E+00        43      2.392608E+03      4.654745E+02
     1.557500E+00        43      1.094460E+03      2.147721E+02
     1.558000E+00        43      3.897086E+02      7.711210E+01
     1.558500E+00        43      2.464833E+01      4.916256E+00
     1.605500E+00        43     -1.556287E-01      0.000000E+00
     1.606000E+00        43     -4.501327E+01      0.000000E+00
     1.606500E+00        43     -1.498713E+02      0.000000E+00
     1.607000E+00        43     -3.457944E+02      0.000000E+00
     1.607500E+00        43     -5.131591E+02      0.000000E+00
     1.608000E+00        43     -8.186870E+02      0.000000E+00
     1.608500E+00        43     -1.020337E+03      0.000000E+00
     1.609000E+00        43     -1.276797E+03      0.000000E+00
     1.609500E+00        43     -1.751760E+03      0.000000E+00
     1.610000E+00        43     -2.024705E+03      0.000000E+00
     1.610500E+00        43     -2.413750E+03      0.000000E+00
     1.611000E+00        43     -3.070716E+03      0.000000E+00
     1.611500E+00        43     -3.521928E+03      0.000000E+00
     1.612000E+00        43     -4.302139E+03      0.000000E+00
     1.612500E+00        43     -4.842894E+03      0.000000E+00
     1.613000E+00        43     -5.555066E+03      0.000000E+00
     1.613500E+00        43     -6.556741E+03      0.000000E+00
     1.614000E+00        43     -7.303445E+03      0.000000E+00
     1.614500E+00        43     -8.462029E+03      0.000000E+00
     1.615000E+00        43     -9.108540E+03      0.000000E+00
     1.615500E+00        43     -9.915349E+03      0.000000E+00
     1.616000E+00        43     -1.122728E+04      0.000000E+00
     1.616500E+00        43     -1.174731E+04      0.000000E+00
     1.617000E+00        43     -1.316477E+04      0.000000E+00
     1.617500E+00        43     -1.318022E+04      0.000000E+00
     1.618000E+00        43     -1.351811E+04      0.000000E+00
     1.618500E+00        43     -1.479236E+04      0.000000E+00
     1.619000E+00        43     -1.435451E+04      0.000000E+00
     1.619500E+00        43     -1.412333E+04      0.000000E+00
     1.620000E+00        43     -1.515037E+04      0.000000E+00
     1.620500E+00        43     -1.414417E+04      0.000000E+00
     1.621000E+00        43     -1.494394E+04      0.000000E+00
     1.621500E+00        43     -1.316723E+04      0.000000E+00
     1.622000E+00        43     -1.223883E+04      0.000000E+00
     1.622500E+00        43     -1.248057E+04      0.000000E+00
     1.623000E+00        43     -1.066129E+04      0.000000E+00
     1.623500E+00        43     -1.066352E+04      0.000000E+00
     1.624000E+00        43     -8.470899E+03      0.000000E+00
     1.624500E+00        43     -7.120729E+03      0.000000E+00
     1.625000E+00        43     -6.518056E+03      0.000000E+00
     1.625500E+00        43     -4.642593E+03      0.000000E+00
     1.626000E+00        43     -3.600541E+03      0.000000E+00
     1.626500E+00        43     -1.790042E+03      0.000000E+00
     1.627000E+00        43     -2.182354E+02      0.000000E+00
     1.627500E+00        43      1.244543E+05      1.430257E+03
     1.628000E+00        43      1.132013E+05      2.693152E+03
     1.628500E+00        43      1.082948E+05      3.799387E+03
     1.629000E+00        43      1.195017E+05      5.436075E+03
     1.629500E+00        43      1.100337E+05      6.063817E+03
     1.630000E+00        43      1.175584E+05      7.526943E+03
     1.630500E+00        43      1.108265E+05      8.014869E+03
     1.631000E+00        43      1.061474E+05      8.496880E+03
     1.631500E+00        43      1.142688E+05      9.972152E+03
     1.632000E+00        43      1.075877E+05      1.011663E+04
     1.632500E+00        43      1.119832E+05      1.124055E+04
     1.633000E+00        43      1.058314E+05      1.125446E+04
     1.633500E+00        43      1.016359E+05      1.137949E+04
     1.634000E+00        43      1.052133E+05      1.233798E+04
     1.634500E+00        43      9.906032E+04      1.211294E+04
     1.635000E+00        43      1.022283E+05      1.298534E+04
     1.635500E+00        43      9.086276E+04      1.195033E+04
     1.636000E+00        43      8.921179E+04      1.211410E+04
     1.636500E+00        43      8.724707E+04      1.220142E+04
     1.637000E+00        43      8.194955E+04      1.177713E+04
     1.637500E+00        43      7.568188E+04      1.115498E+04
     1.638000E+00        43      7.255391E+04      1.094871E+04
     1.638500E+00        43      6.653736E+04      1.026393E+04
     1.639000E+00        43      6.492273E+04      1.022300E+04
     1.639500E+00        43      5.647945E+04      9.066768E+03
     1.640000E+00        43      5.019431E+04      8.205307E+03
     1.640500E+00        43      4.989330E+04      8.296673E+03
     1.641000E+00        43      4.184243E+04      7.071028E+03
     1.641500E+00        43      3.885674E+04      6.667357E+03
     1.642000E+00        43      3.273585E+04      5.698774E+03
     1.642500E+00        43      2.723710E+04      4.806911E+03
     1.643000E+00        43      2.542130E+04      4.545187E+03
     1.643500E+00        43      1.957463E+04      3.543401E+03
     1.644000E+00        43      1.805286E+04      3.306661E+03
     1.644500E+00        43      1.283449E+04      2.377394E+03
     1.645000E+00        43      1.034154E+04      1.936269E+03
     1.645500E+00        43      8.487987E+03      1.605598E+03
     1.646000E+00        43      5.462472E+03      1.043471E+03
     1.646500E+00        43      3.515280E+03      6.778437E+02
     1.647000E+00        43      2.388546E+03      4.647433E+02
     1.647500E+00        43      1.076993E+03      2.113703E+02
     1.648000E+00        43      3.824944E+02      7.569348E+01
     1.648500E+00        43      2.259271E+01      4.506757E+00
