     9.075000E-01        44     -2.230838E+01      0.000000E+00
     9.080000E-01        44     -1.090986E+02      0.000000E+00
     9.085000E-01        44     -2.507477E+02      0.000000E+00
     9.090000E-01        44     -5.037065E+02      0.000000E+00
     9.095000E-01        44     -7.368370E+02      0.000000E+00
     9.100000E-01        44     -1.023074E+03      0.000000E+00
     9.105000E-01        44     -1.537657E+03      0.000000E+00
     9.110000E-01        44     -1.861454E+03      0.000000E+00
     9.115000E-01        44     -2.515731E+03      0.000000E+00
     9.120000E-01        44     -2.951139E+03      0.000000E+00
     9.125000E-01        44     -3.423773E+03      0.000000E+00
     9.130000E-01        44     -4.386571E+03      0.000000E+00
     9.135000E-01        44     -4.821417E+03      0.000000E+00
     9.140000E-01        44     -5.865469E+03      0.000000E+00
     9.145000E-01        44     -6.348740E+03      0.000000E+00
     9.150000E-01        44     -6.848050E+03      0.000000E+00
     9.155000E-01        44     -8.119743E+03      0.000000E+00
     9.160000E-01        44     -8.659855E+03      0.000000E+00
     9.165000E-01        44     -9.797526E+03      0.000000E+00
     9.170000E-01        44     -1.007986E+04      0.000000E+00
     9.175000E-01        44     -1.061804E+04      0.000000E+00
     9.180000E-01        44     -1.143998E+04      0.000000E+00
     9.185000E-01        44     -1.154061E+04      0.000000E+00
     9.190000E-01        44     -1.180101E+04      0.000000E+00
     9.195000E-01        44     -1.287045E+04      0.000000E+00
     9.200000E-01        44     -1.259763E+04      0.000000E+00
     9.205000E-01        44     -1.405462E+04      0.000000E+00
     9.210000E-01        44     -1.286355E+04      0.000000E+00
     9.215000E-01        44     -1.252046E+04      0.000000E+00
     9.220000E-01        44     -1.344503E+04      0.000000E+00
     9.225000E-01        44     -1.231628E+04      0.000000E+00
     9.230000E-01        44     -1.316879E+04      0.000000E+00
     9.235000E-01        44     -1.126880E+04      0.000000E+00
     9.240000E-01        44     -1.055735E+04      0.000000E+00
     9.245000E-01        44     -1.088007E+04      0.000000E+00
     9.250000E-01        44     -9.814130E+03      0.000000E+00
     9.255000E-01        44     -9.704872E+03      0.000000E+00
     9.260000E-01        44     -7.541032E+03      0.000000E+00
     9.265000E-01        44     -6.282817E+03      0.000000E+00
     9.270000E-01        44     -5.735733E+03      0.000000E+00
     9.275000E-01        44     -3.861399E+03      0.000000E+00
     9.280000E-01        44     -2.299680E+03      0.000000E+00
     9.285000E-01        44     -8.199472E+02      0.000000E+00
     9.290000E-01        44      1.236308E+05      9.187312E+02
     9.295000E-01        44      1.346431E+05      2.702410E+03
     9.300000E-01        44      1.245330E+05      3.943174E+03
     9.305000E-01        44      1.121855E+05      4.749311E+03
     9.310000E-01        44      1.231125E+05      6.425120E+03
     9.315000E-01        44      1.165422E+05      7.146082E+03
     9.320000E-01        44      1.161831E+05      8.109283E+03
     9.325000E-01        44      1.151168E+05      8.944047E+03
     9.330000E-01        44      1.060082E+05      9.018065E+03
     9.335000E-01        44      1.107416E+05      1.018491E+04
     9.340000E-01        44      1.024391E+05      1.008424E+04
     9.345000E-01        44      1.114680E+05      1.165086E+04
     9.350000E-01        44      1.027965E+05      1.133297E+04
     9.355000E-01        44      9.689305E+04      1.120525E+04
     9.360000E-01        44      1.039861E+05      1.255588E+04
     9.365000E-01        44      9.424404E+04      1.183434E+04
     9.370000E-01        44      8.896379E+04      1.157809E+04
     9.375000E-01        44      9.242252E+04      1.242924E+04
     9.380000E-01        44      8.303433E+04      1.150902E+04
     9.385000E-01        44      8.509331E+04      1.212818E+04
     9.390000E-01        44      7.424148E+04      1.085887E+04
     9.395000E-01        44      6.502670E+04      9.742776E+03
     9.400000E-01        44      6.320163E+04      9.684320E+03
     9.405000E-01        44      5.397260E+04      8.445629E+03
     9.410000E-01        44      4.848155E+04      7.737170E+03
     9.415000E-01        44      4.213774E+04      6.850254E+03
     9.420000E-01        44      3.889717E+04      6.434470E+03
     9.425000E-01        44      3.048779E+04      5.126852E+03
     9.430000E-01        44      2.753356E+04      4.702454E+03
     9.435000E-01        44      2.163935E+04      3.750449E+03
     9.440000E-01        44      1.921287E+04      3.376577E+03
     9.445000E-01        44      1.730845E+04      3.082348E+03
     9.450000E-01        44      1.312626E+04      2.367125E+03
     9.455000E-01        44      1.254951E+04      2.290349E+03
     9.460000E-01        44      1.037249E+04      1.914736E+03
     9.465000E-01        44      7.433734E+03      1.387261E+03
     9.470000E-01        44      6.560635E+03      1.237119E+03
     9.475000E-01        44      4.505971E+03      8.581665E+02
     9.480000E-01        44      3.864217E+03      7.429821E+02
     9.485000E-01        44      2.519848E+03      4.889365E+02
     9.490000E-01        44      1.258916E+03      2.464192E+02
     9.495000E-01        44      5.569344E+02      1.099334E+02
     9.500000E-01        44      8.223337E+01      1.636361E+01
     9.975000E-01        44     -2.303486E+01      0.000000E+00
     9.980000E-01        44     -1.104484E+02      0.000000E+00
     9.985000E-01        44     -2.534234E+02      0.000000E+00
     9.990000E-01        44     -5.070741E+02      0.000000E+00
     9.995000E-01        44     -7.436907E+02      0.000000E+00
     1.000000E+00        44     -1.034871E+03      0.000000E+00
     1.000500E+00        44     -1.543478E+03      0.000000E+00
     1.001000E+00        44     -1.884918E+03      0.000000E+00
     1.001500E+00        44     -2.527099E+03      0.000000E+00
     1.002000E+00        44     -2.956877E+03      0.000000E+00
     1.002500E+00        44     -3.458504E+03      0.000000E+00
     1.003000E+00        44     -4.350525E+03      0.000000E+00
     1.003500E+00        44     -4.846233E+03      0.000000E+00
     1.004000E+00        44     -5.832791E+03      0.000000E+00
     1.004500E+00        44     -6.282803E+03      0.000000E+00
     1.005000E+00        44     -6.851427E+03      0.000000E+00
     1.005500E+00        44     -7.966653E+03      0.000000E+00
     1.006000E+00        44     -8.627469E+03      0.000000E+00
     1.006500E+00        44     -9.666953E+03      0.000000E+00
     1.007000E+00        44     -9.922602E+03      0.000000E+00
     1.007500E+00        44     -1.054551E+04      0.000000E+00
     1.008000E+00        44     -1.121692E+04      0.000000E+00
     1.008500E+00        44     -1.144665E+04      0.000000E+00
     1.009000E+00        44     -1.274708E+04      0.000000E+00
     1.009500E+00        44     -1.212337E+04      0.000000E+00
     1.010000E+00        44     -1.230069E+04      0.000000E+00
     1.010500E+00        44     -1.361544E+04      0.000000E+00
     1.011000E+00        44     -1.273766E+04      0.000000E+00
     1.011500E+00        44     -1.230536E+04      0.000000E+00
     1.012000E+00        44     -1.329194E+04      0.000000E+00
     1.012500E+00        44     -1.228561E+04      0.000000E+00
     1.013000E+00        44     -1.306653E+04      0.000000E+00
     1.013500E+00        44     -1.129307E+04      0.000000E+00
     1.014000E+00        44     -1.053323E+04      0.000000E+00
     1.014500E+00        44     -1.091881E+04      0.000000E+00
     1.015000E+00        44     -9.839514E+03      0.000000E+00
     1.015500E+00        44     -9.736507E+03      0.000000E+00
     1.016000E+00        44     -7.582750E+03      0.000000E+00
     1.016500E+00        44     -6.280863E+03      0.000000E+00
     1.017000E+00        44     -5.756196E+03      0.000000E+00
     1.017500E+00        44     -3.847642E+03      0.000000E+00
     1.018000E+00        44     -2.554749E+03      0.000000E+00
     1.018500E+00        44     -7.444643E+02      0.000000E+00
     1.019000E+00        44      1.202158E+05      9.162054E+02
     1.019500E+00        44      1.325767E+05      2.684008E+03
     1.020000E+00        44      1.224225E+05      3.895923E+03
     1.020500E+00        44      1.104061E+05      4.690261E+03
     1.021000E+00        44      1.208578E+05      6.323933E+03
     1.021500E+00        44      1.156944E+05      7.108735E+03
     1.022000E+00        44      1.137973E+05      7.956152E+03
     1.022500E+00        44      1.143469E+05      8.896781E+03
     1.023000E+00        44      1.048197E+05      8.927717E+03
     1.023500E+00        44      1.091814E+05      1.005192E+04
     1.024000E+00        44      1.026880E+05      1.011801E+04
     1.024500E+00        44      1.102502E+05      1.153293E+04
     1.025000E+00        44      1.029092E+05      1.135363E+04
     1.025500E+00        44      9.705055E+04      1.123079E+04
     1.026000E+00        44      1.035940E+05      1.251593E+04
     1.026500E+00        44      9.502797E+04      1.193920E+04
     1.027000E+00        44      9.822695E+04      1.278992E+04
     1.027500E+00        44      8.822705E+04      1.187039E+04
     1.028000E+00        44      8.232503E+04      1.141547E+04
     1.028500E+00        44      8.323590E+04      1.186803E+04
     1.029000E+00        44      7.438196E+04      1.088332E+04
     1.029500E+00        44      6.467966E+04      9.694019E+03
     1.030000E+00        44      6.254712E+04      9.587024E+03
     1.030500E+00        44      5.452125E+04      8.533976E+03
     1.031000E+00        44      4.790925E+04      7.647936E+03
     1.031500E+00        44      4.231622E+04      6.881046E+03
     1.032000E+00        44      3.901324E+04      6.455240E+03
     1.032500E+00        44      3.021571E+04      5.082266E+03
     1.033000E+00        44      2.788257E+04      4.763096E+03
     1.033500E+00        44      2.152363E+04      3.731160E+03
     1.034000E+00        44      1.932667E+04      3.397239E+03
     1.034500E+00        44      1.743628E+04      3.105688E+03
     1.035000E+00        44      1.312409E+04      2.367150E+03
     1.035500E+00        44      1.267136E+04      2.312976E+03
     1.036000E+00        44      8.960801E+03      1.654408E+03
     1.036500E+00        44      8.128799E+03      1.517204E+03
     1.037000E+00        44      6.774771E+03      1.277685E+03
     1.037500E+00        44      4.634970E+03      8.828581E+02
     1.038000E+00        44      3.908500E+03      7.515973E+02
     1.038500E+00        44      2.541409E+03      4.931835E+02
     1.039000E+00        44      1.264263E+03      2.474963E+02
     1.039500E+00        44      5.517033E+02      1.089138E+02
     1.040000E+00        44      7.933357E+01      1.578838E+01
     1.537500E+00        44     -2.826536E+01      0.000000E+00
     1.538000E+00        44     -1.195337E+02      0.000000E+00
     1.538500E+00        44     -2.669629E+02      0.000000E+00
     1.539000E+00        44     -5.286415E+02      0.000000E+00
     1.539500E+00        44     -7.598725E+02      0.000000E+00
     1.540000E+00        44     -1.173451E+03      0.000000E+00
     1.540500E+00        44     -1.497357E+03      0.000000E+00
     1.541000E+00        44     -1.873637E+03      0.000000E+00
     1.541500E+00        44     -2.565478E+03      0.000000E+00
     1.542000E+00        44     -2.963370E+03      0.000000E+00
     1.542500E+00        44     -3.775440E+03      0.000000E+00
     1.543000E+00        44     -4.255344E+03      0.000000E+00
     1.543500E+00        44     -4.811578E+03      0.000000E+00
     1.544000E+00        44     -5.886472E+03      0.000000E+00
     1.544500E+00        44     -6.344154E+03      0.000000E+00
     1.545000E+00        44     -7.613877E+03      0.000000E+00
     1.545500E+00        44     -7.726435E+03      0.000000E+00
     1.546000E+00        44     -8.587935E+03      0.000000E+00
     1.546500E+00        44     -9.629064E+03      0.000000E+00
     1.547000E+00        44     -1.007302E+04      0.000000E+00
     1.547500E+00        44     -1.058711E+04      0.000000E+00
     1.548000E+00        44     -1.135546E+04      0.000000E+00
     1.548500E+00        44     -1.163202E+04      0.000000E+00
     1.549000E+00        44     -1.281720E+04      0.000000E+00
     1.549500E+00        44     -1.235321E+04      0.000000E+00
     1.550000E+00        44     -1.241117E+04      0.000000E+00
     1.550500E+00        44     -1.372649E+04      0.000000E+00
     1.551000E+00        44     -1.291099E+04      0.000000E+00
     1.551500E+00        44     -1.352894E+04      0.000000E+00
     1.552000E+00        44     -1.273874E+04      0.000000E+00
     1.552500E+00        44     -1.211915E+04      0.000000E+00
     1.553000E+00        44     -1.273432E+04      0.000000E+00
     1.553500E+00        44     -1.127128E+04      0.000000E+00
     1.554000E+00        44     -1.200077E+04      0.000000E+00
     1.554500E+00        44     -9.862345E+03      0.000000E+00
     1.555000E+00        44     -9.512406E+03      0.000000E+00
     1.555500E+00        44     -9.269715E+03      0.000000E+00
     1.556000E+00        44     -7.408365E+03      0.000000E+00
     1.556500E+00        44     -6.077782E+03      0.000000E+00
     1.557000E+00        44     -5.535486E+03      0.000000E+00
     1.557500E+00        44     -3.732036E+03      0.000000E+00
     1.558000E+00        44     -2.389160E+03      0.000000E+00
     1.558500E+00        44     -6.007826E+02      0.000000E+00
     1.559000E+00        44      1.205991E+05      1.056052E+03
     1.559500E+00        44      1.338561E+05      2.849069E+03
     1.560000E+00        44      1.225055E+05      4.015620E+03
     1.560500E+00        44      1.266339E+05      5.491235E+03
     1.561000E+00        44      1.141540E+05      6.066212E+03
     1.561500E+00        44      1.132162E+05      7.042096E+03
     1.562000E+00        44      1.153078E+05      8.142897E+03
     1.562500E+00        44      1.124896E+05      8.826107E+03
     1.563000E+00        44      1.122213E+05      9.626986E+03
     1.563500E+00        44      1.061941E+05      9.837933E+03
     1.564000E+00        44      1.004155E+05      9.948291E+03
     1.564500E+00        44      1.106725E+05      1.163330E+04
     1.565000E+00        44      1.013024E+05      1.122483E+04
     1.565500E+00        44      9.645859E+04      1.120586E+04
     1.566000E+00        44      1.034057E+05      1.253734E+04
     1.566500E+00        44      9.337517E+04      1.176931E+04
     1.567000E+00        44      9.813997E+04      1.281624E+04
     1.567500E+00        44      8.715116E+04      1.175737E+04
     1.568000E+00        44      8.134289E+04      1.130745E+04
     1.568500E+00        44      8.292467E+04      1.185099E+04
     1.569000E+00        44      7.321676E+04      1.073585E+04
     1.569500E+00        44      6.761054E+04      1.015357E+04
     1.570000E+00        44      6.033729E+04      9.265593E+03
     1.570500E+00        44      5.326752E+04      8.352327E+03
     1.571000E+00        44      4.689262E+04      7.497943E+03
     1.571500E+00        44      4.169909E+04      6.791170E+03
     1.572000E+00        44      3.602526E+04      5.969520E+03
     1.572500E+00        44      3.083124E+04      5.192926E+03
     1.573000E+00        44      2.777584E+04      4.751032E+03
     1.573500E+00        44      2.143004E+04      3.719512E+03
     1.574000E+00        44      1.916484E+04      3.372729E+03
     1.574500E+00        44      1.714084E+04      3.056457E+03
     1.575000E+00        44      1.293393E+04      2.335317E+03
     1.575500E+00        44      1.242962E+04      2.271132E+03
     1.576000E+00        44      8.695990E+03      1.607057E+03
     1.576500E+00        44      7.938930E+03      1.483124E+03
     1.577000E+00        44      6.538609E+03      1.234227E+03
     1.577500E+00        44      4.450535E+03      8.484381E+02
     1.578000E+00        44      3.750364E+03      7.217672E+02
     1.578500E+00        44      1.981667E+03      3.848566E+02
     1.579000E+00        44      1.301890E+03      2.550506E+02
     1.579500E+00        44      5.082757E+02      1.004118E+02
     1.580000E+00        44      5.984823E+01      1.191868E+01
     1.627500E+00        44     -2.906483E+01      0.000000E+00
     1.628000E+00        44     -1.212050E+02      0.000000E+00
     1.628500E+00        44     -2.694230E+02      0.000000E+00
     1.629000E+00        44     -5.334792E+02      0.000000E+00
     1.629500E+00        44     -7.687812E+02      0.000000E+00
     1.630000E+00        44     -1.181437E+03      0.000000E+00
     1.630500E+00        44     -1.513219E+03      0.000000E+00
     1.631000E+00        44     -1.890081E+03      0.000000E+00
     1.631500E+00        44     -2.573276E+03      0.000000E+00
     1.632000E+00        44     -2.992342E+03      0.000000E+00
     1.632500E+00        44     -3.775212E+03      0.000000E+00
     1.633000E+00        44     -4.259661E+03      0.000000E+00
     1.633500E+00        44     -4.824069E+03      0.000000E+00
     1.634000E+00        44     -5.829263E+03      0.000000E+00
     1.634500E+00        44     -6.352375E+03      0.000000E+00
     1.635000E+00        44     -7.534027E+03      0.000000E+00
     1.635500E+00        44     -7.650548E+03      0.000000E+00
     1.636000E+00        44     -8.539631E+03      0.000000E+00
     1.636500E+00        44     -9.455987E+03      0.000000E+00
     1.637000E+00        44     -1.002295E+04      0.000000E+00
     1.637500E+00        44     -1.041790E+04      0.000000E+00
     1.638000E+00        44     -1.121766E+04      0.000000E+00
     1.638500E+00        44     -1.153788E+04      0.000000E+00
     1.639000E+00        44     -1.261489E+04      0.000000E+00
     1.639500E+00        44     -1.229277E+04      0.000000E+00
     1.640000E+00        44     -1.223981E+04      0.000000E+00
     1.640500E+00        44     -1.364156E+04      0.000000E+00
     1.641000E+00        44     -1.284549E+04      0.000000E+00
     1.641500E+00        44     -1.342210E+04      0.000000E+00
     1.642000E+00        44     -1.275979E+04      0.000000E+00
     1.642500E+00        44     -1.202499E+04      0.000000E+00
     1.643000E+00        44     -1.277421E+04      0.000000E+00
     1.643500E+00        44     -1.126499E+04      0.000000E+00
     1.644000E+00        44     -1.199251E+04      0.000000E+00
     1.644500E+00        44     -9.941773E+03      0.000000E+00
     1.645000E+00        44     -9.464728E+03      0.000000E+00
     1.645500E+00        44     -9.340415E+03      0.000000E+00
     1.646000E+00        44     -7.403404E+03      0.000000E+00
     1.646500E+00        44     -6.074709E+03      0.000000E+00
     1.647000E+00        44     -5.552649E+03      0.000000E+00
     1.647500E+00        44     -3.696863E+03      0.000000E+00
     1.648000E+00        44     -2.371294E+03      0.000000E+00
     1.648500E+00        44     -5.745198E+02      0.000000E+00
     1.649000E+00        44      1.200841E+05      1.074163E+03
     1.649500E+00        44      1.328561E+05      2.850706E+03
     1.650000E+00        44      1.222594E+05      4.026942E+03
     1.650500E+00        44      1.249706E+05      5.437391E+03
     1.651000E+00        44      1.134152E+05      6.042300E+03
     1.651500E+00        44      1.124561E+05      7.008946E+03
     1.652000E+00        44      1.131505E+05      8.003778E+03
     1.652500E+00        44      1.128311E+05      8.865203E+03
     1.653000E+00        44      1.102513E+05      9.469223E+03
     1.653500E+00        44      1.057767E+05      9.809365E+03
     1.654000E+00        44      1.002348E+05      9.939381E+03
     1.654500E+00        44      1.092777E+05      1.149591E+04
     1.655000E+00        44      1.019533E+05      1.130506E+04
     1.655500E+00        44      9.583880E+04      1.114105E+04
     1.656000E+00        44      1.033931E+05      1.254314E+04
     1.656500E+00        44      9.390729E+04      1.184269E+04
     1.657000E+00        44      9.788972E+04      1.278980E+04
     1.657500E+00        44      8.768773E+04      1.183507E+04
     1.658000E+00        44      8.168469E+04      1.135967E+04
     1.658500E+00        44      8.296246E+04      1.186094E+04
     1.659000E+00        44      7.376154E+04      1.081958E+04
     1.659500E+00        44      6.773254E+04      1.017527E+04
     1.660000E+00        44      6.047762E+04      9.290024E+03
     1.660500E+00        44      5.363542E+04      8.412457E+03
     1.661000E+00        44      4.678312E+04      7.482474E+03
     1.661500E+00        44      4.190351E+04      6.826211E+03
     1.662000E+00        44      3.607124E+04      5.978584E+03
     1.662500E+00        44      3.078646E+04      5.186569E+03
     1.663000E+00        44      2.791418E+04      4.775727E+03
     1.663500E+00        44      2.139728E+04      3.714586E+03
     1.664000E+00        44      1.921206E+04      3.381695E+03
     1.664500E+00        44      1.718570E+04      3.065021E+03
     1.665000E+00        44      1.296641E+04      2.341593E+03
     1.665500E+00        44      1.246337E+04      2.277681E+03
     1.666000E+00        44      8.754776E+03      1.618179E+03
     1.666500E+00        44      7.962226E+03      1.487703E+03
     1.667000E+00        44      6.563494E+03      1.239104E+03
     1.667500E+00        44      4.475650E+03      8.533449E+02
     1.668000E+00        44      3.745186E+03      7.208669E+02
     1.668500E+00        44      1.986908E+03      3.859238E+02
     1.669000E+00        44      1.294478E+03      2.536297E+02
     1.669500E+00        44      5.016397E+02      9.911253E+01
     1.670000E+00        44      5.708157E+01      1.136899E+01
