     9.290000E-01        45     -1.181797E+01      0.000000E+00
     9.295000E-01        45     -1.004837E+02      0.000000E+00
     9.300000E-01        45     -2.472341E+02      0.000000E+00
     9.305000E-01        45     -4.250759E+02      0.000000E+00
     9.310000E-01        45     -7.561922E+02      0.000000E+00
     9.315000E-01        45     -1.053197E+03      0.000000E+00
     9.320000E-01        45     -1.449042E+03      0.000000E+00
     9.325000E-01        45     -1.893938E+03      0.000000E+00
     9.330000E-01        45     -2.225003E+03      0.000000E+00
     9.335000E-01        45     -2.890269E+03      0.000000E+00
     9.340000E-01        45     -3.258231E+03      0.000000E+00
     9.345000E-01        45     -4.251494E+03      0.000000E+00
     9.350000E-01        45     -4.640207E+03      0.000000E+00
     9.355000E-01        45     -5.120604E+03      0.000000E+00
     9.360000E-01        45     -6.376387E+03      0.000000E+00
     9.365000E-01        45     -6.655373E+03      0.000000E+00
     9.370000E-01        45     -7.190087E+03      0.000000E+00
     9.375000E-01        45     -8.504214E+03      0.000000E+00
     9.380000E-01        45     -8.661010E+03      0.000000E+00
     9.385000E-01        45     -1.002577E+04      0.000000E+00
     9.390000E-01        45     -9.852309E+03      0.000000E+00
     9.395000E-01        45     -9.698062E+03      0.000000E+00
     9.400000E-01        45     -1.057576E+04      0.000000E+00
     9.405000E-01        45     -1.012231E+04      0.000000E+00
     9.410000E-01        45     -1.018539E+04      0.000000E+00
     9.415000E-01        45     -9.916981E+03      0.000000E+00
     9.420000E-01        45     -1.026109E+04      0.000000E+00
     9.425000E-01        45     -9.025949E+03      0.000000E+00
     9.430000E-01        45     -9.165001E+03      0.000000E+00
     9.435000E-01        45     -8.119939E+03      0.000000E+00
     9.440000E-01        45     -8.155447E+03      0.000000E+00
     9.445000E-01        45     -8.348575E+03      0.000000E+00
     9.450000E-01        45     -7.235817E+03      0.000000E+00
     9.455000E-01        45     -7.964179E+03      0.000000E+00
     9.460000E-01        45     -7.649381E+03      0.000000E+00
     9.465000E-01        45     -6.448160E+03      0.000000E+00
     9.470000E-01        45     -6.801342E+03      0.000000E+00
     9.475000E-01        45     -5.705249E+03      0.000000E+00
     9.480000E-01        45     -6.162056E+03      0.000000E+00
     9.485000E-01        45     -5.300720E+03      0.000000E+00
     9.490000E-01        45     -3.773470E+03      0.000000E+00
     9.495000E-01        45     -2.771677E+03      0.000000E+00
     9.500000E-01        45     -1.074544E+03      0.000000E+00
     9.505000E-01        45      1.439219E+05      6.924903E+02
     9.510000E-01        45      1.460505E+05      2.581243E+03
     9.515000E-01        45      1.402835E+05      4.132981E+03
     9.520000E-01        45      1.446200E+05      5.828867E+03
     9.525000E-01        45      1.323756E+05      6.660096E+03
     9.530000E-01        45      1.379352E+05      8.217745E+03
     9.535000E-01        45      1.453866E+05      9.912263E+03
     9.540000E-01        45      1.278924E+05      9.743637E+03
     9.545000E-01        45      1.288319E+05      1.077795E+04
     9.550000E-01        45      1.286847E+05      1.166514E+04
     9.555000E-01        45      1.124898E+05      1.093417E+04
     9.560000E-01        45      1.137916E+05      1.176105E+04
     9.565000E-01        45      1.018845E+05      1.112051E+04
     9.570000E-01        45      1.078323E+05      1.235853E+04
     9.575000E-01        45      1.084073E+05      1.298347E+04
     9.580000E-01        45      9.223239E+04      1.149616E+04
     9.585000E-01        45      9.449845E+04      1.221526E+04
     9.590000E-01        45      8.472622E+04      1.132345E+04
     9.595000E-01        45      9.025730E+04      1.243850E+04
     9.600000E-01        45      8.387481E+04      1.189111E+04
     9.605000E-01        45      7.702296E+04      1.121023E+04
     9.610000E-01        45      7.540782E+04      1.124633E+04
     9.615000E-01        45      6.564417E+04      1.001550E+04
     9.620000E-01        45      6.236295E+04      9.719415E+03
     9.625000E-01        45      5.786152E+04      9.199370E+03
     9.630000E-01        45      5.057766E+04      8.193217E+03
     9.635000E-01        45      4.653520E+04      7.672302E+03
     9.640000E-01        45      4.159353E+04      6.972385E+03
     9.645000E-01        45      3.511555E+04      5.979529E+03
     9.650000E-01        45      3.110151E+04      5.375196E+03
     9.655000E-01        45      2.565067E+04      4.495932E+03
     9.660000E-01        45      2.351067E+04      4.176222E+03
     9.665000E-01        45      2.007631E+04      3.611711E+03
     9.670000E-01        45      1.634959E+04      2.977011E+03
     9.675000E-01        45      1.396894E+04      2.572970E+03
     9.680000E-01        45      1.096577E+04      2.042109E+03
     9.685000E-01        45      9.169808E+03      1.725657E+03
     9.690000E-01        45      6.944493E+03      1.320049E+03
     9.695000E-01        45      4.901279E+03      9.406493E+02
     9.700000E-01        45      3.257698E+03      6.309913E+02
     9.705000E-01        45      1.817873E+03      3.552277E+02
     9.710000E-01        45      8.000562E+02      1.576670E+02
     9.715000E-01        45      1.710508E+02      3.398427E+01
     1.019000E+00        45     -1.209890E+01      0.000000E+00
     1.019500E+00        45     -1.007623E+02      0.000000E+00
     1.020000E+00        45     -2.457386E+02      0.000000E+00
     1.020500E+00        45     -4.216472E+02      0.000000E+00
     1.021000E+00        45     -7.469175E+02      0.000000E+00
     1.021500E+00        45     -1.050814E+03      0.000000E+00
     1.022000E+00        45     -1.425365E+03      0.000000E+00
     1.022500E+00        45     -1.888285E+03      0.000000E+00
     1.023000E+00        45     -2.207339E+03      0.000000E+00
     1.023500E+00        45     -2.858051E+03      0.000000E+00
     1.024000E+00        45     -3.275049E+03      0.000000E+00
     1.024500E+00        45     -4.215627E+03      0.000000E+00
     1.025000E+00        45     -4.656188E+03      0.000000E+00
     1.025500E+00        45     -5.140226E+03      0.000000E+00
     1.026000E+00        45     -6.365590E+03      0.000000E+00
     1.026500E+00        45     -6.724065E+03      0.000000E+00
     1.027000E+00        45     -7.953857E+03      0.000000E+00
     1.027500E+00        45     -8.133073E+03      0.000000E+00
     1.028000E+00        45     -8.602305E+03      0.000000E+00
     1.028500E+00        45     -9.823923E+03      0.000000E+00
     1.029000E+00        45     -9.887700E+03      0.000000E+00
     1.029500E+00        45     -9.662404E+03      0.000000E+00
     1.030000E+00        45     -1.048351E+04      0.000000E+00
     1.030500E+00        45     -1.024196E+04      0.000000E+00
     1.031000E+00        45     -1.008161E+04      0.000000E+00
     1.031500E+00        45     -9.975311E+03      0.000000E+00
     1.032000E+00        45     -1.030871E+04      0.000000E+00
     1.032500E+00        45     -8.960375E+03      0.000000E+00
     1.033000E+00        45     -9.297012E+03      0.000000E+00
     1.033500E+00        45     -8.090650E+03      0.000000E+00
     1.034000E+00        45     -8.218578E+03      0.000000E+00
     1.034500E+00        45     -8.426046E+03      0.000000E+00
     1.035000E+00        45     -7.248897E+03      0.000000E+00
     1.035500E+00        45     -8.058338E+03      0.000000E+00
     1.036000E+00        45     -6.623149E+03      0.000000E+00
     1.036500E+00        45     -7.068315E+03      0.000000E+00
     1.037000E+00        45     -7.042382E+03      0.000000E+00
     1.037500E+00        45     -5.886661E+03      0.000000E+00
     1.038000E+00        45     -6.255214E+03      0.000000E+00
     1.038500E+00        45     -5.369905E+03      0.000000E+00
     1.039000E+00        45     -3.812039E+03      0.000000E+00
     1.039500E+00        45     -2.771133E+03      0.000000E+00
     1.040000E+00        45     -1.060692E+03      0.000000E+00
     1.040500E+00        45      1.445007E+05      7.232375E+02
     1.041000E+00        45      1.463978E+05      2.613296E+03
     1.041500E+00        45      1.402269E+05      4.154106E+03
     1.042000E+00        45      1.449487E+05      5.863825E+03
     1.042500E+00        45      1.316855E+05      6.643610E+03
     1.043000E+00        45      1.380148E+05      8.240207E+03
     1.043500E+00        45      1.451755E+05      9.915198E+03
     1.044000E+00        45      1.270404E+05      9.692860E+03
     1.044500E+00        45      1.293872E+05      1.083786E+04
     1.045000E+00        45      1.154953E+05      1.048078E+04
     1.045500E+00        45      1.191363E+05      1.159110E+04
     1.046000E+00        45      1.161798E+05      1.201787E+04
     1.046500E+00        45      1.034953E+05      1.130470E+04
     1.047000E+00        45      1.095140E+05      1.255964E+04
     1.047500E+00        45      1.090050E+05      1.306293E+04
     1.048000E+00        45      9.364971E+04      1.167922E+04
     1.048500E+00        45      9.487931E+04      1.227064E+04
     1.049000E+00        45      8.543330E+04      1.142320E+04
     1.049500E+00        45      9.079319E+04      1.251765E+04
     1.050000E+00        45      8.388034E+04      1.189656E+04
     1.050500E+00        45      7.760985E+04      1.129976E+04
     1.051000E+00        45      7.514128E+04      1.121038E+04
     1.051500E+00        45      6.593068E+04      1.006240E+04
     1.052000E+00        45      6.229553E+04      9.711783E+03
     1.052500E+00        45      5.775475E+04      9.184946E+03
     1.053000E+00        45      5.080611E+04      8.232375E+03
     1.053500E+00        45      4.630948E+04      7.636966E+03
     1.054000E+00        45      3.858083E+04      6.468864E+03
     1.054500E+00        45      3.665408E+04      6.242882E+03
     1.055000E+00        45      3.164587E+04      5.470413E+03
     1.055500E+00        45      2.644733E+04      4.636481E+03
     1.056000E+00        45      2.359600E+04      4.192164E+03
     1.056500E+00        45      2.050693E+04      3.689836E+03
     1.057000E+00        45      1.654482E+04      3.013071E+03
     1.057500E+00        45      1.406921E+04      2.591859E+03
     1.058000E+00        45      1.115554E+04      2.077769E+03
     1.058500E+00        45      9.183691E+03      1.728525E+03
     1.059000E+00        45      6.999896E+03      1.330768E+03
     1.059500E+00        45      4.915920E+03      9.435868E+02
     1.060000E+00        45      3.249621E+03      6.295085E+02
     1.060500E+00        45      1.814056E+03      3.545260E+02
     1.061000E+00        45      7.900072E+02      1.557052E+02
     1.061500E+00        45      1.657581E+02      3.293651E+01
     1.559000E+00        45     -1.611830E+01      0.000000E+00
     1.559500E+00        45     -1.131057E+02      0.000000E+00
     1.560000E+00        45     -2.623843E+02      0.000000E+00
     1.560500E+00        45     -5.067279E+02      0.000000E+00
     1.561000E+00        45     -7.316797E+02      0.000000E+00
     1.561500E+00        45     -1.059562E+03      0.000000E+00
     1.562000E+00        45     -1.481518E+03      0.000000E+00
     1.562500E+00        45     -1.899289E+03      0.000000E+00
     1.563000E+00        45     -2.410257E+03      0.000000E+00
     1.563500E+00        45     -2.829749E+03      0.000000E+00
     1.564000E+00        45     -3.255068E+03      0.000000E+00
     1.564500E+00        45     -4.295817E+03      0.000000E+00
     1.565000E+00        45     -4.648131E+03      0.000000E+00
     1.565500E+00        45     -5.176576E+03      0.000000E+00
     1.566000E+00        45     -6.433718E+03      0.000000E+00
     1.566500E+00        45     -6.686080E+03      0.000000E+00
     1.567000E+00        45     -8.037868E+03      0.000000E+00
     1.567500E+00        45     -8.122644E+03      0.000000E+00
     1.568000E+00        45     -8.590693E+03      0.000000E+00
     1.568500E+00        45     -9.889294E+03      0.000000E+00
     1.569000E+00        45     -9.832222E+03      0.000000E+00
     1.569500E+00        45     -1.020174E+04      0.000000E+00
     1.570000E+00        45     -1.021358E+04      0.000000E+00
     1.570500E+00        45     -1.010517E+04      0.000000E+00
     1.571000E+00        45     -9.964854E+03      0.000000E+00
     1.571500E+00        45     -9.926927E+03      0.000000E+00
     1.572000E+00        45     -9.613981E+03      0.000000E+00
     1.572500E+00        45     -9.235209E+03      0.000000E+00
     1.573000E+00        45     -9.356753E+03      0.000000E+00
     1.573500E+00        45     -8.140545E+03      0.000000E+00
     1.574000E+00        45     -8.238686E+03      0.000000E+00
     1.574500E+00        45     -8.377386E+03      0.000000E+00
     1.575000E+00        45     -7.229121E+03      0.000000E+00
     1.575500E+00        45     -8.004708E+03      0.000000E+00
     1.576000E+00        45     -6.514864E+03      0.000000E+00
     1.576500E+00        45     -7.005616E+03      0.000000E+00
     1.577000E+00        45     -6.908900E+03      0.000000E+00
     1.577500E+00        45     -5.758478E+03      0.000000E+00
     1.578000E+00        45     -6.134793E+03      0.000000E+00
     1.578500E+00        45     -4.301848E+03      0.000000E+00
     1.579000E+00        45     -4.070285E+03      0.000000E+00
     1.579500E+00        45     -2.703082E+03      0.000000E+00
     1.580000E+00        45     -9.290295E+02      0.000000E+00
     1.580500E+00        45      1.459256E+05      8.990227E+02
     1.581000E+00        45      1.325599E+05      2.506458E+03
     1.581500E+00        45      1.487305E+05      4.550467E+03
     1.582000E+00        45      1.481012E+05      6.123922E+03
     1.582500E+00        45      1.332401E+05      6.832304E+03
     1.583000E+00        45      1.384292E+05      8.371184E+03
     1.583500E+00        45      1.460594E+05      1.007980E+04
     1.584000E+00        45      1.266164E+05      9.744745E+03
     1.584500E+00        45      1.286277E+05      1.085421E+04
     1.585000E+00        45      1.154027E+05      1.053956E+04
     1.585500E+00        45      1.171414E+05      1.146101E+04
     1.586000E+00        45      1.154195E+05      1.199852E+04
     1.586500E+00        45      1.019349E+05      1.118359E+04
     1.587000E+00        45      1.072796E+05      1.235238E+04
     1.587500E+00        45      9.307541E+04      1.119414E+04
     1.588000E+00        45      9.875580E+04      1.235637E+04
     1.588500E+00        45      9.620494E+04      1.247936E+04
     1.589000E+00        45      8.712629E+04      1.168162E+04
     1.589500E+00        45      8.949428E+04      1.236987E+04
     1.590000E+00        45      8.058791E+04      1.145643E+04
     1.590500E+00        45      7.879527E+04      1.149735E+04
     1.591000E+00        45      7.477030E+04      1.117766E+04
     1.591500E+00        45      6.678446E+04      1.021201E+04
     1.592000E+00        45      6.105947E+04      9.535956E+03
     1.592500E+00        45      5.768562E+04      9.189207E+03
     1.593000E+00        45      5.024844E+04      8.154742E+03
     1.593500E+00        45      4.525805E+04      7.474566E+03
     1.594000E+00        45      3.834047E+04      6.437498E+03
     1.594500E+00        45      3.558155E+04      6.068174E+03
     1.595000E+00        45      3.106449E+04      5.376597E+03
     1.595500E+00        45      2.579598E+04      4.527631E+03
     1.596000E+00        45      2.280698E+04      4.056527E+03
     1.596500E+00        45      1.839228E+04      3.312873E+03
     1.597000E+00        45      1.666447E+04      3.037943E+03
     1.597500E+00        45      1.382826E+04      2.549937E+03
     1.598000E+00        45      1.091918E+04      2.035627E+03
     1.598500E+00        45      8.866815E+03      1.670359E+03
     1.599000E+00        45      6.512999E+03      1.239250E+03
     1.599500E+00        45      4.810909E+03      9.241784E+02
     1.600000E+00        45      3.106954E+03      6.023387E+02
     1.600500E+00        45      1.704199E+03      3.333043E+02
     1.601000E+00        45      7.157908E+02      1.411786E+02
     1.601500E+00        45      1.327804E+02      2.640190E+01
     1.649000E+00        45     -1.676390E+01      0.000000E+00
     1.649500E+00        45     -1.141982E+02      0.000000E+00
     1.650000E+00        45     -2.646481E+02      0.000000E+00
     1.650500E+00        45     -5.039224E+02      0.000000E+00
     1.651000E+00        45     -7.313258E+02      0.000000E+00
     1.651500E+00        45     -1.057667E+03      0.000000E+00
     1.652000E+00        45     -1.459936E+03      0.000000E+00
     1.652500E+00        45     -1.912067E+03      0.000000E+00
     1.653000E+00        45     -2.375696E+03      0.000000E+00
     1.653500E+00        45     -2.826956E+03      0.000000E+00
     1.654000E+00        45     -3.257991E+03      0.000000E+00
     1.654500E+00        45     -4.252272E+03      0.000000E+00
     1.655000E+00        45     -4.688894E+03      0.000000E+00
     1.655500E+00        45     -5.154578E+03      0.000000E+00
     1.656000E+00        45     -6.446274E+03      0.000000E+00
     1.656500E+00        45     -6.737480E+03      0.000000E+00
     1.657000E+00        45     -8.032580E+03      0.000000E+00
     1.657500E+00        45     -8.187606E+03      0.000000E+00
     1.658000E+00        45     -8.642097E+03      0.000000E+00
     1.658500E+00        45     -9.910909E+03      0.000000E+00
     1.659000E+00        45     -9.922156E+03      0.000000E+00
     1.659500E+00        45     -1.023719E+04      0.000000E+00
     1.660000E+00        45     -1.025421E+04      0.000000E+00
     1.660500E+00        45     -1.019163E+04      0.000000E+00
     1.661000E+00        45     -9.957835E+03      0.000000E+00
     1.661500E+00        45     -9.991950E+03      0.000000E+00
     1.662000E+00        45     -9.642172E+03      0.000000E+00
     1.662500E+00        45     -9.237261E+03      0.000000E+00
     1.663000E+00        45     -9.419439E+03      0.000000E+00
     1.663500E+00        45     -8.142367E+03      0.000000E+00
     1.664000E+00        45     -8.273964E+03      0.000000E+00
     1.664500E+00        45     -8.415175E+03      0.000000E+00
     1.665000E+00        45     -7.261658E+03      0.000000E+00
     1.665500E+00        45     -8.043355E+03      0.000000E+00
     1.666000E+00        45     -6.573751E+03      0.000000E+00
     1.666500E+00        45     -7.043520E+03      0.000000E+00
     1.667000E+00        45     -6.954224E+03      0.000000E+00
     1.667500E+00        45     -5.809075E+03      0.000000E+00
     1.668000E+00        45     -6.148894E+03      0.000000E+00
     1.668500E+00        45     -4.332933E+03      0.000000E+00
     1.669000E+00        45     -4.072062E+03      0.000000E+00
     1.669500E+00        45     -2.694101E+03      0.000000E+00
     1.670000E+00        45     -9.104411E+02      0.000000E+00
     1.670500E+00        45      1.464970E+05      9.306329E+02
     1.671000E+00        45      1.328924E+05      2.536064E+03
     1.671500E+00        45      1.491855E+05      4.588435E+03
     1.672000E+00        45      1.484644E+05      6.161001E+03
     1.672500E+00        45      1.331571E+05      6.846346E+03
     1.673000E+00        45      1.391238E+05      8.430918E+03
     1.673500E+00        45      1.459429E+05      1.008905E+04
     1.674000E+00        45      1.268262E+05      9.774904E+03
     1.674500E+00        45      1.292419E+05      1.091938E+04
     1.675000E+00        45      1.150530E+05      1.051875E+04
     1.675500E+00        45      1.179719E+05      1.155298E+04
     1.676000E+00        45      1.156080E+05      1.202798E+04
     1.676500E+00        45      1.021862E+05      1.121938E+04
     1.677000E+00        45      1.083147E+05      1.247979E+04
     1.677500E+00        45      9.296457E+04      1.118748E+04
     1.678000E+00        45      9.969326E+04      1.248044E+04
     1.678500E+00        45      9.649038E+04      1.252260E+04
     1.679000E+00        45      8.745273E+04      1.173074E+04
     1.679500E+00        45      9.013466E+04      1.246363E+04
     1.680000E+00        45      8.064158E+04      1.146852E+04
     1.680500E+00        45      7.928638E+04      1.157319E+04
     1.681000E+00        45      7.488144E+04      1.119804E+04
     1.681500E+00        45      6.701052E+04      1.024979E+04
     1.682000E+00        45      6.119647E+04      9.560164E+03
     1.682500E+00        45      5.784696E+04      9.217452E+03
     1.683000E+00        45      5.037577E+04      8.177528E+03
     1.683500E+00        45      4.540091E+04      7.499993E+03
     1.684000E+00        45      3.857013E+04      6.477555E+03
     1.684500E+00        45      3.566171E+04      6.083172E+03
     1.685000E+00        45      3.134073E+04      5.425530E+03
     1.685500E+00        45      2.592501E+04      4.551172E+03
     1.686000E+00        45      2.300021E+04      4.091658E+03
     1.686500E+00        45      1.860443E+04      3.351682E+03
     1.687000E+00        45      1.675334E+04      3.054660E+03
     1.687500E+00        45      1.399416E+04      2.580946E+03
     1.688000E+00        45      1.098225E+04      2.047700E+03
     1.688500E+00        45      8.935948E+03      1.683629E+03
     1.689000E+00        45      6.557293E+03      1.247853E+03
     1.689500E+00        45      4.821865E+03      9.264077E+02
     1.690000E+00        45      3.113200E+03      6.036276E+02
     1.690500E+00        45      1.698267E+03      3.321854E+02
     1.691000E+00        45      7.084468E+02      1.397467E+02
     1.691500E+00        45      1.283307E+02      2.552006E+01
