     9.940000E-01        48     -3.911474E+01      0.000000E+00
     9.945000E-01        48     -1.591136E+02      0.000000E+00
     9.950000E-01        48     -3.646012E+02      0.000000E+00
     9.955000E-01        48     -6.288218E+02      0.000000E+00
     9.960000E-01        48     -9.631593E+02      0.000000E+00
     9.965000E-01        48     -1.358469E+03      0.000000E+00
     9.970000E-01        48     -1.795696E+03      0.000000E+00
     9.975000E-01        48     -2.264689E+03      0.000000E+00
     9.980000E-01        48     -2.737677E+03      0.000000E+00
     9.985000E-01        48     -3.301970E+03      0.000000E+00
     9.990000E-01        48     -3.763327E+03      0.000000E+00
     9.995000E-01        48     -4.393739E+03      0.000000E+00
     1.000000E+00        48     -4.955407E+03      0.000000E+00
     1.000500E+00        48     -5.465028E+03      0.000000E+00
     1.001000E+00        48     -6.224133E+03      0.000000E+00
     1.001500E+00        48     -6.661500E+03      0.000000E+00
     1.002000E+00        48     -7.427738E+03      0.000000E+00
     1.002500E+00        48     -8.041094E+03      0.000000E+00
     1.003000E+00        48     -8.530098E+03      0.000000E+00
     1.003500E+00        48     -9.336130E+03      0.000000E+00
     1.004000E+00        48     -9.649519E+03      0.000000E+00
     1.004500E+00        48     -1.030918E+04      0.000000E+00
     1.005000E+00        48     -1.074113E+04      0.000000E+00
     1.005500E+00        48     -1.098009E+04      0.000000E+00
     1.006000E+00        48     -1.152483E+04      0.000000E+00
     1.006500E+00        48     -1.156059E+04      0.000000E+00
     1.007000E+00        48     -1.192012E+04      0.000000E+00
     1.007500E+00        48     -1.204922E+04      0.000000E+00
     1.008000E+00        48     -1.214838E+04      0.000000E+00
     1.008500E+00        48     -1.229195E+04      0.000000E+00
     1.009000E+00        48     -1.240104E+04      0.000000E+00
     1.009500E+00        48     -1.226513E+04      0.000000E+00
     1.010000E+00        48     -1.198939E+04      0.000000E+00
     1.010500E+00        48     -1.218859E+04      0.000000E+00
     1.011000E+00        48     -1.146673E+04      0.000000E+00
     1.011500E+00        48     -1.067659E+04      0.000000E+00
     1.012000E+00        48     -1.059296E+04      0.000000E+00
     1.012500E+00        48     -9.074224E+03      0.000000E+00
     1.013000E+00        48     -8.438586E+03      0.000000E+00
     1.013500E+00        48     -6.383880E+03      0.000000E+00
     1.014000E+00        48     -4.498406E+03      0.000000E+00
     1.014500E+00        48     -2.862978E+03      0.000000E+00
     1.015000E+00        48     -5.256331E+02      0.000000E+00
     1.015500E+00        48      1.725938E+05      1.765448E+03
     1.016000E+00        48      1.541300E+05      3.488445E+03
     1.016500E+00        48      1.425562E+05      4.849617E+03
     1.017000E+00        48      1.522075E+05      6.774286E+03
     1.017500E+00        48      1.337138E+05      7.247165E+03
     1.018000E+00        48      1.385424E+05      8.753503E+03
     1.018500E+00        48      1.209045E+05      8.648663E+03
     1.019000E+00        48      1.112601E+05      8.824531E+03
     1.019500E+00        48      1.162151E+05      1.006227E+04
     1.020000E+00        48      1.030599E+05      9.624598E+03
     1.020500E+00        48      9.494821E+04      9.473275E+03
     1.021000E+00        48      9.964324E+04      1.053976E+04
     1.021500E+00        48      9.232074E+04      1.028707E+04
     1.022000E+00        48      9.522536E+04      1.111854E+04
     1.022500E+00        48      8.189806E+04      9.975170E+03
     1.023000E+00        48      8.053892E+04      1.019377E+04
     1.023500E+00        48      7.954916E+04      1.042815E+04
     1.024000E+00        48      7.363602E+04      9.968985E+03
     1.024500E+00        48      7.049191E+04      9.830843E+03
     1.025000E+00        48      6.455495E+04      9.253438E+03
     1.025500E+00        48      6.230808E+04      9.161795E+03
     1.026000E+00        48      5.312733E+04      7.999267E+03
     1.026500E+00        48      5.104513E+04      7.857704E+03
     1.027000E+00        48      4.361782E+04      6.854822E+03
     1.027500E+00        48      4.237531E+04      6.790118E+03
     1.028000E+00        48      3.870543E+04      6.316285E+03
     1.028500E+00        48      3.250296E+04      5.396063E+03
     1.029000E+00        48      2.974613E+04      5.019122E+03
     1.029500E+00        48      2.854222E+04      4.890382E+03
     1.030000E+00        48      2.359606E+04      4.102023E+03
     1.030500E+00        48      2.353015E+04      4.147258E+03
     1.031000E+00        48      1.905747E+04      3.403130E+03
     1.031500E+00        48      1.752701E+04      3.168984E+03
     1.032000E+00        48      1.596547E+04      2.921023E+03
     1.032500E+00        48      1.246227E+04      2.305962E+03
     1.033000E+00        48      1.097709E+04      2.053151E+03
     1.033500E+00        48      8.328537E+03      1.573887E+03
     1.034000E+00        48      6.487724E+03      1.238153E+03
     1.034500E+00        48      4.724281E+03      9.101514E+02
     1.035000E+00        48      2.732405E+03      5.311887E+02
     1.035500E+00        48      1.499433E+03      2.940339E+02
     1.036000E+00        48      5.169558E+02      1.022211E+02
     1.036500E+00        48      4.739943E+01      9.447913E+00
     1.084000E+00        48     -4.050674E+01      0.000000E+00
     1.084500E+00        48     -1.622325E+02      0.000000E+00
     1.085000E+00        48     -3.711865E+02      0.000000E+00
     1.085500E+00        48     -6.398924E+02      0.000000E+00
     1.086000E+00        48     -9.744212E+02      0.000000E+00
     1.086500E+00        48     -1.387532E+03      0.000000E+00
     1.087000E+00        48     -1.812962E+03      0.000000E+00
     1.087500E+00        48     -2.301558E+03      0.000000E+00
     1.088000E+00        48     -2.786092E+03      0.000000E+00
     1.088500E+00        48     -3.321994E+03      0.000000E+00
     1.089000E+00        48     -3.845084E+03      0.000000E+00
     1.089500E+00        48     -4.418954E+03      0.000000E+00
     1.090000E+00        48     -4.984025E+03      0.000000E+00
     1.090500E+00        48     -5.562592E+03      0.000000E+00
     1.091000E+00        48     -6.224557E+03      0.000000E+00
     1.091500E+00        48     -6.766205E+03      0.000000E+00
     1.092000E+00        48     -7.439249E+03      0.000000E+00
     1.092500E+00        48     -8.055427E+03      0.000000E+00
     1.093000E+00        48     -8.603080E+03      0.000000E+00
     1.093500E+00        48     -9.276090E+03      0.000000E+00
     1.094000E+00        48     -9.676209E+03      0.000000E+00
     1.094500E+00        48     -1.028935E+04      0.000000E+00
     1.095000E+00        48     -1.065345E+04      0.000000E+00
     1.095500E+00        48     -1.099018E+04      0.000000E+00
     1.096000E+00        48     -1.140796E+04      0.000000E+00
     1.096500E+00        48     -1.148847E+04      0.000000E+00
     1.097000E+00        48     -1.187025E+04      0.000000E+00
     1.097500E+00        48     -1.191463E+04      0.000000E+00
     1.098000E+00        48     -1.210684E+04      0.000000E+00
     1.098500E+00        48     -1.218305E+04      0.000000E+00
     1.099000E+00        48     -1.232481E+04      0.000000E+00
     1.099500E+00        48     -1.219971E+04      0.000000E+00
     1.100000E+00        48     -1.194955E+04      0.000000E+00
     1.100500E+00        48     -1.213477E+04      0.000000E+00
     1.101000E+00        48     -1.145853E+04      0.000000E+00
     1.101500E+00        48     -1.066608E+04      0.000000E+00
     1.102000E+00        48     -1.056651E+04      0.000000E+00
     1.102500E+00        48     -9.110291E+03      0.000000E+00
     1.103000E+00        48     -8.410877E+03      0.000000E+00
     1.103500E+00        48     -6.398204E+03      0.000000E+00
     1.104000E+00        48     -4.493669E+03      0.000000E+00
     1.104500E+00        48     -2.840096E+03      0.000000E+00
     1.105000E+00        48     -4.965449E+02      0.000000E+00
     1.105500E+00        48      1.731780E+05      1.803717E+03
     1.106000E+00        48      1.545018E+05      3.523258E+03
     1.106500E+00        48      1.426866E+05      4.876469E+03
     1.107000E+00        48      1.528714E+05      6.825996E+03
     1.107500E+00        48      1.326777E+05      7.208813E+03
     1.108000E+00        48      1.386860E+05      8.779846E+03
     1.108500E+00        48      1.203109E+05      8.620151E+03
     1.109000E+00        48      1.096325E+05      8.707298E+03
     1.109500E+00        48      1.164692E+05      1.009605E+04
     1.110000E+00        48      1.008854E+05      9.431093E+03
     1.110500E+00        48      9.407419E+04      9.394449E+03
     1.111000E+00        48      9.912236E+04      1.049297E+04
     1.111500E+00        48      8.991924E+04      1.002658E+04
     1.112000E+00        48      9.546847E+04      1.115405E+04
     1.112500E+00        48      8.035251E+04      9.792590E+03
     1.113000E+00        48      7.952135E+04      1.007029E+04
     1.113500E+00        48      7.995133E+04      1.048593E+04
     1.114000E+00        48      7.191338E+04      9.740100E+03
     1.114500E+00        48      7.098419E+04      9.903561E+03
     1.115000E+00        48      6.417005E+04      9.201763E+03
     1.115500E+00        48      6.139994E+04      9.031452E+03
     1.116000E+00        48      5.403194E+04      8.138152E+03
     1.116500E+00        48      4.986812E+04      7.678883E+03
     1.117000E+00        48      4.386740E+04      6.896034E+03
     1.117500E+00        48      4.229144E+04      6.778514E+03
     1.118000E+00        48      3.772211E+04      6.157388E+03
     1.118500E+00        48      3.291763E+04      5.466219E+03
     1.119000E+00        48      2.874680E+04      4.851604E+03
     1.119500E+00        48      2.828347E+04      4.847087E+03
     1.120000E+00        48      2.331798E+04      4.054505E+03
     1.120500E+00        48      2.272431E+04      4.006000E+03
     1.121000E+00        48      1.899967E+04      3.393431E+03
     1.121500E+00        48      1.694744E+04      3.064729E+03
     1.122000E+00        48      1.570608E+04      2.874044E+03
     1.122500E+00        48      1.227921E+04      2.272450E+03
     1.123000E+00        48      1.069962E+04      2.001557E+03
     1.123500E+00        48      8.267761E+03      1.562629E+03
     1.124000E+00        48      6.368111E+03      1.215494E+03
     1.124500E+00        48      4.666513E+03      8.991417E+02
     1.125000E+00        48      2.705779E+03      5.260796E+02
     1.125500E+00        48      1.476384E+03      2.895495E+02
     1.126000E+00        48      5.080338E+02      1.004687E+02
     1.126500E+00        48      4.441489E+01      8.854019E+00
     1.623500E+00        48     -1.527263E-01      0.000000E+00
     1.624000E+00        48     -4.690172E+01      0.000000E+00
     1.624500E+00        48     -1.743143E+02      0.000000E+00
     1.625000E+00        48     -3.874817E+02      0.000000E+00
     1.625500E+00        48     -6.593821E+02      0.000000E+00
     1.626000E+00        48     -1.013246E+03      0.000000E+00
     1.626500E+00        48     -1.388478E+03      0.000000E+00
     1.627000E+00        48     -1.831451E+03      0.000000E+00
     1.627500E+00        48     -2.296329E+03      0.000000E+00
     1.628000E+00        48     -2.803265E+03      0.000000E+00
     1.628500E+00        48     -3.325176E+03      0.000000E+00
     1.629000E+00        48     -3.823746E+03      0.000000E+00
     1.629500E+00        48     -4.459774E+03      0.000000E+00
     1.630000E+00        48     -4.931224E+03      0.000000E+00
     1.630500E+00        48     -5.596907E+03      0.000000E+00
     1.631000E+00        48     -6.222669E+03      0.000000E+00
     1.631500E+00        48     -6.731056E+03      0.000000E+00
     1.632000E+00        48     -7.525335E+03      0.000000E+00
     1.632500E+00        48     -7.984220E+03      0.000000E+00
     1.633000E+00        48     -8.697439E+03      0.000000E+00
     1.633500E+00        48     -9.295060E+03      0.000000E+00
     1.634000E+00        48     -9.712592E+03      0.000000E+00
     1.634500E+00        48     -1.039281E+04      0.000000E+00
     1.635000E+00        48     -1.064491E+04      0.000000E+00
     1.635500E+00        48     -1.112233E+04      0.000000E+00
     1.636000E+00        48     -1.146074E+04      0.000000E+00
     1.636500E+00        48     -1.159417E+04      0.000000E+00
     1.637000E+00        48     -1.194513E+04      0.000000E+00
     1.637500E+00        48     -1.198383E+04      0.000000E+00
     1.638000E+00        48     -1.218950E+04      0.000000E+00
     1.638500E+00        48     -1.221327E+04      0.000000E+00
     1.639000E+00        48     -1.238109E+04      0.000000E+00
     1.639500E+00        48     -1.220686E+04      0.000000E+00
     1.640000E+00        48     -1.191137E+04      0.000000E+00
     1.640500E+00        48     -1.212268E+04      0.000000E+00
     1.641000E+00        48     -1.135492E+04      0.000000E+00
     1.641500E+00        48     -1.138563E+04      0.000000E+00
     1.642000E+00        48     -1.003988E+04      0.000000E+00
     1.642500E+00        48     -8.807082E+03      0.000000E+00
     1.643000E+00        48     -8.189150E+03      0.000000E+00
     1.643500E+00        48     -6.163810E+03      0.000000E+00
     1.644000E+00        48     -4.797839E+03      0.000000E+00
     1.644500E+00        48     -2.461457E+03      0.000000E+00
     1.645000E+00        48     -2.950803E+02      0.000000E+00
     1.645500E+00        48      1.700906E+05      1.961011E+03
     1.646000E+00        48      1.515048E+05      3.609560E+03
     1.646500E+00        48      1.409902E+05      4.950861E+03
     1.647000E+00        48      1.511500E+05      6.880089E+03
     1.647500E+00        48      1.325113E+05      7.306056E+03
     1.648000E+00        48      1.380187E+05      8.840378E+03
     1.648500E+00        48      1.206973E+05      8.731494E+03
     1.649000E+00        48      1.106319E+05      8.858232E+03
     1.649500E+00        48      1.164578E+05      1.016553E+04
     1.650000E+00        48      1.031090E+05      9.697434E+03
     1.650500E+00        48      1.061203E+05      1.065392E+04
     1.651000E+00        48      9.449985E+04      1.005100E+04
     1.651500E+00        48      8.960174E+04      1.003352E+04
     1.652000E+00        48      9.329664E+04      1.094194E+04
     1.652500E+00        48      8.175697E+04      9.998258E+03
     1.653000E+00        48      8.338095E+04      1.059240E+04
     1.653500E+00        48      7.730833E+04      1.016862E+04
     1.654000E+00        48      7.194556E+04      9.770378E+03
     1.654500E+00        48      6.870958E+04      9.609757E+03
     1.655000E+00        48      6.453051E+04      9.274509E+03
     1.655500E+00        48      6.077155E+04      8.957927E+03
     1.656000E+00        48      5.296329E+04      7.992922E+03
     1.656500E+00        48      5.050366E+04      7.791076E+03
     1.657000E+00        48      4.291439E+04      6.757864E+03
     1.657500E+00        48      4.236603E+04      6.801476E+03
     1.658000E+00        48      3.804082E+04      6.218882E+03
     1.658500E+00        48      3.232924E+04      5.376231E+03
     1.659000E+00        48      2.948187E+04      4.982419E+03
     1.659500E+00        48      2.635173E+04      4.521839E+03
     1.660000E+00        48      2.426464E+04      4.224247E+03
     1.660500E+00        48      2.338783E+04      4.127734E+03
     1.661000E+00        48      1.904252E+04      3.404820E+03
     1.661500E+00        48      1.731998E+04      3.135374E+03
     1.662000E+00        48      1.403793E+04      2.571348E+03
     1.662500E+00        48      1.301646E+04      2.411178E+03
     1.663000E+00        48      1.089949E+04      2.040797E+03
     1.663500E+00        48      8.238296E+03      1.558411E+03
     1.664000E+00        48      6.304070E+03      1.204270E+03
     1.664500E+00        48      4.542572E+03      8.759573E+02
     1.665000E+00        48      2.592091E+03      5.043601E+02
     1.665500E+00        48      1.379236E+03      2.706948E+02
     1.666000E+00        48      4.477132E+02      8.860198E+01
     1.666500E+00        48      2.793110E+01      5.571778E+00
     1.713500E+00        48     -2.360449E-01      0.000000E+00
     1.714000E+00        48     -4.847329E+01      0.000000E+00
     1.714500E+00        48     -1.779562E+02      0.000000E+00
     1.715000E+00        48     -3.951193E+02      0.000000E+00
     1.715500E+00        48     -6.690291E+02      0.000000E+00
     1.716000E+00        48     -1.030131E+03      0.000000E+00
     1.716500E+00        48     -1.413252E+03      0.000000E+00
     1.717000E+00        48     -1.851485E+03      0.000000E+00
     1.717500E+00        48     -2.345727E+03      0.000000E+00
     1.718000E+00        48     -2.832199E+03      0.000000E+00
     1.718500E+00        48     -3.370289E+03      0.000000E+00
     1.719000E+00        48     -3.897117E+03      0.000000E+00
     1.719500E+00        48     -4.470786E+03      0.000000E+00
     1.720000E+00        48     -5.035862E+03      0.000000E+00
     1.720500E+00        48     -5.624144E+03      0.000000E+00
     1.721000E+00        48     -6.267950E+03      0.000000E+00
     1.721500E+00        48     -6.834018E+03      0.000000E+00
     1.722000E+00        48     -7.483890E+03      0.000000E+00
     1.722500E+00        48     -8.091355E+03      0.000000E+00
     1.723000E+00        48     -8.677495E+03      0.000000E+00
     1.723500E+00        48     -9.295045E+03      0.000000E+00
     1.724000E+00        48     -9.754940E+03      0.000000E+00
     1.724500E+00        48     -1.029780E+04      0.000000E+00
     1.725000E+00        48     -1.065718E+04      0.000000E+00
     1.725500E+00        48     -1.104683E+04      0.000000E+00
     1.726000E+00        48     -1.140315E+04      0.000000E+00
     1.726500E+00        48     -1.153134E+04      0.000000E+00
     1.727000E+00        48     -1.186408E+04      0.000000E+00
     1.727500E+00        48     -1.189199E+04      0.000000E+00
     1.728000E+00        48     -1.211499E+04      0.000000E+00
     1.728500E+00        48     -1.215499E+04      0.000000E+00
     1.729000E+00        48     -1.227440E+04      0.000000E+00
     1.729500E+00        48     -1.220493E+04      0.000000E+00
     1.730000E+00        48     -1.184967E+04      0.000000E+00
     1.730500E+00        48     -1.209800E+04      0.000000E+00
     1.731000E+00        48     -1.138136E+04      0.000000E+00
     1.731500E+00        48     -1.133829E+04      0.000000E+00
     1.732000E+00        48     -1.007956E+04      0.000000E+00
     1.732500E+00        48     -8.811665E+03      0.000000E+00
     1.733000E+00        48     -8.183213E+03      0.000000E+00
     1.733500E+00        48     -6.181687E+03      0.000000E+00
     1.734000E+00        48     -4.779834E+03      0.000000E+00
     1.734500E+00        48     -2.444560E+03      0.000000E+00
     1.735000E+00        48     -2.654414E+02      0.000000E+00
     1.735500E+00        48      1.707823E+05      2.000547E+03
     1.736000E+00        48      1.516640E+05      3.639043E+03
     1.736500E+00        48      1.414306E+05      4.988365E+03
     1.737000E+00        48      1.512624E+05      6.906963E+03
     1.737500E+00        48      1.317416E+05      7.281162E+03
     1.738000E+00        48      1.385136E+05      8.889203E+03
     1.738500E+00        48      1.194298E+05      8.653549E+03
     1.739000E+00        48      1.100462E+05      8.823158E+03
     1.739500E+00        48      1.163457E+05      1.016744E+04
     1.740000E+00        48      1.007892E+05      9.488755E+03
     1.740500E+00        48      1.064342E+05      1.069486E+04
     1.741000E+00        48      9.272641E+04      9.870104E+03
     1.741500E+00        48      8.839103E+04      9.904883E+03
     1.742000E+00        48      9.340955E+04      1.096211E+04
     1.742500E+00        48      7.953178E+04      9.731714E+03
     1.743000E+00        48      8.378202E+04      1.064892E+04
     1.743500E+00        48      7.634305E+04      1.004646E+04
     1.744000E+00        48      7.112504E+04      9.663209E+03
     1.744500E+00        48      6.927183E+04      9.692340E+03
     1.745000E+00        48      6.343128E+04      9.119966E+03
     1.745500E+00        48      6.109941E+04      9.009416E+03
     1.746000E+00        48      5.291409E+04      7.988111E+03
     1.746500E+00        48      4.984514E+04      7.691839E+03
     1.747000E+00        48      4.336283E+04      6.830438E+03
     1.747500E+00        48      4.169339E+04      6.695291E+03
     1.748000E+00        48      3.781239E+04      6.183104E+03
     1.748500E+00        48      3.225118E+04      5.364532E+03
     1.749000E+00        48      2.865548E+04      4.843853E+03
     1.749500E+00        48      2.631751E+04      4.516930E+03
     1.750000E+00        48      2.363184E+04      4.114915E+03
     1.750500E+00        48      2.296322E+04      4.053573E+03
     1.751000E+00        48      1.879280E+04      3.360784E+03
     1.751500E+00        48      1.679818E+04      3.041442E+03
     1.752000E+00        48      1.388178E+04      2.543167E+03
     1.752500E+00        48      1.272896E+04      2.358293E+03
     1.753000E+00        48      1.071772E+04      2.007065E+03
     1.753500E+00        48      8.146351E+03      1.541240E+03
     1.754000E+00        48      6.196544E+03      1.183893E+03
     1.754500E+00        48      4.303522E+03      8.299705E+02
     1.755000E+00        48      2.630026E+03      5.118063E+02
     1.755500E+00        48      1.373507E+03      2.696032E+02
     1.756000E+00        48      4.416116E+02      8.740471E+01
     1.756500E+00        48      2.579383E+01      5.146007E+00
