     1.058500E+00        51     -5.857705E+00      0.000000E+00
     1.059000E+00        51     -7.502516E+01      0.000000E+00
     1.059500E+00        51     -2.144537E+02      0.000000E+00
     1.060000E+00        51     -3.891974E+02      0.000000E+00
     1.060500E+00        51     -6.573117E+02      0.000000E+00
     1.061000E+00        51     -8.641915E+02      0.000000E+00
     1.061500E+00        51     -1.203907E+03      0.000000E+00
     1.062000E+00        51     -1.502913E+03      0.000000E+00
     1.062500E+00        51     -1.860593E+03      0.000000E+00
     1.063000E+00        51     -2.138609E+03      0.000000E+00
     1.063500E+00        51     -2.724168E+03      0.000000E+00
     1.064000E+00        51     -3.301681E+03      0.000000E+00
     1.064500E+00        51     -3.755008E+03      0.000000E+00
     1.065000E+00        51     -4.576872E+03      0.000000E+00
     1.065500E+00        51     -5.374189E+03      0.000000E+00
     1.066000E+00        51     -6.281645E+03      0.000000E+00
     1.066500E+00        51     -7.051614E+03      0.000000E+00
     1.067000E+00        51     -7.955066E+03      0.000000E+00
     1.067500E+00        51     -9.169936E+03      0.000000E+00
     1.068000E+00        51     -1.014437E+04      0.000000E+00
     1.068500E+00        51     -1.157788E+04      0.000000E+00
     1.069000E+00        51     -1.194199E+04      0.000000E+00
     1.069500E+00        51     -1.303681E+04      0.000000E+00
     1.070000E+00        51     -1.356437E+04      0.000000E+00
     1.070500E+00        51     -1.400303E+04      0.000000E+00
     1.071000E+00        51     -1.418611E+04      0.000000E+00
     1.071500E+00        51     -1.409733E+04      0.000000E+00
     1.072000E+00        51     -1.465097E+04      0.000000E+00
     1.072500E+00        51     -1.391259E+04      0.000000E+00
     1.073000E+00        51     -1.350572E+04      0.000000E+00
     1.073500E+00        51     -1.282135E+04      0.000000E+00
     1.074000E+00        51     -1.221856E+04      0.000000E+00
     1.074500E+00        51     -1.162140E+04      0.000000E+00
     1.075000E+00        51     -1.023258E+04      0.000000E+00
     1.075500E+00        51     -9.951424E+03      0.000000E+00
     1.076000E+00        51     -8.680267E+03      0.000000E+00
     1.076500E+00        51     -7.796792E+03      0.000000E+00
     1.077000E+00        51     -6.921160E+03      0.000000E+00
     1.077500E+00        51     -5.588313E+03      0.000000E+00
     1.078000E+00        51     -4.913160E+03      0.000000E+00
     1.078500E+00        51     -3.631564E+03      0.000000E+00
     1.079000E+00        51     -2.633059E+03      0.000000E+00
     1.079500E+00        51     -1.219008E+03      0.000000E+00
     1.080000E+00        51      1.107397E+05      2.636660E+02
     1.080500E+00        51      1.125190E+05      1.738532E+03
     1.081000E+00        51      1.146972E+05      3.145160E+03
     1.081500E+00        51      1.164892E+05      4.476133E+03
     1.082000E+00        51      1.252937E+05      6.086176E+03
     1.082500E+00        51      1.165394E+05      6.755432E+03
     1.083000E+00        51      1.192595E+05      7.952486E+03
     1.083500E+00        51      1.277146E+05      9.551990E+03
     1.084000E+00        51      1.173960E+05      9.668308E+03
     1.084500E+00        51      1.189384E+05      1.063658E+04
     1.085000E+00        51      1.182923E+05      1.136282E+04
     1.085500E+00        51      1.162703E+05      1.189216E+04
     1.086000E+00        51      1.193237E+05      1.290308E+04
     1.086500E+00        51      1.076192E+05      1.223124E+04
     1.087000E+00        51      1.108250E+05      1.317293E+04
     1.087500E+00        51      1.034610E+05      1.280729E+04
     1.088000E+00        51      1.033595E+05      1.327692E+04
     1.088500E+00        51      9.435911E+04      1.253829E+04
     1.089000E+00        51      8.808741E+04      1.207507E+04
     1.089500E+00        51      8.563175E+04      1.208062E+04
     1.090000E+00        51      7.324568E+04      1.061191E+04
     1.090500E+00        51      7.286771E+04      1.082142E+04
     1.091000E+00        51      6.453884E+04      9.807891E+03
     1.091500E+00        51      5.659832E+04      8.788316E+03
     1.092000E+00        51      4.943480E+04      7.832308E+03
     1.092500E+00        51      4.640293E+04      7.492396E+03
     1.093000E+00        51      3.869146E+04      6.359478E+03
     1.093500E+00        51      3.486709E+04      5.827858E+03
     1.094000E+00        51      2.781507E+04      4.723396E+03
     1.094500E+00        51      2.530455E+04      4.361958E+03
     1.095000E+00        51      2.367614E+04      4.139620E+03
     1.095500E+00        51      1.683197E+04      2.982881E+03
     1.096000E+00        51      1.744404E+04      3.131183E+03
     1.096500E+00        51      1.218104E+04      2.213280E+03
     1.097000E+00        51      1.216220E+04      2.235656E+03
     1.097500E+00        51      1.097992E+04      2.040799E+03
     1.098000E+00        51      7.973447E+03      1.497749E+03
     1.098500E+00        51      6.613175E+03      1.254853E+03
     1.099000E+00        51      4.637471E+03      8.885162E+02
     1.099500E+00        51      3.302922E+03      6.387152E+02
     1.100000E+00        51      2.058452E+03      4.016141E+02
     1.100500E+00        51      9.269475E+02      1.824010E+02
     1.101000E+00        51      2.603890E+02      5.165978E+01
     1.101500E+00        51      1.469787E-01      2.939034E-02
     1.148500E+00        51     -6.277044E+00      0.000000E+00
     1.149000E+00        51     -7.608180E+01      0.000000E+00
     1.149500E+00        51     -2.156693E+02      0.000000E+00
     1.150000E+00        51     -3.936952E+02      0.000000E+00
     1.150500E+00        51     -6.548227E+02      0.000000E+00
     1.151000E+00        51     -8.754425E+02      0.000000E+00
     1.151500E+00        51     -1.213218E+03      0.000000E+00
     1.152000E+00        51     -1.495159E+03      0.000000E+00
     1.152500E+00        51     -1.905784E+03      0.000000E+00
     1.153000E+00        51     -2.122892E+03      0.000000E+00
     1.153500E+00        51     -2.747311E+03      0.000000E+00
     1.154000E+00        51     -3.364861E+03      0.000000E+00
     1.154500E+00        51     -3.687806E+03      0.000000E+00
     1.155000E+00        51     -4.683075E+03      0.000000E+00
     1.155500E+00        51     -5.340182E+03      0.000000E+00
     1.156000E+00        51     -6.239242E+03      0.000000E+00
     1.156500E+00        51     -7.197800E+03      0.000000E+00
     1.157000E+00        51     -7.751666E+03      0.000000E+00
     1.157500E+00        51     -9.316848E+03      0.000000E+00
     1.158000E+00        51     -1.009637E+04      0.000000E+00
     1.158500E+00        51     -1.141928E+04      0.000000E+00
     1.159000E+00        51     -1.217170E+04      0.000000E+00
     1.159500E+00        51     -1.271384E+04      0.000000E+00
     1.160000E+00        51     -1.370384E+04      0.000000E+00
     1.160500E+00        51     -1.397671E+04      0.000000E+00
     1.161000E+00        51     -1.393100E+04      0.000000E+00
     1.161500E+00        51     -1.437073E+04      0.000000E+00
     1.162000E+00        51     -1.432056E+04      0.000000E+00
     1.162500E+00        51     -1.399876E+04      0.000000E+00
     1.163000E+00        51     -1.354782E+04      0.000000E+00
     1.163500E+00        51     -1.253914E+04      0.000000E+00
     1.164000E+00        51     -1.246022E+04      0.000000E+00
     1.164500E+00        51     -1.138300E+04      0.000000E+00
     1.165000E+00        51     -1.023490E+04      0.000000E+00
     1.165500E+00        51     -1.002436E+04      0.000000E+00
     1.166000E+00        51     -8.470752E+03      0.000000E+00
     1.166500E+00        51     -7.925129E+03      0.000000E+00
     1.167000E+00        51     -6.826266E+03      0.000000E+00
     1.167500E+00        51     -5.561064E+03      0.000000E+00
     1.168000E+00        51     -4.936051E+03      0.000000E+00
     1.168500E+00        51     -3.573932E+03      0.000000E+00
     1.169000E+00        51     -2.627924E+03      0.000000E+00
     1.169500E+00        51     -1.196023E+03      0.000000E+00
     1.170000E+00        51      1.107583E+05      2.854974E+02
     1.170500E+00        51      1.121289E+05      1.752667E+03
     1.171000E+00        51      1.150821E+05      3.174702E+03
     1.171500E+00        51      1.161334E+05      4.480110E+03
     1.172000E+00        51      1.247789E+05      6.078685E+03
     1.172500E+00        51      1.174201E+05      6.821756E+03
     1.173000E+00        51      1.177933E+05      7.868962E+03
     1.173500E+00        51      1.282349E+05      9.605351E+03
     1.174000E+00        51      1.172572E+05      9.669211E+03
     1.174500E+00        51      1.176477E+05      1.053275E+04
     1.175000E+00        51      1.192466E+05      1.146550E+04
     1.175500E+00        51      1.149846E+05      1.177065E+04
     1.176000E+00        51      1.190934E+05      1.288791E+04
     1.176500E+00        51      1.078557E+05      1.226644E+04
     1.177000E+00        51      1.093792E+05      1.300906E+04
     1.177500E+00        51      1.038052E+05      1.285706E+04
     1.178000E+00        51      1.026770E+05      1.319596E+04
     1.178500E+00        51      9.351702E+04      1.243219E+04
     1.179000E+00        51      8.834413E+04      1.211547E+04
     1.179500E+00        51      8.445975E+04      1.192002E+04
     1.180000E+00        51      7.309121E+04      1.059344E+04
     1.180500E+00        51      7.248319E+04      1.076802E+04
     1.181000E+00        51      6.378194E+04      9.695971E+03
     1.181500E+00        51      5.649559E+04      8.774994E+03
     1.182000E+00        51      4.881073E+04      7.735606E+03
     1.182500E+00        51      4.601063E+04      7.431015E+03
     1.183000E+00        51      3.839676E+04      6.312608E+03
     1.183500E+00        51      3.452711E+04      5.772385E+03
     1.184000E+00        51      2.747630E+04      4.666903E+03
     1.184500E+00        51      2.522833E+04      4.349732E+03
     1.185000E+00        51      2.342416E+04      4.096379E+03
     1.185500E+00        51      1.671764E+04      2.963181E+03
     1.186000E+00        51      1.742928E+04      3.129095E+03
     1.186500E+00        51      1.200086E+04      2.180915E+03
     1.187000E+00        51      1.220322E+04      2.243562E+03
     1.187500E+00        51      1.092029E+04      2.030032E+03
     1.188000E+00        51      7.926400E+03      1.489133E+03
     1.188500E+00        51      6.624459E+03      1.257173E+03
     1.189000E+00        51      4.591486E+03      8.798257E+02
     1.189500E+00        51      3.290157E+03      6.363298E+02
     1.190000E+00        51      2.041788E+03      3.984127E+02
     1.190500E+00        51      9.117311E+02      1.794283E+02
     1.191000E+00        51      2.531542E+02      5.023025E+01
     1.191500E+00        51      2.275900E-02      4.551471E-03
     1.688500E+00        51     -9.359729E+00      0.000000E+00
     1.689000E+00        51     -9.063483E+01      0.000000E+00
     1.689500E+00        51     -2.229953E+02      0.000000E+00
     1.690000E+00        51     -4.039614E+02      0.000000E+00
     1.690500E+00        51     -6.805124E+02      0.000000E+00
     1.691000E+00        51     -8.833126E+02      0.000000E+00
     1.691500E+00        51     -1.232678E+03      0.000000E+00
     1.692000E+00        51     -1.533343E+03      0.000000E+00
     1.692500E+00        51     -1.890850E+03      0.000000E+00
     1.693000E+00        51     -2.181172E+03      0.000000E+00
     1.693500E+00        51     -2.765070E+03      0.000000E+00
     1.694000E+00        51     -3.350993E+03      0.000000E+00
     1.694500E+00        51     -3.819235E+03      0.000000E+00
     1.695000E+00        51     -4.623566E+03      0.000000E+00
     1.695500E+00        51     -5.149106E+03      0.000000E+00
     1.696000E+00        51     -6.519825E+03      0.000000E+00
     1.696500E+00        51     -7.189450E+03      0.000000E+00
     1.697000E+00        51     -8.128715E+03      0.000000E+00
     1.697500E+00        51     -9.245646E+03      0.000000E+00
     1.698000E+00        51     -1.026673E+04      0.000000E+00
     1.698500E+00        51     -1.167607E+04      0.000000E+00
     1.699000E+00        51     -1.199956E+04      0.000000E+00
     1.699500E+00        51     -1.312039E+04      0.000000E+00
     1.700000E+00        51     -1.360280E+04      0.000000E+00
     1.700500E+00        51     -1.401589E+04      0.000000E+00
     1.701000E+00        51     -1.421242E+04      0.000000E+00
     1.701500E+00        51     -1.409111E+04      0.000000E+00
     1.702000E+00        51     -1.460450E+04      0.000000E+00
     1.702500E+00        51     -1.392931E+04      0.000000E+00
     1.703000E+00        51     -1.341101E+04      0.000000E+00
     1.703500E+00        51     -1.279180E+04      0.000000E+00
     1.704000E+00        51     -1.217062E+04      0.000000E+00
     1.704500E+00        51     -1.149792E+04      0.000000E+00
     1.705000E+00        51     -1.022020E+04      0.000000E+00
     1.705500E+00        51     -9.815715E+03      0.000000E+00
     1.706000E+00        51     -8.607893E+03      0.000000E+00
     1.706500E+00        51     -7.720648E+03      0.000000E+00
     1.707000E+00        51     -6.786565E+03      0.000000E+00
     1.707500E+00        51     -5.519846E+03      0.000000E+00
     1.708000E+00        51     -4.779792E+03      0.000000E+00
     1.708500E+00        51     -3.516731E+03      0.000000E+00
     1.709000E+00        51     -2.497500E+03      0.000000E+00
     1.709500E+00        51     -1.072830E+03      0.000000E+00
     1.710000E+00        51      1.105575E+05      4.148637E+02
     1.710500E+00        51      1.124442E+05      1.878377E+03
     1.711000E+00        51      1.144221E+05      3.269300E+03
     1.711500E+00        51      1.161455E+05      4.586045E+03
     1.712000E+00        51      1.253814E+05      6.213243E+03
     1.712500E+00        51      1.158415E+05      6.820140E+03
     1.713000E+00        51      1.193017E+05      8.055962E+03
     1.713500E+00        51      1.207556E+05      9.126450E+03
     1.714000E+00        51      1.203624E+05      1.000100E+04
     1.714500E+00        51      1.201269E+05      1.082546E+04
     1.715000E+00        51      1.185058E+05      1.145976E+04
     1.715500E+00        51      1.164812E+05      1.198435E+04
     1.716000E+00        51      1.137353E+05      1.236371E+04
     1.716500E+00        51      1.102403E+05      1.258853E+04
     1.717000E+00        51      1.114109E+05      1.329928E+04
     1.717500E+00        51      1.041193E+05      1.293893E+04
     1.718000E+00        51      1.030571E+05      1.328513E+04
     1.718500E+00        51      9.417018E+04      1.255399E+04
     1.719000E+00        51      8.791351E+04      1.208743E+04
     1.719500E+00        51      8.479382E+04      1.199564E+04
     1.720000E+00        51      7.297266E+04      1.059961E+04
     1.720500E+00        51      7.208410E+04      1.073072E+04
     1.721000E+00        51      6.382063E+04      9.720451E+03
     1.721500E+00        51      5.613214E+04      8.734178E+03
     1.722000E+00        51      4.859481E+04      7.714339E+03
     1.722500E+00        51      4.084717E+04      6.607511E+03
     1.723000E+00        51      4.050117E+04      6.668495E+03
     1.723500E+00        51      3.499865E+04      5.859437E+03
     1.724000E+00        51      2.837877E+04      4.826587E+03
     1.724500E+00        51      2.492578E+04      4.302970E+03
     1.725000E+00        51      1.918042E+04      3.358238E+03
     1.725500E+00        51      1.879834E+04      3.335753E+03
     1.726000E+00        51      1.765727E+04      3.173439E+03
     1.726500E+00        51      1.267339E+04      2.305493E+03
     1.727000E+00        51      1.199111E+04      2.206719E+03
     1.727500E+00        51      1.088113E+04      2.024638E+03
     1.728000E+00        51      7.883910E+03      1.482470E+03
     1.728500E+00        51      6.372260E+03      1.210342E+03
     1.729000E+00        51      4.501254E+03      8.632393E+02
     1.729500E+00        51      3.134529E+03      6.067049E+02
     1.730000E+00        51      1.918591E+03      3.746543E+02
     1.730500E+00        51      8.368620E+02      1.648128E+02
     1.731000E+00        51      2.106177E+02      4.181919E+01
     1.778500E+00        51     -9.883948E+00      0.000000E+00
     1.779000E+00        51     -9.180690E+01      0.000000E+00
     1.779500E+00        51     -2.255306E+02      0.000000E+00
     1.780000E+00        51     -4.069813E+02      0.000000E+00
     1.780500E+00        51     -6.822724E+02      0.000000E+00
     1.781000E+00        51     -8.985553E+02      0.000000E+00
     1.781500E+00        51     -1.152576E+03      0.000000E+00
     1.782000E+00        51     -1.607261E+03      0.000000E+00
     1.782500E+00        51     -1.952779E+03      0.000000E+00
     1.783000E+00        51     -2.192084E+03      0.000000E+00
     1.783500E+00        51     -2.844557E+03      0.000000E+00
     1.784000E+00        51     -3.377673E+03      0.000000E+00
     1.784500E+00        51     -3.827878E+03      0.000000E+00
     1.785000E+00        51     -4.740084E+03      0.000000E+00
     1.785500E+00        51     -5.065495E+03      0.000000E+00
     1.786000E+00        51     -6.628468E+03      0.000000E+00
     1.786500E+00        51     -7.193028E+03      0.000000E+00
     1.787000E+00        51     -8.030172E+03      0.000000E+00
     1.787500E+00        51     -9.416875E+03      0.000000E+00
     1.788000E+00        51     -1.005353E+04      0.000000E+00
     1.788500E+00        51     -1.175828E+04      0.000000E+00
     1.789000E+00        51     -1.199357E+04      0.000000E+00
     1.789500E+00        51     -1.289814E+04      0.000000E+00
     1.790000E+00        51     -1.379206E+04      0.000000E+00
     1.790500E+00        51     -1.432949E+04      0.000000E+00
     1.791000E+00        51     -1.391154E+04      0.000000E+00
     1.791500E+00        51     -1.407428E+04      0.000000E+00
     1.792000E+00        51     -1.414767E+04      0.000000E+00
     1.792500E+00        51     -1.413828E+04      0.000000E+00
     1.793000E+00        51     -1.313431E+04      0.000000E+00
     1.793500E+00        51     -1.268962E+04      0.000000E+00
     1.794000E+00        51     -1.233210E+04      0.000000E+00
     1.794500E+00        51     -1.115729E+04      0.000000E+00
     1.795000E+00        51     -1.044407E+04      0.000000E+00
     1.795500E+00        51     -9.697687E+03      0.000000E+00
     1.796000E+00        51     -8.557953E+03      0.000000E+00
     1.796500E+00        51     -7.848385E+03      0.000000E+00
     1.797000E+00        51     -6.652625E+03      0.000000E+00
     1.797500E+00        51     -5.596176E+03      0.000000E+00
     1.798000E+00        51     -4.764624E+03      0.000000E+00
     1.798500E+00        51     -3.494823E+03      0.000000E+00
     1.799000E+00        51     -2.500060E+03      0.000000E+00
     1.799500E+00        51     -1.051637E+03      0.000000E+00
     1.800000E+00        51      1.109573E+05      4.379894E+02
     1.800500E+00        51      1.124936E+05      1.899252E+03
     1.801000E+00        51      1.152840E+05      3.312792E+03
     1.801500E+00        51      1.153848E+05      4.573399E+03
     1.802000E+00        51      1.260753E+05      6.265196E+03
     1.802500E+00        51      1.160760E+05      6.848936E+03
     1.803000E+00        51      1.181916E+05      7.995192E+03
     1.803500E+00        51      1.221785E+05      9.247662E+03
     1.804000E+00        51      1.191672E+05      9.914145E+03
     1.804500E+00        51      1.201117E+05      1.083583E+04
     1.805000E+00        51      1.192205E+05      1.153981E+04
     1.805500E+00        51      1.147461E+05      1.181574E+04
     1.806000E+00        51      1.146704E+05      1.247468E+04
     1.806500E+00        51      1.094813E+05      1.251025E+04
     1.807000E+00        51      1.105204E+05      1.320099E+04
     1.807500E+00        51      1.048922E+05      1.304218E+04
     1.808000E+00        51      1.014660E+05      1.308662E+04
     1.808500E+00        51      9.440475E+04      1.259109E+04
     1.809000E+00        51      8.756698E+04      1.204493E+04
     1.809500E+00        51      8.379896E+04      1.185958E+04
     1.810000E+00        51      7.334083E+04      1.065698E+04
     1.810500E+00        51      7.112132E+04      1.059101E+04
     1.811000E+00        51      6.359639E+04      9.689379E+03
     1.811500E+00        51      5.590856E+04      8.701978E+03
     1.812000E+00        51      4.798631E+04      7.619867E+03
     1.812500E+00        51      4.071240E+04      6.587439E+03
     1.813000E+00        51      4.020512E+04      6.621387E+03
     1.813500E+00        51      3.472199E+04      5.814475E+03
     1.814000E+00        51      2.825304E+04      4.806262E+03
     1.814500E+00        51      2.476805E+04      4.276634E+03
     1.815000E+00        51      1.900669E+04      3.328479E+03
     1.815500E+00        51      1.877000E+04      3.331350E+03
     1.816000E+00        51      1.758717E+04      3.161405E+03
     1.816500E+00        51      1.259273E+04      2.291211E+03
     1.817000E+00        51      1.201933E+04      2.212271E+03
     1.817500E+00        51      8.954812E+03      1.666469E+03
     1.818000E+00        51      8.684134E+03      1.633184E+03
     1.818500E+00        51      6.594706E+03      1.252771E+03
     1.819000E+00        51      4.576071E+03      8.777065E+02
     1.819500E+00        51      3.177656E+03      6.151324E+02
     1.820000E+00        51      1.919684E+03      3.749145E+02
     1.820500E+00        51      8.327549E+02      1.640236E+02
     1.821000E+00        51      2.052724E+02      4.076255E+01
