     1.253000E+00        60     -1.585166E+01      0.000000E+00
     1.253500E+00        60     -1.045860E+02      0.000000E+00
     1.254000E+00        60     -2.982341E+02      0.000000E+00
     1.254500E+00        60     -5.311021E+02      0.000000E+00
     1.255000E+00        60     -9.661846E+02      0.000000E+00
     1.255500E+00        60     -1.452097E+03      0.000000E+00
     1.256000E+00        60     -1.883369E+03      0.000000E+00
     1.256500E+00        60     -2.536061E+03      0.000000E+00
     1.257000E+00        60     -3.346354E+03      0.000000E+00
     1.257500E+00        60     -3.869223E+03      0.000000E+00
     1.258000E+00        60     -4.641669E+03      0.000000E+00
     1.258500E+00        60     -5.565358E+03      0.000000E+00
     1.259000E+00        60     -6.464669E+03      0.000000E+00
     1.259500E+00        60     -7.204760E+03      0.000000E+00
     1.260000E+00        60     -8.118125E+03      0.000000E+00
     1.260500E+00        60     -8.750505E+03      0.000000E+00
     1.261000E+00        60     -9.651251E+03      0.000000E+00
     1.261500E+00        60     -1.014837E+04      0.000000E+00
     1.262000E+00        60     -1.031445E+04      0.000000E+00
     1.262500E+00        60     -1.138095E+04      0.000000E+00
     1.263000E+00        60     -1.096095E+04      0.000000E+00
     1.263500E+00        60     -1.215631E+04      0.000000E+00
     1.264000E+00        60     -1.161731E+04      0.000000E+00
     1.264500E+00        60     -1.111287E+04      0.000000E+00
     1.265000E+00        60     -1.110075E+04      0.000000E+00
     1.265500E+00        60     -1.068707E+04      0.000000E+00
     1.266000E+00        60     -1.002291E+04      0.000000E+00
     1.266500E+00        60     -1.027893E+04      0.000000E+00
     1.267000E+00        60     -8.892563E+03      0.000000E+00
     1.267500E+00        60     -9.186402E+03      0.000000E+00
     1.268000E+00        60     -8.350988E+03      0.000000E+00
     1.268500E+00        60     -8.159068E+03      0.000000E+00
     1.269000E+00        60     -8.049155E+03      0.000000E+00
     1.269500E+00        60     -7.815374E+03      0.000000E+00
     1.270000E+00        60     -7.298566E+03      0.000000E+00
     1.270500E+00        60     -7.325961E+03      0.000000E+00
     1.271000E+00        60     -7.156644E+03      0.000000E+00
     1.271500E+00        60     -6.358053E+03      0.000000E+00
     1.272000E+00        60     -5.954653E+03      0.000000E+00
     1.272500E+00        60     -4.904138E+03      0.000000E+00
     1.273000E+00        60     -4.028795E+03      0.000000E+00
     1.273500E+00        60     -2.732448E+03      0.000000E+00
     1.274000E+00        60     -1.048681E+03      0.000000E+00
     1.274500E+00        60      1.385762E+05      7.631416E+02
     1.275000E+00        60      1.352536E+05      2.476474E+03
     1.275500E+00        60      1.275383E+05      3.832001E+03
     1.276000E+00        60      1.315415E+05      5.372565E+03
     1.276500E+00        60      1.186053E+05      6.026320E+03
     1.277000E+00        60      1.262147E+05      7.577730E+03
     1.277500E+00        60      1.208837E+05      8.293565E+03
     1.278000E+00        60      1.067560E+05      8.176039E+03
     1.278500E+00        60      1.097846E+05      9.225512E+03
     1.279000E+00        60      9.369442E+04      8.526101E+03
     1.279500E+00        60      1.024189E+05      9.988899E+03
     1.280000E+00        60      1.020519E+05      1.057920E+04
     1.280500E+00        60      9.018343E+04      9.869595E+03
     1.281000E+00        60      9.373125E+04      1.076816E+04
     1.281500E+00        60      8.707721E+04      1.045146E+04
     1.282000E+00        60      9.277139E+04      1.158614E+04
     1.282500E+00        60      9.346228E+04      1.210309E+04
     1.283000E+00        60      9.014549E+04      1.206766E+04
     1.283500E+00        60      8.908357E+04      1.229547E+04
     1.284000E+00        60      9.148895E+04      1.298889E+04
     1.284500E+00        60      8.435603E+04      1.229359E+04
     1.285000E+00        60      8.104658E+04      1.210203E+04
     1.285500E+00        60      7.262783E+04      1.109363E+04
     1.286000E+00        60      6.946157E+04      1.083728E+04
     1.286500E+00        60      6.346562E+04      1.010045E+04
     1.287000E+00        60      5.438247E+04      8.817846E+03
     1.287500E+00        60      4.687532E+04      7.735219E+03
     1.288000E+00        60      3.732915E+04      6.262768E+03
     1.288500E+00        60      3.392657E+04      5.781629E+03
     1.289000E+00        60      2.917753E+04      5.046450E+03
     1.289500E+00        60      2.200931E+04      3.860427E+03
     1.290000E+00        60      2.005976E+04      3.565634E+03
     1.290500E+00        60      1.360166E+04      2.448495E+03
     1.291000E+00        60      1.379555E+04      2.513491E+03
     1.291500E+00        60      1.121438E+04      2.066803E+03
     1.292000E+00        60      8.409620E+03      1.566958E+03
     1.292500E+00        60      7.411106E+03      1.395429E+03
     1.293000E+00        60      5.595644E+03      1.064192E+03
     1.293500E+00        60      3.798206E+03      7.293032E+02
     1.294000E+00        60      2.613864E+03      5.065217E+02
     1.294500E+00        60      1.362509E+03      2.663650E+02
     1.295000E+00        60      6.190702E+02      1.220525E+02
     1.295500E+00        60      1.261378E+02      2.507134E+01
     1.343000E+00        60     -1.649458E+01      0.000000E+00
     1.343500E+00        60     -1.053234E+02      0.000000E+00
     1.344000E+00        60     -3.004425E+02      0.000000E+00
     1.344500E+00        60     -5.300851E+02      0.000000E+00
     1.345000E+00        60     -9.604926E+02      0.000000E+00
     1.345500E+00        60     -1.462620E+03      0.000000E+00
     1.346000E+00        60     -1.851827E+03      0.000000E+00
     1.346500E+00        60     -2.544160E+03      0.000000E+00
     1.347000E+00        60     -3.337331E+03      0.000000E+00
     1.347500E+00        60     -3.801626E+03      0.000000E+00
     1.348000E+00        60     -4.696706E+03      0.000000E+00
     1.348500E+00        60     -5.452791E+03      0.000000E+00
     1.349000E+00        60     -6.461894E+03      0.000000E+00
     1.349500E+00        60     -7.211499E+03      0.000000E+00
     1.350000E+00        60     -7.942680E+03      0.000000E+00
     1.350500E+00        60     -8.865729E+03      0.000000E+00
     1.351000E+00        60     -9.485636E+03      0.000000E+00
     1.351500E+00        60     -1.011310E+04      0.000000E+00
     1.352000E+00        60     -1.038247E+04      0.000000E+00
     1.352500E+00        60     -1.114576E+04      0.000000E+00
     1.353000E+00        60     -1.111300E+04      0.000000E+00
     1.353500E+00        60     -1.202709E+04      0.000000E+00
     1.354000E+00        60     -1.154485E+04      0.000000E+00
     1.354500E+00        60     -1.123968E+04      0.000000E+00
     1.355000E+00        60     -1.087051E+04      0.000000E+00
     1.355500E+00        60     -1.080893E+04      0.000000E+00
     1.356000E+00        60     -9.949143E+03      0.000000E+00
     1.356500E+00        60     -1.016593E+04      0.000000E+00
     1.357000E+00        60     -8.998484E+03      0.000000E+00
     1.357500E+00        60     -8.997894E+03      0.000000E+00
     1.358000E+00        60     -8.381599E+03      0.000000E+00
     1.358500E+00        60     -8.104790E+03      0.000000E+00
     1.359000E+00        60     -7.931065E+03      0.000000E+00
     1.359500E+00        60     -7.843307E+03      0.000000E+00
     1.360000E+00        60     -7.185747E+03      0.000000E+00
     1.360500E+00        60     -7.300533E+03      0.000000E+00
     1.361000E+00        60     -7.114861E+03      0.000000E+00
     1.361500E+00        60     -6.298887E+03      0.000000E+00
     1.362000E+00        60     -5.935303E+03      0.000000E+00
     1.362500E+00        60     -4.864266E+03      0.000000E+00
     1.363000E+00        60     -4.002907E+03      0.000000E+00
     1.363500E+00        60     -2.701888E+03      0.000000E+00
     1.364000E+00        60     -1.023098E+03      0.000000E+00
     1.364500E+00        60      1.383012E+05      7.882636E+02
     1.365000E+00        60      1.352368E+05      2.499999E+03
     1.365500E+00        60      1.272505E+05      3.843950E+03
     1.366000E+00        60      1.314793E+05      5.389636E+03
     1.366500E+00        60      1.183192E+05      6.028100E+03
     1.367000E+00        60      1.257133E+05      7.563700E+03
     1.367500E+00        60      1.210458E+05      8.319077E+03
     1.368000E+00        60      1.052759E+05      8.074360E+03
     1.368500E+00        60      1.104269E+05      9.290923E+03
     1.369000E+00        60      9.236426E+04      8.414019E+03
     1.369500E+00        60      1.018438E+05      9.942082E+03
     1.370000E+00        60      1.024936E+05      1.063376E+04
     1.370500E+00        60      8.797754E+04      9.635281E+03
     1.371000E+00        60      9.508540E+04      1.093097E+04
     1.371500E+00        60      8.562486E+04      1.028330E+04
     1.372000E+00        60      9.255342E+04      1.156522E+04
     1.372500E+00        60      9.428829E+04      1.221614E+04
     1.373000E+00        60      8.853519E+04      1.185751E+04
     1.373500E+00        60      9.063679E+04      1.251513E+04
     1.374000E+00        60      9.085728E+04      1.290425E+04
     1.374500E+00        60      8.454675E+04      1.232585E+04
     1.375000E+00        60      8.199619E+04      1.224797E+04
     1.375500E+00        60      7.193012E+04      1.099052E+04
     1.376000E+00        60      7.050999E+04      1.100410E+04
     1.376500E+00        60      6.324153E+04      1.006757E+04
     1.377000E+00        60      5.455622E+04      8.848323E+03
     1.377500E+00        60      4.733781E+04      7.813454E+03
     1.378000E+00        60      3.702172E+04      6.212628E+03
     1.378500E+00        60      3.437628E+04      5.859549E+03
     1.379000E+00        60      2.901208E+04      5.018874E+03
     1.379500E+00        60      2.210140E+04      3.877343E+03
     1.380000E+00        60      2.012684E+04      3.578226E+03
     1.380500E+00        60      1.352089E+04      2.434387E+03
     1.381000E+00        60      1.389859E+04      2.532695E+03
     1.381500E+00        60      1.115580E+04      2.056340E+03
     1.382000E+00        60      8.456620E+03      1.575958E+03
     1.382500E+00        60      7.403512E+03      1.394205E+03
     1.383000E+00        60      5.595548E+03      1.064324E+03
     1.383500E+00        60      3.802524E+03      7.302308E+02
     1.384000E+00        60      2.601033E+03      5.041005E+02
     1.384500E+00        60      1.360011E+03      2.659094E+02
     1.385000E+00        60      6.108851E+02      1.204532E+02
     1.385500E+00        60      1.224290E+02      2.433696E+01
     1.883000E+00        60     -2.176451E+01      0.000000E+00
     1.883500E+00        60     -1.187851E+02      0.000000E+00
     1.884000E+00        60     -3.215008E+02      0.000000E+00
     1.884500E+00        60     -5.634536E+02      0.000000E+00
     1.885000E+00        60     -9.971561E+02      0.000000E+00
     1.885500E+00        60     -1.505793E+03      0.000000E+00
     1.886000E+00        60     -1.928817E+03      0.000000E+00
     1.886500E+00        60     -2.562805E+03      0.000000E+00
     1.887000E+00        60     -3.314118E+03      0.000000E+00
     1.887500E+00        60     -3.950105E+03      0.000000E+00
     1.888000E+00        60     -4.771536E+03      0.000000E+00
     1.888500E+00        60     -5.682550E+03      0.000000E+00
     1.889000E+00        60     -6.454780E+03      0.000000E+00
     1.889500E+00        60     -7.417307E+03      0.000000E+00
     1.890000E+00        60     -8.088508E+03      0.000000E+00
     1.890500E+00        60     -8.856024E+03      0.000000E+00
     1.891000E+00        60     -9.804323E+03      0.000000E+00
     1.891500E+00        60     -1.006541E+04      0.000000E+00
     1.892000E+00        60     -1.053620E+04      0.000000E+00
     1.892500E+00        60     -1.136412E+04      0.000000E+00
     1.893000E+00        60     -1.098204E+04      0.000000E+00
     1.893500E+00        60     -1.236162E+04      0.000000E+00
     1.894000E+00        60     -1.149214E+04      0.000000E+00
     1.894500E+00        60     -1.129270E+04      0.000000E+00
     1.895000E+00        60     -1.113258E+04      0.000000E+00
     1.895500E+00        60     -1.062164E+04      0.000000E+00
     1.896000E+00        60     -1.082997E+04      0.000000E+00
     1.896500E+00        60     -9.831227E+03      0.000000E+00
     1.897000E+00        60     -8.883028E+03      0.000000E+00
     1.897500E+00        60     -9.085167E+03      0.000000E+00
     1.898000E+00        60     -8.230492E+03      0.000000E+00
     1.898500E+00        60     -8.233954E+03      0.000000E+00
     1.899000E+00        60     -7.908138E+03      0.000000E+00
     1.899500E+00        60     -7.832189E+03      0.000000E+00
     1.900000E+00        60     -7.267819E+03      0.000000E+00
     1.900500E+00        60     -7.235375E+03      0.000000E+00
     1.901000E+00        60     -7.135569E+03      0.000000E+00
     1.901500E+00        60     -6.263197E+03      0.000000E+00
     1.902000E+00        60     -5.873285E+03      0.000000E+00
     1.902500E+00        60     -4.804845E+03      0.000000E+00
     1.903000E+00        60     -3.898973E+03      0.000000E+00
     1.903500E+00        60     -2.579259E+03      0.000000E+00
     1.904000E+00        60     -8.778560E+02      0.000000E+00
     1.904500E+00        60      1.388701E+05      9.512516E+02
     1.905000E+00        60      1.283573E+05      2.507948E+03
     1.905500E+00        60      1.321147E+05      4.118643E+03
     1.906000E+00        60      1.330890E+05      5.574258E+03
     1.906500E+00        60      1.195407E+05      6.188868E+03
     1.907000E+00        60      1.266045E+05      7.714112E+03
     1.907500E+00        60      1.087189E+05      7.549186E+03
     1.908000E+00        60      1.139233E+05      8.813108E+03
     1.908500E+00        60      1.123110E+05      9.519028E+03
     1.909000E+00        60      9.580884E+04      8.783401E+03
     1.909500E+00        60      1.026078E+05      1.007255E+04
     1.910000E+00        60      1.034138E+05      1.078221E+04
     1.910500E+00        60      9.025213E+04      9.927944E+03
     1.911000E+00        60      9.369324E+04      1.081360E+04
     1.911500E+00        60      8.764613E+04      1.056378E+04
     1.912000E+00        60      9.174909E+04      1.150211E+04
     1.912500E+00        60      9.361713E+04      1.216536E+04
     1.913000E+00        60      8.945209E+04      1.201314E+04
     1.913500E+00        60      8.808103E+04      1.219295E+04
     1.914000E+00        60      8.419795E+04      1.198640E+04
     1.914500E+00        60      8.609747E+04      1.257917E+04
     1.915000E+00        60      8.155009E+04      1.220595E+04
     1.915500E+00        60      7.374302E+04      1.128879E+04
     1.916000E+00        60      6.840651E+04      1.069469E+04
     1.916500E+00        60      5.900715E+04      9.409059E+03
     1.917000E+00        60      5.565216E+04      9.040138E+03
     1.917500E+00        60      4.727572E+04      7.814663E+03
     1.918000E+00        60      3.837924E+04      6.449360E+03
     1.918500E+00        60      3.337255E+04      5.695915E+03
     1.919000E+00        60      2.947649E+04      5.105544E+03
     1.919500E+00        60      2.171302E+04      3.813693E+03
     1.920000E+00        60      1.977387E+04      3.519406E+03
     1.920500E+00        60      1.347498E+04      2.428702E+03
     1.921000E+00        60      1.345042E+04      2.453510E+03
     1.921500E+00        60      1.098470E+04      2.026758E+03
     1.922000E+00        60      8.189152E+03      1.527521E+03
     1.922500E+00        60      7.169871E+03      1.351397E+03
     1.923000E+00        60      4.755359E+03      9.052757E+02
     1.923500E+00        60      3.873981E+03      7.445545E+02
     1.924000E+00        60      2.560037E+03      4.965396E+02
     1.924500E+00        60      1.290127E+03      2.524333E+02
     1.925000E+00        60      5.524222E+02      1.090033E+02
     1.925500E+00        60      9.141552E+01      1.818444E+01
     1.973000E+00        60     -2.254941E+01      0.000000E+00
     1.973500E+00        60     -1.197619E+02      0.000000E+00
     1.974000E+00        60     -3.244634E+02      0.000000E+00
     1.974500E+00        60     -5.605735E+02      0.000000E+00
     1.975000E+00        60     -9.987107E+02      0.000000E+00
     1.975500E+00        60     -1.510020E+03      0.000000E+00
     1.976000E+00        60     -1.898946E+03      0.000000E+00
     1.976500E+00        60     -2.588960E+03      0.000000E+00
     1.977000E+00        60     -3.265578E+03      0.000000E+00
     1.977500E+00        60     -3.930951E+03      0.000000E+00
     1.978000E+00        60     -4.791338E+03      0.000000E+00
     1.978500E+00        60     -5.557315E+03      0.000000E+00
     1.979000E+00        60     -6.514679E+03      0.000000E+00
     1.979500E+00        60     -7.321300E+03      0.000000E+00
     1.980000E+00        60     -8.004394E+03      0.000000E+00
     1.980500E+00        60     -8.926839E+03      0.000000E+00
     1.981000E+00        60     -9.594753E+03      0.000000E+00
     1.981500E+00        60     -1.013321E+04      0.000000E+00
     1.982000E+00        60     -1.048055E+04      0.000000E+00
     1.982500E+00        60     -1.120130E+04      0.000000E+00
     1.983000E+00        60     -1.113809E+04      0.000000E+00
     1.983500E+00        60     -1.213617E+04      0.000000E+00
     1.984000E+00        60     -1.154258E+04      0.000000E+00
     1.984500E+00        60     -1.130956E+04      0.000000E+00
     1.985000E+00        60     -1.092484E+04      0.000000E+00
     1.985500E+00        60     -1.079489E+04      0.000000E+00
     1.986000E+00        60     -1.063385E+04      0.000000E+00
     1.986500E+00        60     -9.827711E+03      0.000000E+00
     1.987000E+00        60     -8.914058E+03      0.000000E+00
     1.987500E+00        60     -8.890527E+03      0.000000E+00
     1.988000E+00        60     -8.319334E+03      0.000000E+00
     1.988500E+00        60     -8.105706E+03      0.000000E+00
     1.989000E+00        60     -7.847476E+03      0.000000E+00
     1.989500E+00        60     -7.833111E+03      0.000000E+00
     1.990000E+00        60     -7.144973E+03      0.000000E+00
     1.990500E+00        60     -7.232281E+03      0.000000E+00
     1.991000E+00        60     -7.078175E+03      0.000000E+00
     1.991500E+00        60     -6.213588E+03      0.000000E+00
     1.992000E+00        60     -5.849158E+03      0.000000E+00
     1.992500E+00        60     -4.767171E+03      0.000000E+00
     1.993000E+00        60     -3.868861E+03      0.000000E+00
     1.993500E+00        60     -2.549527E+03      0.000000E+00
     1.994000E+00        60     -8.513039E+02      0.000000E+00
     1.994500E+00        60      1.385499E+05      9.755004E+02
     1.995000E+00        60      1.282029E+05      2.527325E+03
     1.995500E+00        60      1.318002E+05      4.129995E+03
     1.996000E+00        60      1.329129E+05      5.586546E+03
     1.996500E+00        60      1.189396E+05      6.174027E+03
     1.997000E+00        60      1.266397E+05      7.732332E+03
     1.997500E+00        60      1.080995E+05      7.518942E+03
     1.998000E+00        60      1.132752E+05      8.775436E+03
     1.998500E+00        60      1.124513E+05      9.542489E+03
     1.999000E+00        60      9.423665E+04      8.648353E+03
     1.999500E+00        60      1.028550E+05      1.010613E+04
     2.000000E+00        60      1.026771E+05      1.071413E+04
     2.000500E+00        60      8.901290E+04      9.798763E+03
     2.001000E+00        60      9.463646E+04      1.092962E+04
     2.001500E+00        60      8.574716E+04      1.034104E+04
     2.002000E+00        60      9.236915E+04      1.158610E+04
     2.002500E+00        60      9.335786E+04      1.213767E+04
     2.003000E+00        60      8.834362E+04      1.186966E+04
     2.003500E+00        60      8.960566E+04      1.240920E+04
     2.004000E+00        60      8.282032E+04      1.179485E+04
     2.004500E+00        60      8.714406E+04      1.273667E+04
     2.005000E+00        60      8.164190E+04      1.222379E+04
     2.005500E+00        60      7.335157E+04      1.123238E+04
     2.006000E+00        60      6.961084E+04      1.088616E+04
     2.006500E+00        60      5.828361E+04      9.296244E+03
     2.007000E+00        60      5.646077E+04      9.173861E+03
     2.007500E+00        60      4.720474E+04      7.804832E+03
     2.008000E+00        60      3.833992E+04      6.444236E+03
     2.008500E+00        60      3.377737E+04      5.766263E+03
     2.009000E+00        60      2.611386E+04      4.524044E+03
     2.009500E+00        60      2.318916E+04      4.073760E+03
     2.010000E+00        60      2.012790E+04      3.583082E+03
     2.010500E+00        60      1.412562E+04      2.546423E+03
     2.011000E+00        60      1.354699E+04      2.471541E+03
     2.011500E+00        60      1.109388E+04      2.047231E+03
     2.012000E+00        60      8.300810E+03      1.548586E+03
     2.012500E+00        60      7.122450E+03      1.342656E+03
     2.013000E+00        60      4.799503E+03      9.138076E+02
     2.013500E+00        60      3.849414E+03      7.399322E+02
     2.014000E+00        60      2.548426E+03      4.943511E+02
     2.014500E+00        60      1.284298E+03      2.513238E+02
     2.015000E+00        60      5.426448E+02      1.070868E+02
     2.015500E+00        60      8.828089E+01      1.756290E+01
