     1.274500E+00        61     -7.202719E+00      0.000000E+00
     1.275000E+00        61     -8.318904E+01      0.000000E+00
     1.275500E+00        61     -2.258176E+02      0.000000E+00
     1.276000E+00        61     -4.595724E+02      0.000000E+00
     1.276500E+00        61     -6.841304E+02      0.000000E+00
     1.277000E+00        61     -1.083523E+03      0.000000E+00
     1.277500E+00        61     -1.443523E+03      0.000000E+00
     1.278000E+00        61     -1.691254E+03      0.000000E+00
     1.278500E+00        61     -2.228349E+03      0.000000E+00
     1.279000E+00        61     -2.372660E+03      0.000000E+00
     1.279500E+00        61     -3.169105E+03      0.000000E+00
     1.280000E+00        61     -3.794713E+03      0.000000E+00
     1.280500E+00        61     -3.975667E+03      0.000000E+00
     1.281000E+00        61     -4.844658E+03      0.000000E+00
     1.281500E+00        61     -5.228474E+03      0.000000E+00
     1.282000E+00        61     -6.421535E+03      0.000000E+00
     1.282500E+00        61     -7.410152E+03      0.000000E+00
     1.283000E+00        61     -8.142787E+03      0.000000E+00
     1.283500E+00        61     -9.127072E+03      0.000000E+00
     1.284000E+00        61     -1.059297E+04      0.000000E+00
     1.284500E+00        61     -1.100517E+04      0.000000E+00
     1.285000E+00        61     -1.188614E+04      0.000000E+00
     1.285500E+00        61     -1.195328E+04      0.000000E+00
     1.286000E+00        61     -1.281458E+04      0.000000E+00
     1.286500E+00        61     -1.311630E+04      0.000000E+00
     1.287000E+00        61     -1.258989E+04      0.000000E+00
     1.287500E+00        61     -1.216245E+04      0.000000E+00
     1.288000E+00        61     -1.086734E+04      0.000000E+00
     1.288500E+00        61     -1.110150E+04      0.000000E+00
     1.289000E+00        61     -1.075828E+04      0.000000E+00
     1.289500E+00        61     -9.174951E+03      0.000000E+00
     1.290000E+00        61     -9.495297E+03      0.000000E+00
     1.290500E+00        61     -7.351366E+03      0.000000E+00
     1.291000E+00        61     -8.573811E+03      0.000000E+00
     1.291500E+00        61     -8.086983E+03      0.000000E+00
     1.292000E+00        61     -7.119060E+03      0.000000E+00
     1.292500E+00        61     -7.478526E+03      0.000000E+00
     1.293000E+00        61     -6.871620E+03      0.000000E+00
     1.293500E+00        61     -5.843957E+03      0.000000E+00
     1.294000E+00        61     -5.262519E+03      0.000000E+00
     1.294500E+00        61     -3.853743E+03      0.000000E+00
     1.295000E+00        61     -2.818973E+03      0.000000E+00
     1.295500E+00        61     -1.341214E+03      0.000000E+00
     1.364500E+00        61     -7.707655E+00      0.000000E+00
     1.365000E+00        61     -8.486985E+01      0.000000E+00
     1.365500E+00        61     -2.279591E+02      0.000000E+00
     1.366000E+00        61     -4.631505E+02      0.000000E+00
     1.366500E+00        61     -6.868249E+02      0.000000E+00
     1.367000E+00        61     -1.084812E+03      0.000000E+00
     1.367500E+00        61     -1.451788E+03      0.000000E+00
     1.368000E+00        61     -1.674143E+03      0.000000E+00
     1.368500E+00        61     -2.248924E+03      0.000000E+00
     1.369000E+00        61     -2.346055E+03      0.000000E+00
     1.369500E+00        61     -3.160005E+03      0.000000E+00
     1.370000E+00        61     -3.820831E+03      0.000000E+00
     1.370500E+00        61     -3.887604E+03      0.000000E+00
     1.371000E+00        61     -4.925570E+03      0.000000E+00
     1.371500E+00        61     -5.152070E+03      0.000000E+00
     1.372000E+00        61     -6.419259E+03      0.000000E+00
     1.372500E+00        61     -7.489961E+03      0.000000E+00
     1.373000E+00        61     -8.012084E+03      0.000000E+00
     1.373500E+00        61     -9.302801E+03      0.000000E+00
     1.374000E+00        61     -1.053813E+04      0.000000E+00
     1.374500E+00        61     -1.104882E+04      0.000000E+00
     1.375000E+00        61     -1.204552E+04      0.000000E+00
     1.375500E+00        61     -1.185801E+04      0.000000E+00
     1.376000E+00        61     -1.302932E+04      0.000000E+00
     1.376500E+00        61     -1.309135E+04      0.000000E+00
     1.377000E+00        61     -1.265080E+04      0.000000E+00
     1.377500E+00        61     -1.230271E+04      0.000000E+00
     1.378000E+00        61     -1.079584E+04      0.000000E+00
     1.378500E+00        61     -1.126779E+04      0.000000E+00
     1.379000E+00        61     -1.071592E+04      0.000000E+00
     1.379500E+00        61     -9.229906E+03      0.000000E+00
     1.380000E+00        61     -9.544852E+03      0.000000E+00
     1.380500E+00        61     -7.322023E+03      0.000000E+00
     1.381000E+00        61     -8.655766E+03      0.000000E+00
     1.381500E+00        61     -8.062614E+03      0.000000E+00
     1.382000E+00        61     -7.176122E+03      0.000000E+00
     1.382500E+00        61     -7.490797E+03      0.000000E+00
     1.383000E+00        61     -6.892248E+03      0.000000E+00
     1.383500E+00        61     -5.871223E+03      0.000000E+00
     1.384000E+00        61     -5.259243E+03      0.000000E+00
     1.384500E+00        61     -3.868469E+03      0.000000E+00
     1.385000E+00        61     -2.805535E+03      0.000000E+00
     1.385500E+00        61     -1.326466E+03      0.000000E+00
     1.904500E+00        61     -1.124517E+01      0.000000E+00
     1.905000E+00        61     -9.051305E+01      0.000000E+00
     1.905500E+00        61     -2.535122E+02      0.000000E+00
     1.906000E+00        61     -4.921912E+02      0.000000E+00
     1.906500E+00        61     -7.205357E+02      0.000000E+00
     1.907000E+00        61     -1.126602E+03      0.000000E+00
     1.907500E+00        61     -1.338309E+03      0.000000E+00
     1.908000E+00        61     -1.853071E+03      0.000000E+00
     1.908500E+00        61     -2.333581E+03      0.000000E+00
     1.909000E+00        61     -2.477851E+03      0.000000E+00
     1.909500E+00        61     -3.236551E+03      0.000000E+00
     1.910000E+00        61     -3.914122E+03      0.000000E+00
     1.910500E+00        61     -4.044908E+03      0.000000E+00
     1.911000E+00        61     -4.918322E+03      0.000000E+00
     1.911500E+00        61     -5.340338E+03      0.000000E+00
     1.912000E+00        61     -6.440031E+03      0.000000E+00
     1.912500E+00        61     -7.522345E+03      0.000000E+00
     1.913000E+00        61     -8.184929E+03      0.000000E+00
     1.913500E+00        61     -9.137693E+03      0.000000E+00
     1.914000E+00        61     -9.867978E+03      0.000000E+00
     1.914500E+00        61     -1.136671E+04      0.000000E+00
     1.915000E+00        61     -1.210062E+04      0.000000E+00
     1.915500E+00        61     -1.227780E+04      0.000000E+00
     1.916000E+00        61     -1.276543E+04      0.000000E+00
     1.916500E+00        61     -1.233510E+04      0.000000E+00
     1.917000E+00        61     -1.303231E+04      0.000000E+00
     1.917500E+00        61     -1.240875E+04      0.000000E+00
     1.918000E+00        61     -1.130443E+04      0.000000E+00
     1.918500E+00        61     -1.105103E+04      0.000000E+00
     1.919000E+00        61     -1.100197E+04      0.000000E+00
     1.919500E+00        61     -9.166145E+03      0.000000E+00
     1.920000E+00        61     -9.483325E+03      0.000000E+00
     1.920500E+00        61     -7.383573E+03      0.000000E+00
     1.921000E+00        61     -8.481758E+03      0.000000E+00
     1.921500E+00        61     -8.045757E+03      0.000000E+00
     1.922000E+00        61     -7.050846E+03      0.000000E+00
     1.922500E+00        61     -7.371984E+03      0.000000E+00
     1.923000E+00        61     -5.965018E+03      0.000000E+00
     1.923500E+00        61     -6.110328E+03      0.000000E+00
     1.924000E+00        61     -5.313206E+03      0.000000E+00
     1.924500E+00        61     -3.798382E+03      0.000000E+00
     1.925000E+00        61     -2.674061E+03      0.000000E+00
     1.925500E+00        61     -1.117160E+03      0.000000E+00
     1.994500E+00        61     -1.186484E+01      0.000000E+00
     1.995000E+00        61     -9.211706E+01      0.000000E+00
     1.995500E+00        61     -2.557628E+02      0.000000E+00
     1.996000E+00        61     -4.954826E+02      0.000000E+00
     1.996500E+00        61     -7.213739E+02      0.000000E+00
     1.997000E+00        61     -1.132649E+03      0.000000E+00
     1.997500E+00        61     -1.336422E+03      0.000000E+00
     1.998000E+00        61     -1.849436E+03      0.000000E+00
     1.998500E+00        61     -2.344266E+03      0.000000E+00
     1.999000E+00        61     -2.444494E+03      0.000000E+00
     1.999500E+00        61     -3.253225E+03      0.000000E+00
     2.000000E+00        61     -3.896048E+03      0.000000E+00
     2.000500E+00        61     -3.998749E+03      0.000000E+00
     2.001000E+00        61     -4.978808E+03      0.000000E+00
     2.001500E+00        61     -5.235552E+03      0.000000E+00
     2.002000E+00        61     -6.496460E+03      0.000000E+00
     2.002500E+00        61     -7.515822E+03      0.000000E+00
     2.003000E+00        61     -8.098366E+03      0.000000E+00
     2.003500E+00        61     -9.312422E+03      0.000000E+00
     2.004000E+00        61     -9.723361E+03      0.000000E+00
     2.004500E+00        61     -1.152442E+04      0.000000E+00
     2.005000E+00        61     -1.213448E+04      0.000000E+00
     2.005500E+00        61     -1.223278E+04      0.000000E+00
     2.006000E+00        61     -1.301146E+04      0.000000E+00
     2.006500E+00        61     -1.220376E+04      0.000000E+00
     2.007000E+00        61     -1.324333E+04      0.000000E+00
     2.007500E+00        61     -1.241058E+04      0.000000E+00
     2.008000E+00        61     -1.131174E+04      0.000000E+00
     2.008500E+00        61     -1.120415E+04      0.000000E+00
     2.009000E+00        61     -9.763914E+03      0.000000E+00
     2.009500E+00        61     -9.806960E+03      0.000000E+00
     2.010000E+00        61     -9.671229E+03      0.000000E+00
     2.010500E+00        61     -7.755334E+03      0.000000E+00
     2.011000E+00        61     -8.560482E+03      0.000000E+00
     2.011500E+00        61     -8.143914E+03      0.000000E+00
     2.012000E+00        61     -7.164389E+03      0.000000E+00
     2.012500E+00        61     -7.342988E+03      0.000000E+00
     2.013000E+00        61     -6.038824E+03      0.000000E+00
     2.013500E+00        61     -6.093365E+03      0.000000E+00
     2.014000E+00        61     -5.312436E+03      0.000000E+00
     2.014500E+00        61     -3.803376E+03      0.000000E+00
     2.015000E+00        61     -2.650512E+03      0.000000E+00
     2.015500E+00        61     -1.102282E+03      0.000000E+00
