     5.000000E-04         1      0.000000E+00      0.000000E+00
     1.000000E-03         1      0.000000E+00      0.000000E+00
     1.500000E-03         1      0.000000E+00      0.000000E+00
     2.000000E-03         1      0.000000E+00      0.000000E+00
     2.500000E-03         1      0.000000E+00      0.000000E+00
     3.000000E-03         1      0.000000E+00      0.000000E+00
     3.500000E-03         1      1.626516E+04      1.194367E+03
     4.000000E-03         1      3.356846E+04      2.721926E+03
     4.500000E-03         1      4.981539E+04      4.395724E+03
     5.000000E-03         1      6.622422E+04      6.287453E+03
     5.500000E-03         1      8.571999E+04      8.677637E+03
     6.000000E-03         1      9.862856E+04      1.056789E+04
     6.500000E-03         1      1.137552E+05      1.282276E+04
     7.000000E-03         1      1.204888E+05      1.421566E+04
     7.500000E-03         1      1.255943E+05      1.544265E+04
     8.000000E-03         1      1.326260E+05      1.693176E+04
     8.500000E-03         1      1.305492E+05      1.724950E+04
     9.000000E-03         1      1.332728E+05      1.817436E+04
     9.500000E-03         1      1.242214E+05      1.744069E+04
     1.000000E-02         1      1.169221E+05      1.686446E+04
     1.050000E-02         1      1.131963E+05      1.674097E+04
     1.100000E-02         1      1.010075E+05      1.529073E+04
     1.150000E-02         1      9.004385E+04      1.393109E+04
     1.200000E-02         1      8.392402E+04      1.325166E+04
     1.250000E-02         1      7.163596E+04      1.152982E+04
     1.300000E-02         1      6.564604E+04      1.075752E+04
     1.350000E-02         1      5.251869E+04      8.753427E+03
     1.400000E-02         1      4.417872E+04      7.482141E+03
     1.450000E-02         1      3.843308E+04      6.608284E+03
     1.500000E-02         1      3.033623E+04      5.291380E+03
     1.550000E-02         1      2.664005E+04      4.710278E+03
     1.600000E-02         1      1.955845E+04      3.503120E+03
     1.650000E-02         1      1.582163E+04      2.868848E+03
     1.700000E-02         1      1.319688E+04      2.421085E+03
     1.750000E-02         1      9.789298E+03      1.816091E+03
     1.800000E-02         1      8.293135E+03      1.555009E+03
     1.850000E-02         1      5.660394E+03      1.072222E+03
     1.900000E-02         1      4.098526E+03      7.839690E+02
     1.950000E-02         1      3.009393E+03      5.810379E+02
     2.000000E-02         1      1.700467E+03      3.312691E+02
     2.050000E-02         1      8.335754E+02      1.637901E+02
     2.100000E-02         1      2.826142E+02      5.599114E+01
     2.150000E-02         1      7.500488E+00      1.497816E+00
     9.000000E-02         1      0.000000E+00      0.000000E+00
     9.050000E-02         1      0.000000E+00      0.000000E+00
     9.100000E-02         1      0.000000E+00      0.000000E+00
     9.150000E-02         1      0.000000E+00      0.000000E+00
     9.200000E-02         1      0.000000E+00      0.000000E+00
     9.250000E-02         1      0.000000E+00      0.000000E+00
     9.300000E-02         1      0.000000E+00      0.000000E+00
     9.350000E-02         1      0.000000E+00      0.000000E+00
     9.400000E-02         1      0.000000E+00      0.000000E+00
     9.450000E-02         1      1.056387E+04      9.332114E+02
     9.500000E-02         1      2.960261E+04      2.813293E+03
     9.550000E-02         1      5.308819E+04      5.378901E+03
     9.600000E-02         1      7.240351E+04      7.763900E+03
     9.650000E-02         1      8.966494E+04      1.011423E+04
     9.700000E-02         1      1.028292E+05      1.213969E+04
     9.750000E-02         1      1.115881E+05      1.372826E+04
     9.800000E-02         1      1.221528E+05      1.560275E+04
     9.850000E-02         1      1.248701E+05      1.650693E+04
     9.900000E-02         1      1.292448E+05      1.763275E+04
     9.950000E-02         1      1.236775E+05      1.737132E+04
     1.000000E-01         1      1.177685E+05      1.699290E+04
     1.005000E-01         1      1.153817E+05      1.707011E+04
     1.010000E-01         1      1.043171E+05      1.579687E+04
     1.015000E-01         1      9.351297E+04      1.447220E+04
     1.020000E-01         1      8.773315E+04      1.385706E+04
     1.025000E-01         1      7.526151E+04      1.211659E+04
     1.030000E-01         1      6.904743E+04      1.131775E+04
     1.035000E-01         1      5.545478E+04      9.244982E+03
     1.040000E-01         1      4.692264E+04      7.948632E+03
     1.045000E-01         1      4.042574E+04      6.952381E+03
     1.050000E-01         1      3.217589E+04      5.613389E+03
     1.055000E-01         1      2.796362E+04      4.945243E+03
     1.060000E-01         1      2.051295E+04      3.674746E+03
     1.065000E-01         1      1.666712E+04      3.022677E+03
     1.070000E-01         1      1.361410E+04      2.498038E+03
     1.075000E-01         1      1.017697E+04      1.888309E+03
     1.080000E-01         1      8.493909E+03      1.592894E+03
     1.085000E-01         1      5.748972E+03      1.089157E+03
     1.090000E-01         1      4.175085E+03      7.987230E+02
     1.095000E-01         1      3.007578E+03      5.807640E+02
     1.100000E-01         1      1.700202E+03      3.312592E+02
     1.105000E-01         1      8.248104E+02      1.620875E+02
     1.110000E-01         1      2.749128E+02      5.447167E+01
     1.115000E-01         1      6.411143E+00      1.280421E+00
     6.300000E-01         1      0.000000E+00      0.000000E+00
     6.305000E-01         1      0.000000E+00      0.000000E+00
     6.310000E-01         1      0.000000E+00      0.000000E+00
     6.315000E-01         1      0.000000E+00      0.000000E+00
     6.320000E-01         1      0.000000E+00      0.000000E+00
     6.325000E-01         1      0.000000E+00      0.000000E+00
     6.330000E-01         1      7.081008E+03      4.678832E+02
     6.335000E-01         1      2.644912E+04      1.963231E+03
     6.340000E-01         1      4.908832E+04      4.016837E+03
     6.345000E-01         1      6.717279E+04      5.974048E+03
     6.350000E-01         1      8.698734E+04      8.315460E+03
     6.355000E-01         1      1.007968E+05      1.026566E+04
     6.360000E-01         1      1.127410E+05      1.214505E+04
     6.365000E-01         1      1.256348E+05      1.423020E+04
     6.370000E-01         1      1.308069E+05      1.550025E+04
     6.375000E-01         1      1.333014E+05      1.645511E+04
     6.380000E-01         1      1.383558E+05      1.772700E+04
     6.385000E-01         1      1.342785E+05      1.780097E+04
     6.390000E-01         1      1.350861E+05      1.847775E+04
     6.395000E-01         1      1.247019E+05      1.755745E+04
     6.400000E-01         1      1.161108E+05      1.679117E+04
     6.405000E-01         1      1.114137E+05      1.651735E+04
     6.410000E-01         1      9.872104E+04      1.497844E+04
     6.415000E-01         1      9.368811E+04      1.452560E+04
     6.420000E-01         1      7.817857E+04      1.236895E+04
     6.425000E-01         1      6.813125E+04      1.098618E+04
     6.430000E-01         1      6.124644E+04      1.005416E+04
     6.435000E-01         1      5.011503E+04      8.366632E+03
     6.440000E-01         1      4.529448E+04      7.683107E+03
     6.445000E-01         1      3.442566E+04      5.928003E+03
     6.450000E-01         1      2.859832E+04      4.995247E+03
     6.455000E-01         1      2.433540E+04      4.308521E+03
     6.460000E-01         1      1.873969E+04      3.360723E+03
     6.465000E-01         1      1.485798E+04      2.697363E+03
     6.470000E-01         1      1.248139E+04      2.292456E+03
     6.475000E-01         1      9.549609E+03      1.773568E+03
     6.480000E-01         1      7.875411E+03      1.478231E+03
     6.485000E-01         1      5.526465E+03      1.047902E+03
     6.490000E-01         1      3.966767E+03      7.594942E+02
     6.495000E-01         1      2.880374E+03      5.566391E+02
     6.500000E-01         1      1.632124E+03      3.182357E+02
     6.505000E-01         1      8.517163E+02      1.674964E+02
     6.510000E-01         1      2.273734E+02      4.508354E+01
     6.515000E-01         1      1.778044E+00      3.553456E-01
     7.200000E-01         1      0.000000E+00      0.000000E+00
     7.205000E-01         1      0.000000E+00      0.000000E+00
     7.210000E-01         1      0.000000E+00      0.000000E+00
     7.215000E-01         1      0.000000E+00      0.000000E+00
     7.220000E-01         1      0.000000E+00      0.000000E+00
     7.225000E-01         1      0.000000E+00      0.000000E+00
     7.230000E-01         1      0.000000E+00      0.000000E+00
     7.235000E-01         1      0.000000E+00      0.000000E+00
     7.240000E-01         1      0.000000E+00      0.000000E+00
     7.245000E-01         1      0.000000E+00      0.000000E+00
     7.250000E-01         1      0.000000E+00      0.000000E+00
     7.255000E-01         1      0.000000E+00      0.000000E+00
     7.260000E-01         1      0.000000E+00      0.000000E+00
     7.265000E-01         1      0.000000E+00      0.000000E+00
     7.270000E-01         1      9.614757E+03      1.140025E+03
     7.275000E-01         1      3.085085E+04      3.810453E+03
     7.280000E-01         1      5.714384E+04      7.325373E+03
     7.285000E-01         1      7.295225E+04      9.675639E+03
     7.290000E-01         1      8.907825E+04      1.218984E+04
     7.295000E-01         1      9.570572E+04      1.348031E+04
     7.300000E-01         1      9.901946E+04      1.432484E+04
     7.305000E-01         1      1.049646E+05      1.556662E+04
     7.310000E-01         1      1.008846E+05      1.531163E+04
     7.315000E-01         1      1.011940E+05      1.569405E+04
     7.320000E-01         1      8.983160E+04      1.421664E+04
     7.325000E-01         1      8.214956E+04      1.325015E+04
     7.330000E-01         1      7.557296E+04      1.240909E+04
     7.335000E-01         1      6.451524E+04      1.077326E+04
     7.340000E-01         1      5.847763E+04      9.921516E+03
     7.345000E-01         1      4.585113E+04      7.897100E+03
     7.350000E-01         1      3.859760E+04      6.743162E+03
     7.355000E-01         1      3.205039E+04      5.675518E+03
     7.360000E-01         1      2.490117E+04      4.466511E+03
     7.365000E-01         1      1.940587E+04      3.523607E+03
     7.370000E-01         1      1.551437E+04      2.849988E+03
     7.375000E-01         1      1.169087E+04      2.171586E+03
     7.380000E-01         1      9.041966E+03      1.697450E+03
     7.385000E-01         1      6.177257E+03      1.171469E+03
     7.390000E-01         1      4.256506E+03      8.150801E+02
     7.395000E-01         1      2.932886E+03      5.668614E+02
     7.400000E-01         1      1.621001E+03      3.161065E+02
     7.405000E-01         1      8.157707E+02      1.604467E+02
     7.410000E-01         1      2.102076E+02      4.168476E+01
     7.415000E-01         1      1.198019E+00      2.394533E-01
