     1.730000E-01        10     -9.897963E+00      0.000000E+00
     1.735000E-01        10     -1.071127E+02      0.000000E+00
     1.740000E-01        10     -3.371611E+02      0.000000E+00
     1.745000E-01        10     -5.983270E+02      0.000000E+00
     1.750000E-01        10     -1.076832E+03      0.000000E+00
     1.755000E-01        10     -1.345049E+03      0.000000E+00
     1.760000E-01        10     -1.726873E+03      0.000000E+00
     1.765000E-01        10     -2.319360E+03      0.000000E+00
     1.770000E-01        10     -2.581321E+03      0.000000E+00
     1.775000E-01        10     -3.077333E+03      0.000000E+00
     1.780000E-01        10     -3.141986E+03      0.000000E+00
     1.785000E-01        10     -3.112005E+03      0.000000E+00
     1.790000E-01        10     -3.504334E+03      0.000000E+00
     1.795000E-01        10     -3.449380E+03      0.000000E+00
     1.800000E-01        10     -3.551228E+03      0.000000E+00
     1.805000E-01        10     -3.296081E+03      0.000000E+00
     1.810000E-01        10     -3.610445E+03      0.000000E+00
     1.815000E-01        10     -3.537309E+03      0.000000E+00
     1.820000E-01        10     -4.080428E+03      0.000000E+00
     1.825000E-01        10     -4.349079E+03      0.000000E+00
     1.830000E-01        10     -4.482895E+03      0.000000E+00
     1.835000E-01        10     -6.019278E+03      0.000000E+00
     1.840000E-01        10     -5.574939E+03      0.000000E+00
     1.845000E-01        10     -7.171705E+03      0.000000E+00
     1.850000E-01        10     -8.087910E+03      0.000000E+00
     1.855000E-01        10     -7.940522E+03      0.000000E+00
     1.860000E-01        10     -9.962238E+03      0.000000E+00
     1.865000E-01        10     -9.477235E+03      0.000000E+00
     1.870000E-01        10     -1.091075E+04      0.000000E+00
     1.875000E-01        10     -1.201931E+04      0.000000E+00
     1.880000E-01        10     -1.037037E+04      0.000000E+00
     1.885000E-01        10     -1.119759E+04      0.000000E+00
     1.890000E-01        10     -9.182137E+03      0.000000E+00
     1.895000E-01        10     -1.044014E+04      0.000000E+00
     1.900000E-01        10     -1.036271E+04      0.000000E+00
     1.905000E-01        10     -8.115490E+03      0.000000E+00
     1.910000E-01        10     -8.416262E+03      0.000000E+00
     1.915000E-01        10     -7.761006E+03      0.000000E+00
     1.920000E-01        10     -5.596589E+03      0.000000E+00
     1.925000E-01        10     -5.448055E+03      0.000000E+00
     1.930000E-01        10     -3.134912E+03      0.000000E+00
     1.935000E-01        10     -2.748093E+03      0.000000E+00
     1.940000E-01        10     -1.379249E+03      0.000000E+00
     1.945000E-01        10      1.057217E+05      3.357739E+02
     1.950000E-01        10      1.339516E+05      2.167050E+03
     1.955000E-01        10      1.139199E+05      3.199835E+03
     1.960000E-01        10      1.397007E+05      5.453868E+03
     1.965000E-01        10      1.526203E+05      7.500206E+03
     1.970000E-01        10      1.338329E+05      7.828287E+03
     1.975000E-01        10      1.529467E+05      1.027360E+04
     1.980000E-01        10      1.409556E+05      1.060652E+04
     1.985000E-01        10      1.554941E+05      1.287209E+04
     1.990000E-01        10      1.581031E+05      1.420203E+04
     1.995000E-01        10      1.465858E+05      1.413538E+04
     2.000000E-01        10      1.494150E+05      1.533470E+04
     2.005000E-01        10      1.474770E+05      1.599621E+04
     2.010000E-01        10      1.339484E+05      1.526544E+04
     2.015000E-01        10      1.292984E+05      1.540684E+04
     2.020000E-01        10      1.166418E+05      1.447146E+04
     2.025000E-01        10      1.120552E+05      1.442355E+04
     2.030000E-01        10      1.035333E+05      1.378333E+04
     2.035000E-01        10      8.964470E+04      1.230992E+04
     2.040000E-01        10      8.256120E+04      1.166618E+04
     2.045000E-01        10      6.853171E+04      9.943768E+03
     2.050000E-01        10      6.600323E+04      9.815609E+03
     2.055000E-01        10      5.872260E+04      8.935569E+03
     2.060000E-01        10      4.809102E+04      7.476397E+03
     2.065000E-01        10      4.546814E+04      7.212033E+03
     2.070000E-01        10      3.535384E+04      5.714466E+03
     2.075000E-01        10      3.706174E+04      6.097739E+03
     2.080000E-01        10      3.345889E+04      5.597792E+03
     2.085000E-01        10      2.768456E+04      4.705451E+03
     2.090000E-01        10      2.760012E+04      4.761707E+03
     2.095000E-01        10      2.555205E+04      4.471210E+03
     2.100000E-01        10      2.155371E+04      3.822567E+03
     2.105000E-01        10      2.016489E+04      3.622205E+03
     2.110000E-01        10      1.674952E+04      3.045476E+03
     2.115000E-01        10      1.573403E+04      2.894138E+03
     2.120000E-01        10      1.315158E+04      2.445978E+03
     2.125000E-01        10      1.040373E+04      1.955436E+03
     2.130000E-01        10      8.236976E+03      1.563870E+03
     2.135000E-01        10      5.818402E+03      1.115392E+03
     2.140000E-01        10      4.004851E+03      7.748627E+02
     2.145000E-01        10      2.294645E+03      4.479235E+02
     2.150000E-01        10      1.027907E+03      2.023658E+02
     2.155000E-01        10      2.537489E+02      5.036598E+01
     2.630000E-01        10     -1.053548E+01      0.000000E+00
     2.635000E-01        10     -1.274472E+02      0.000000E+00
     2.640000E-01        10     -3.096346E+02      0.000000E+00
     2.645000E-01        10     -5.753794E+02      0.000000E+00
     2.650000E-01        10     -1.064600E+03      0.000000E+00
     2.655000E-01        10     -1.314062E+03      0.000000E+00
     2.660000E-01        10     -1.694603E+03      0.000000E+00
     2.665000E-01        10     -2.312905E+03      0.000000E+00
     2.670000E-01        10     -2.516207E+03      0.000000E+00
     2.675000E-01        10     -3.088111E+03      0.000000E+00
     2.680000E-01        10     -3.113501E+03      0.000000E+00
     2.685000E-01        10     -3.063299E+03      0.000000E+00
     2.690000E-01        10     -3.583931E+03      0.000000E+00
     2.695000E-01        10     -3.362102E+03      0.000000E+00
     2.700000E-01        10     -3.633426E+03      0.000000E+00
     2.705000E-01        10     -3.328955E+03      0.000000E+00
     2.710000E-01        10     -3.572077E+03      0.000000E+00
     2.715000E-01        10     -3.696491E+03      0.000000E+00
     2.720000E-01        10     -4.023544E+03      0.000000E+00
     2.725000E-01        10     -3.963743E+03      0.000000E+00
     2.730000E-01        10     -4.809952E+03      0.000000E+00
     2.735000E-01        10     -6.013958E+03      0.000000E+00
     2.740000E-01        10     -5.801458E+03      0.000000E+00
     2.745000E-01        10     -7.126774E+03      0.000000E+00
     2.750000E-01        10     -8.060616E+03      0.000000E+00
     2.755000E-01        10     -8.005394E+03      0.000000E+00
     2.760000E-01        10     -9.748504E+03      0.000000E+00
     2.765000E-01        10     -9.448056E+03      0.000000E+00
     2.770000E-01        10     -1.075722E+04      0.000000E+00
     2.775000E-01        10     -1.177191E+04      0.000000E+00
     2.780000E-01        10     -1.029009E+04      0.000000E+00
     2.785000E-01        10     -1.091255E+04      0.000000E+00
     2.790000E-01        10     -9.017356E+03      0.000000E+00
     2.795000E-01        10     -1.027933E+04      0.000000E+00
     2.800000E-01        10     -1.012170E+04      0.000000E+00
     2.805000E-01        10     -8.022481E+03      0.000000E+00
     2.810000E-01        10     -8.251050E+03      0.000000E+00
     2.815000E-01        10     -5.520554E+03      0.000000E+00
     2.820000E-01        10     -6.590227E+03      0.000000E+00
     2.825000E-01        10     -5.680666E+03      0.000000E+00
     2.830000E-01        10     -3.249928E+03      0.000000E+00
     2.835000E-01        10     -2.793576E+03      0.000000E+00
     2.840000E-01        10     -1.370972E+03      0.000000E+00
     2.845000E-01        10      1.074964E+05      3.624429E+02
     2.850000E-01        10      1.348812E+05      2.206219E+03
     2.855000E-01        10      1.142567E+05      3.228056E+03
     2.860000E-01        10      1.395637E+05      5.469627E+03
     2.865000E-01        10      1.526504E+05      7.523018E+03
     2.870000E-01        10      1.321608E+05      7.747599E+03
     2.875000E-01        10      1.525112E+05      1.026271E+04
     2.880000E-01        10      1.394642E+05      1.050994E+04
     2.885000E-01        10      1.532038E+05      1.269855E+04
     2.890000E-01        10      1.572924E+05      1.414464E+04
     2.895000E-01        10      1.437644E+05      1.387654E+04
     2.900000E-01        10      1.477656E+05      1.517820E+04
     2.905000E-01        10      1.354207E+05      1.469956E+04
     2.910000E-01        10      1.367229E+05      1.559214E+04
     2.915000E-01        10      1.297308E+05      1.546779E+04
     2.920000E-01        10      1.171693E+05      1.454496E+04
     2.925000E-01        10      1.104331E+05      1.422195E+04
     2.930000E-01        10      1.039423E+05      1.384420E+04
     2.935000E-01        10      8.898423E+04      1.222446E+04
     2.940000E-01        10      8.137789E+04      1.150353E+04
     2.945000E-01        10      6.962322E+04      1.010585E+04
     2.950000E-01        10      6.430800E+04      9.566774E+03
     2.955000E-01        10      5.943520E+04      9.046888E+03
     2.960000E-01        10      4.808037E+04      7.476973E+03
     2.965000E-01        10      4.467806E+04      7.088697E+03
     2.970000E-01        10      3.665452E+04      5.926262E+03
     2.975000E-01        10      3.619451E+04      5.956530E+03
     2.980000E-01        10      3.402440E+04      5.693736E+03
     2.985000E-01        10      2.804304E+04      4.767434E+03
     2.990000E-01        10      2.717244E+04      4.688903E+03
     2.995000E-01        10      2.278245E+04      3.987364E+03
     3.000000E-01        10      2.290166E+04      4.062392E+03
     3.005000E-01        10      2.071846E+04      3.722309E+03
     3.010000E-01        10      1.742412E+04      3.168674E+03
     3.015000E-01        10      1.557375E+04      2.865122E+03
     3.020000E-01        10      1.342713E+04      2.497613E+03
     3.025000E-01        10      1.039055E+04      1.953248E+03
     3.030000E-01        10      8.150268E+03      1.547627E+03
     3.035000E-01        10      5.852365E+03      1.122055E+03
     3.040000E-01        10      3.921886E+03      7.589094E+02
     3.045000E-01        10      2.268689E+03      4.429122E+02
     3.050000E-01        10      1.006574E+03      1.981899E+02
     3.055000E-01        10      2.436166E+02      4.836042E+01
     8.030000E-01        10     -1.505741E+01      0.000000E+00
     8.035000E-01        10     -1.434322E+02      0.000000E+00
     8.040000E-01        10     -3.328700E+02      0.000000E+00
     8.045000E-01        10     -6.082600E+02      0.000000E+00
     8.050000E-01        10     -1.108865E+03      0.000000E+00
     8.055000E-01        10     -1.372127E+03      0.000000E+00
     8.060000E-01        10     -2.073601E+03      0.000000E+00
     8.065000E-01        10     -2.150084E+03      0.000000E+00
     8.070000E-01        10     -2.492301E+03      0.000000E+00
     8.075000E-01        10     -3.026464E+03      0.000000E+00
     8.080000E-01        10     -3.178348E+03      0.000000E+00
     8.085000E-01        10     -3.440064E+03      0.000000E+00
     8.090000E-01        10     -3.325752E+03      0.000000E+00
     8.095000E-01        10     -3.343070E+03      0.000000E+00
     8.100000E-01        10     -3.387801E+03      0.000000E+00
     8.105000E-01        10     -3.448529E+03      0.000000E+00
     8.110000E-01        10     -3.452951E+03      0.000000E+00
     8.115000E-01        10     -3.649119E+03      0.000000E+00
     8.120000E-01        10     -4.203760E+03      0.000000E+00
     8.125000E-01        10     -3.797501E+03      0.000000E+00
     8.130000E-01        10     -5.055095E+03      0.000000E+00
     8.135000E-01        10     -6.051788E+03      0.000000E+00
     8.140000E-01        10     -5.870435E+03      0.000000E+00
     8.145000E-01        10     -7.424264E+03      0.000000E+00
     8.150000E-01        10     -6.945093E+03      0.000000E+00
     8.155000E-01        10     -8.911295E+03      0.000000E+00
     8.160000E-01        10     -1.012284E+04      0.000000E+00
     8.165000E-01        10     -9.929582E+03      0.000000E+00
     8.170000E-01        10     -1.108357E+04      0.000000E+00
     8.175000E-01        10     -1.023999E+04      0.000000E+00
     8.180000E-01        10     -1.158343E+04      0.000000E+00
     8.185000E-01        10     -1.138687E+04      0.000000E+00
     8.190000E-01        10     -9.650187E+03      0.000000E+00
     8.195000E-01        10     -1.045663E+04      0.000000E+00
     8.200000E-01        10     -1.039065E+04      0.000000E+00
     8.205000E-01        10     -8.196876E+03      0.000000E+00
     8.210000E-01        10     -8.233989E+03      0.000000E+00
     8.215000E-01        10     -5.620871E+03      0.000000E+00
     8.220000E-01        10     -6.489944E+03      0.000000E+00
     8.225000E-01        10     -5.606439E+03      0.000000E+00
     8.230000E-01        10     -3.161759E+03      0.000000E+00
     8.235000E-01        10     -2.651276E+03      0.000000E+00
     8.240000E-01        10     -8.928370E+02      0.000000E+00
     8.245000E-01        10      1.276534E+05      5.795760E+02
     8.250000E-01        10      1.418142E+05      2.471173E+03
     8.255000E-01        10      1.168377E+05      3.415603E+03
     8.260000E-01        10      1.436038E+05      5.757756E+03
     8.265000E-01        10      1.269249E+05      6.361222E+03
     8.270000E-01        10      1.496841E+05      8.890769E+03
     8.275000E-01        10      1.585263E+05      1.078158E+04
     8.280000E-01        10      1.437495E+05      1.092931E+04
     8.285000E-01        10      1.567572E+05      1.309131E+04
     8.290000E-01        10      1.589598E+05      1.438786E+04
     8.295000E-01        10      1.464129E+05      1.421279E+04
     8.300000E-01        10      1.482615E+05      1.530588E+04
     8.305000E-01        10      1.367530E+05      1.491083E+04
     8.310000E-01        10      1.369763E+05      1.568403E+04
     8.315000E-01        10      1.301388E+05      1.557300E+04
     8.320000E-01        10      1.170081E+05      1.457310E+04
     8.325000E-01        10      1.103491E+05      1.425417E+04
     8.330000E-01        10      9.572111E+04      1.278465E+04
     8.335000E-01        10      9.196672E+04      1.266654E+04
     8.340000E-01        10      8.282038E+04      1.173517E+04
     8.345000E-01        10      6.969571E+04      1.013861E+04
     8.350000E-01        10      6.471493E+04      9.647006E+03
     8.355000E-01        10      5.138046E+04      7.835775E+03
     8.360000E-01        10      5.126089E+04      7.985817E+03
     8.365000E-01        10      4.577852E+04      7.275467E+03
     8.370000E-01        10      3.699901E+04      5.991380E+03
     8.375000E-01        10      3.641449E+04      6.001622E+03
     8.380000E-01        10      3.366991E+04      5.642301E+03
     8.385000E-01        10      2.779239E+04      4.731075E+03
     8.390000E-01        10      2.690784E+04      4.649060E+03
     8.395000E-01        10      2.216695E+04      3.884248E+03
     8.400000E-01        10      2.266316E+04      4.024622E+03
     8.405000E-01        10      2.025551E+04      3.643040E+03
     8.410000E-01        10      1.699408E+04      3.093627E+03
     8.415000E-01        10      1.534470E+04      2.825734E+03
     8.420000E-01        10      1.216062E+04      2.264130E+03
     8.425000E-01        10      1.054393E+04      1.983841E+03
     8.430000E-01        10      8.026642E+03      1.525448E+03
     8.435000E-01        10      5.689217E+03      1.091663E+03
     8.440000E-01        10      3.806775E+03      7.372096E+02
     8.445000E-01        10      2.117611E+03      4.137270E+02
     8.450000E-01        10      9.374179E+02      1.847060E+02
     8.455000E-01        10      2.038688E+02      4.049803E+01
     8.930000E-01        10     -1.580326E+01      0.000000E+00
     8.935000E-01        10     -1.452728E+02      0.000000E+00
     8.940000E-01        10     -3.348891E+02      0.000000E+00
     8.945000E-01        10     -6.074293E+02      0.000000E+00
     8.950000E-01        10     -1.113616E+03      0.000000E+00
     8.955000E-01        10     -1.362098E+03      0.000000E+00
     8.960000E-01        10     -2.076377E+03      0.000000E+00
     8.965000E-01        10     -2.145735E+03      0.000000E+00
     8.970000E-01        10     -2.467107E+03      0.000000E+00
     8.975000E-01        10     -3.052358E+03      0.000000E+00
     8.980000E-01        10     -3.130604E+03      0.000000E+00
     8.985000E-01        10     -3.457564E+03      0.000000E+00
     8.990000E-01        10     -3.327017E+03      0.000000E+00
     8.995000E-01        10     -3.300246E+03      0.000000E+00
     9.000000E-01        10     -3.449593E+03      0.000000E+00
     9.005000E-01        10     -3.398424E+03      0.000000E+00
     9.010000E-01        10     -3.473703E+03      0.000000E+00
     9.015000E-01        10     -3.683608E+03      0.000000E+00
     9.020000E-01        10     -4.151515E+03      0.000000E+00
     9.025000E-01        10     -3.846200E+03      0.000000E+00
     9.030000E-01        10     -5.030748E+03      0.000000E+00
     9.035000E-01        10     -6.009023E+03      0.000000E+00
     9.040000E-01        10     -5.881847E+03      0.000000E+00
     9.045000E-01        10     -7.335416E+03      0.000000E+00
     9.050000E-01        10     -6.869729E+03      0.000000E+00
     9.055000E-01        10     -8.855678E+03      0.000000E+00
     9.060000E-01        10     -9.956870E+03      0.000000E+00
     9.065000E-01        10     -9.832603E+03      0.000000E+00
     9.070000E-01        10     -1.094295E+04      0.000000E+00
     9.075000E-01        10     -1.003149E+04      0.000000E+00
     9.080000E-01        10     -1.148177E+04      0.000000E+00
     9.085000E-01        10     -1.116815E+04      0.000000E+00
     9.090000E-01        10     -9.498818E+03      0.000000E+00
     9.095000E-01        10     -1.033501E+04      0.000000E+00
     9.100000E-01        10     -1.020090E+04      0.000000E+00
     9.105000E-01        10     -8.123639E+03      0.000000E+00
     9.110000E-01        10     -8.109174E+03      0.000000E+00
     9.115000E-01        10     -5.534883E+03      0.000000E+00
     9.120000E-01        10     -6.440482E+03      0.000000E+00
     9.125000E-01        10     -5.530571E+03      0.000000E+00
     9.130000E-01        10     -3.134132E+03      0.000000E+00
     9.135000E-01        10     -2.617579E+03      0.000000E+00
     9.140000E-01        10     -8.708172E+02      0.000000E+00
     9.145000E-01        10      1.273185E+05      6.027380E+02
     9.150000E-01        10      1.415331E+05      2.491373E+03
     9.155000E-01        10      1.165521E+05      3.426231E+03
     9.160000E-01        10      1.429718E+05      5.753866E+03
     9.165000E-01        10      1.271656E+05      6.390920E+03
     9.170000E-01        10      1.483070E+05      8.828045E+03
     9.175000E-01        10      1.584846E+05      1.079769E+04
     9.180000E-01        10      1.428400E+05      1.087608E+04
     9.185000E-01        10      1.553943E+05      1.299367E+04
     9.190000E-01        10      1.588817E+05      1.439627E+04
     9.195000E-01        10      1.444164E+05      1.403219E+04
     9.200000E-01        10      1.474981E+05      1.523975E+04
     9.205000E-01        10      1.357376E+05      1.481112E+04
     9.210000E-01        10      1.349865E+05      1.546652E+04
     9.215000E-01        10      1.295365E+05      1.551028E+04
     9.220000E-01        10      1.155462E+05      1.439891E+04
     9.225000E-01        10      1.089218E+05      1.407686E+04
     9.230000E-01        10      9.556818E+04      1.277010E+04
     9.235000E-01        10      9.040821E+04      1.245718E+04
     9.240000E-01        10      8.254515E+04      1.170077E+04
     9.245000E-01        10      6.952620E+04      1.011764E+04
     9.250000E-01        10      6.374118E+04      9.505076E+03
     9.255000E-01        10      5.208983E+04      7.946474E+03
     9.260000E-01        10      5.077927E+04      7.913133E+03
     9.265000E-01        10      4.577961E+04      7.277664E+03
     9.270000E-01        10      3.771938E+04      6.109630E+03
     9.275000E-01        10      3.589501E+04      5.917461E+03
     9.280000E-01        10      3.446459E+04      5.776813E+03
     9.285000E-01        10      2.785414E+04      4.742627E+03
     9.290000E-01        10      2.685351E+04      4.640638E+03
     9.295000E-01        10      2.281453E+04      3.998511E+03
     9.300000E-01        10      2.231503E+04      3.963542E+03
     9.305000E-01        10      2.055105E+04      3.696852E+03
     9.310000E-01        10      1.702603E+04      3.099969E+03
     9.315000E-01        10      1.518303E+04      2.796414E+03
     9.320000E-01        10      1.231379E+04      2.293002E+03
     9.325000E-01        10      1.038249E+04      1.953755E+03
     9.330000E-01        10      8.002547E+03      1.521084E+03
     9.335000E-01        10      5.655639E+03      1.085367E+03
     9.340000E-01        10      3.741476E+03      7.246579E+02
     9.345000E-01        10      2.098222E+03      4.099899E+02
     9.350000E-01        10      9.155317E+02      1.804151E+02
     9.355000E-01        10      1.959419E+02      3.892784E+01
