     3.025000E-01        16     -3.101169E+00      0.000000E+00
     3.030000E-01        16     -6.338151E+01      0.000000E+00
     3.035000E-01        16     -2.154951E+02      0.000000E+00
     3.040000E-01        16     -3.572946E+02      0.000000E+00
     3.045000E-01        16     -4.802739E+02      0.000000E+00
     3.050000E-01        16     -8.843348E+02      0.000000E+00
     3.055000E-01        16     -9.738285E+02      0.000000E+00
     3.060000E-01        16     -1.470178E+03      0.000000E+00
     3.065000E-01        16     -1.638606E+03      0.000000E+00
     3.070000E-01        16     -1.879221E+03      0.000000E+00
     3.075000E-01        16     -2.647414E+03      0.000000E+00
     3.080000E-01        16     -2.951185E+03      0.000000E+00
     3.085000E-01        16     -3.901445E+03      0.000000E+00
     3.090000E-01        16     -4.032235E+03      0.000000E+00
     3.095000E-01        16     -4.767053E+03      0.000000E+00
     3.100000E-01        16     -6.093078E+03      0.000000E+00
     3.105000E-01        16     -6.686063E+03      0.000000E+00
     3.110000E-01        16     -6.949102E+03      0.000000E+00
     3.115000E-01        16     -8.646303E+03      0.000000E+00
     3.120000E-01        16     -9.203417E+03      0.000000E+00
     3.125000E-01        16     -1.022290E+04      0.000000E+00
     3.130000E-01        16     -1.057012E+04      0.000000E+00
     3.135000E-01        16     -1.062017E+04      0.000000E+00
     3.140000E-01        16     -1.222019E+04      0.000000E+00
     3.145000E-01        16     -1.169284E+04      0.000000E+00
     3.150000E-01        16     -1.275953E+04      0.000000E+00
     3.155000E-01        16     -1.182956E+04      0.000000E+00
     3.160000E-01        16     -1.186676E+04      0.000000E+00
     3.165000E-01        16     -1.255048E+04      0.000000E+00
     3.170000E-01        16     -1.183670E+04      0.000000E+00
     3.175000E-01        16     -1.332614E+04      0.000000E+00
     3.180000E-01        16     -1.162577E+04      0.000000E+00
     3.185000E-01        16     -1.122461E+04      0.000000E+00
     3.190000E-01        16     -1.194683E+04      0.000000E+00
     3.195000E-01        16     -1.044569E+04      0.000000E+00
     3.200000E-01        16     -1.006613E+04      0.000000E+00
     3.205000E-01        16     -9.533597E+03      0.000000E+00
     3.210000E-01        16     -8.155425E+03      0.000000E+00
     3.215000E-01        16     -7.955814E+03      0.000000E+00
     3.220000E-01        16     -6.008488E+03      0.000000E+00
     3.225000E-01        16     -4.562909E+03      0.000000E+00
     3.230000E-01        16     -3.230022E+03      0.000000E+00
     3.235000E-01        16     -1.581421E+03      0.000000E+00
     3.240000E-01        16      1.229361E+05      8.830207E+01
     3.245000E-01        16      1.145433E+05      1.595764E+03
     3.250000E-01        16      1.099970E+05      2.862935E+03
     3.255000E-01        16      1.163581E+05      4.321757E+03
     3.260000E-01        16      1.105284E+05      5.237907E+03
     3.265000E-01        16      1.155945E+05      6.573680E+03
     3.270000E-01        16      1.057487E+05      6.943631E+03
     3.275000E-01        16      1.063520E+05      7.853128E+03
     3.280000E-01        16      1.141800E+05      9.302075E+03
     3.285000E-01        16      1.109513E+05      9.830108E+03
     3.290000E-01        16      1.081581E+05      1.030506E+04
     3.295000E-01        16      1.136362E+05      1.153952E+04
     3.300000E-01        16      1.136478E+05      1.221094E+04
     3.305000E-01        16      1.121651E+05      1.267495E+04
     3.310000E-01        16      1.108847E+05      1.311188E+04
     3.315000E-01        16      1.061715E+05      1.308108E+04
     3.320000E-01        16      1.073508E+05      1.373046E+04
     3.325000E-01        16      9.994792E+04      1.322865E+04
     3.330000E-01        16      9.706779E+04      1.325786E+04
     3.335000E-01        16      8.909200E+04      1.252665E+04
     3.340000E-01        16      7.773085E+04      1.122671E+04
     3.345000E-01        16      7.613045E+04      1.127326E+04
     3.350000E-01        16      6.901369E+04      1.045962E+04
     3.355000E-01        16      6.250356E+04      9.680750E+03
     3.360000E-01        16      5.353187E+04      8.461358E+03
     3.365000E-01        16      4.738561E+04      7.634044E+03
     3.370000E-01        16      4.379983E+04      7.184031E+03
     3.375000E-01        16      3.604824E+04      6.013375E+03
     3.380000E-01        16      3.267731E+04      5.538710E+03
     3.385000E-01        16      2.876089E+04      4.948992E+03
     3.390000E-01        16      2.454724E+04      4.284733E+03
     3.395000E-01        16      2.062823E+04      3.649818E+03
     3.400000E-01        16      1.779510E+04      3.189363E+03
     3.405000E-01        16      1.437889E+04      2.608862E+03
     3.410000E-01        16      1.238868E+04      2.274158E+03
     3.415000E-01        16      1.057114E+04      1.962244E+03
     3.420000E-01        16      8.015033E+03      1.503674E+03
     3.425000E-01        16      6.076956E+03      1.151724E+03
     3.430000E-01        16      4.734242E+03      9.060164E+02
     3.435000E-01        16      3.072103E+03      5.934265E+02
     3.440000E-01        16      1.945077E+03      3.790938E+02
     3.445000E-01        16      9.060353E+02      1.781054E+02
     3.450000E-01        16      2.790769E+02      5.531347E+01
     3.455000E-01        16      4.451320E+00      8.892677E-01
     3.925000E-01        16     -3.488130E+00      0.000000E+00
     3.930000E-01        16     -6.504587E+01      0.000000E+00
     3.935000E-01        16     -2.190254E+02      0.000000E+00
     3.940000E-01        16     -3.600729E+02      0.000000E+00
     3.945000E-01        16     -4.856328E+02      0.000000E+00
     3.950000E-01        16     -8.863755E+02      0.000000E+00
     3.955000E-01        16     -9.761165E+02      0.000000E+00
     3.960000E-01        16     -1.474121E+03      0.000000E+00
     3.965000E-01        16     -1.628885E+03      0.000000E+00
     3.970000E-01        16     -1.892293E+03      0.000000E+00
     3.975000E-01        16     -2.628281E+03      0.000000E+00
     3.980000E-01        16     -2.963023E+03      0.000000E+00
     3.985000E-01        16     -3.908188E+03      0.000000E+00
     3.990000E-01        16     -4.013232E+03      0.000000E+00
     3.995000E-01        16     -4.842958E+03      0.000000E+00
     4.000000E-01        16     -6.052467E+03      0.000000E+00
     4.005000E-01        16     -6.794116E+03      0.000000E+00
     4.010000E-01        16     -6.997981E+03      0.000000E+00
     4.015000E-01        16     -8.668393E+03      0.000000E+00
     4.020000E-01        16     -9.433039E+03      0.000000E+00
     4.025000E-01        16     -1.016188E+04      0.000000E+00
     4.030000E-01        16     -1.084141E+04      0.000000E+00
     4.035000E-01        16     -1.067384E+04      0.000000E+00
     4.040000E-01        16     -1.229839E+04      0.000000E+00
     4.045000E-01        16     -1.196981E+04      0.000000E+00
     4.050000E-01        16     -1.266000E+04      0.000000E+00
     4.055000E-01        16     -1.211358E+04      0.000000E+00
     4.060000E-01        16     -1.183872E+04      0.000000E+00
     4.065000E-01        16     -1.259231E+04      0.000000E+00
     4.070000E-01        16     -1.199360E+04      0.000000E+00
     4.075000E-01        16     -1.317779E+04      0.000000E+00
     4.080000E-01        16     -1.176696E+04      0.000000E+00
     4.085000E-01        16     -1.110856E+04      0.000000E+00
     4.090000E-01        16     -1.191061E+04      0.000000E+00
     4.095000E-01        16     -1.044987E+04      0.000000E+00
     4.100000E-01        16     -9.927213E+03      0.000000E+00
     4.105000E-01        16     -9.553426E+03      0.000000E+00
     4.110000E-01        16     -8.054068E+03      0.000000E+00
     4.115000E-01        16     -7.915272E+03      0.000000E+00
     4.120000E-01        16     -5.970092E+03      0.000000E+00
     4.125000E-01        16     -4.508432E+03      0.000000E+00
     4.130000E-01        16     -3.206819E+03      0.000000E+00
     4.135000E-01        16     -1.551822E+03      0.000000E+00
     4.140000E-01        16      1.228463E+05      1.126730E+02
     4.145000E-01        16      1.144190E+05      1.614827E+03
     4.150000E-01        16      1.103385E+05      2.890217E+03
     4.155000E-01        16      1.163703E+05      4.340067E+03
     4.160000E-01        16      1.113542E+05      5.292824E+03
     4.165000E-01        16      1.160916E+05      6.617191E+03
     4.170000E-01        16      1.064026E+05      6.999541E+03
     4.175000E-01        16      1.073067E+05      7.935821E+03
     4.180000E-01        16      1.147347E+05      9.359441E+03
     4.185000E-01        16      1.119470E+05      9.929440E+03
     4.190000E-01        16      1.088309E+05      1.037929E+04
     4.195000E-01        16      1.145290E+05      1.164021E+04
     4.200000E-01        16      1.141970E+05      1.227936E+04
     4.205000E-01        16      1.129930E+05      1.277727E+04
     4.210000E-01        16      1.111875E+05      1.315584E+04
     4.215000E-01        16      1.066942E+05      1.315288E+04
     4.220000E-01        16      1.076608E+05      1.377719E+04
     4.225000E-01        16      9.992093E+04      1.323131E+04
     4.230000E-01        16      9.759167E+04      1.333520E+04
     4.235000E-01        16      8.878535E+04      1.248855E+04
     4.240000E-01        16      7.813032E+04      1.128861E+04
     4.245000E-01        16      7.598772E+04      1.125602E+04
     4.250000E-01        16      6.896333E+04      1.045536E+04
     4.255000E-01        16      6.274160E+04      9.720554E+03
     4.260000E-01        16      5.320829E+04      8.412594E+03
     4.265000E-01        16      4.779703E+04      7.702374E+03
     4.270000E-01        16      4.355024E+04      7.144881E+03
     4.275000E-01        16      3.625761E+04      6.049729E+03
     4.280000E-01        16      3.275558E+04      5.553217E+03
     4.285000E-01        16      2.863126E+04      4.927728E+03
     4.290000E-01        16      2.483271E+04      4.335429E+03
     4.295000E-01        16      2.042695E+04      3.614893E+03
     4.300000E-01        16      1.797423E+04      3.222050E+03
     4.305000E-01        16      1.435230E+04      2.604487E+03
     4.310000E-01        16      1.234665E+04      2.266815E+03
     4.315000E-01        16      1.064137E+04      1.975590E+03
     4.320000E-01        16      7.929253E+03      1.487804E+03
     4.325000E-01        16      6.100079E+03      1.156271E+03
     4.330000E-01        16      4.705482E+03      9.006359E+02
     4.335000E-01        16      3.053384E+03      5.898881E+02
     4.340000E-01        16      1.935378E+03      3.772509E+02
     4.345000E-01        16      8.931863E+02      1.756008E+02
     4.350000E-01        16      2.728552E+02      5.408660E+01
     4.355000E-01        16      3.612240E+00      7.217200E-01
     9.325000E-01        16     -5.283899E+00      0.000000E+00
     9.330000E-01        16     -6.956472E+01      0.000000E+00
     9.335000E-01        16     -2.300767E+02      0.000000E+00
     9.340000E-01        16     -3.660056E+02      0.000000E+00
     9.345000E-01        16     -6.496869E+02      0.000000E+00
     9.350000E-01        16     -7.738919E+02      0.000000E+00
     9.355000E-01        16     -9.238560E+02      0.000000E+00
     9.360000E-01        16     -1.446724E+03      0.000000E+00
     9.365000E-01        16     -1.629254E+03      0.000000E+00
     9.370000E-01        16     -1.858833E+03      0.000000E+00
     9.375000E-01        16     -2.670957E+03      0.000000E+00
     9.380000E-01        16     -2.988365E+03      0.000000E+00
     9.385000E-01        16     -3.926929E+03      0.000000E+00
     9.390000E-01        16     -4.147579E+03      0.000000E+00
     9.395000E-01        16     -4.813353E+03      0.000000E+00
     9.400000E-01        16     -6.229268E+03      0.000000E+00
     9.405000E-01        16     -6.832466E+03      0.000000E+00
     9.410000E-01        16     -8.216522E+03      0.000000E+00
     9.415000E-01        16     -8.204703E+03      0.000000E+00
     9.420000E-01        16     -9.075542E+03      0.000000E+00
     9.425000E-01        16     -1.001674E+04      0.000000E+00
     9.430000E-01        16     -1.069134E+04      0.000000E+00
     9.435000E-01        16     -1.156799E+04      0.000000E+00
     9.440000E-01        16     -1.167568E+04      0.000000E+00
     9.445000E-01        16     -1.161974E+04      0.000000E+00
     9.450000E-01        16     -1.234714E+04      0.000000E+00
     9.455000E-01        16     -1.195359E+04      0.000000E+00
     9.460000E-01        16     -1.169962E+04      0.000000E+00
     9.465000E-01        16     -1.244635E+04      0.000000E+00
     9.470000E-01        16     -1.198506E+04      0.000000E+00
     9.475000E-01        16     -1.311552E+04      0.000000E+00
     9.480000E-01        16     -1.175322E+04      0.000000E+00
     9.485000E-01        16     -1.120247E+04      0.000000E+00
     9.490000E-01        16     -1.185802E+04      0.000000E+00
     9.495000E-01        16     -1.055739E+04      0.000000E+00
     9.500000E-01        16     -1.095678E+04      0.000000E+00
     9.505000E-01        16     -9.009300E+03      0.000000E+00
     9.510000E-01        16     -7.937699E+03      0.000000E+00
     9.515000E-01        16     -7.714486E+03      0.000000E+00
     9.520000E-01        16     -5.889437E+03      0.000000E+00
     9.525000E-01        16     -4.637921E+03      0.000000E+00
     9.530000E-01        16     -2.970504E+03      0.000000E+00
     9.535000E-01        16     -1.401790E+03      0.000000E+00
     9.540000E-01        16      1.220044E+05      2.568344E+02
     9.545000E-01        16      1.135508E+05      1.725846E+03
     9.550000E-01        16      1.097630E+05      2.984461E+03
     9.555000E-01        16      1.161848E+05      4.439687E+03
     9.560000E-01        16      1.099066E+05      5.317109E+03
     9.565000E-01        16      1.162502E+05      6.717466E+03
     9.570000E-01        16      1.053918E+05      7.009896E+03
     9.575000E-01        16      1.063848E+05      7.939903E+03
     9.580000E-01        16      1.148435E+05      9.441154E+03
     9.585000E-01        16      1.102877E+05      9.847734E+03
     9.590000E-01        16      1.147279E+05      1.100557E+04
     9.595000E-01        16      1.104321E+05      1.128159E+04
     9.600000E-01        16      1.122502E+05      1.212532E+04
     9.605000E-01        16      1.114707E+05      1.265693E+04
     9.610000E-01        16      1.100694E+05      1.307187E+04
     9.615000E-01        16      1.103646E+05      1.365121E+04
     9.620000E-01        16      1.044235E+05      1.340403E+04
     9.625000E-01        16      9.856537E+04      1.308864E+04
     9.630000E-01        16      9.540157E+04      1.306981E+04
     9.635000E-01        16      8.869817E+04      1.250625E+04
     9.640000E-01        16      7.656041E+04      1.108642E+04
     9.645000E-01        16      7.555736E+04      1.121546E+04
     9.650000E-01        16      6.870273E+04      1.043599E+04
     9.655000E-01        16      6.153200E+04      9.550383E+03
     9.660000E-01        16      5.363928E+04      8.495109E+03
     9.665000E-01        16      4.670610E+04      7.538557E+03
     9.670000E-01        16      4.350546E+04      7.148235E+03
     9.675000E-01        16      3.600571E+04      6.016195E+03
     9.680000E-01        16      3.204568E+04      5.440123E+03
     9.685000E-01        16      2.882728E+04      4.967741E+03
     9.690000E-01        16      2.414507E+04      4.220433E+03
     9.695000E-01        16      2.036725E+04      3.608432E+03
     9.700000E-01        16      1.771455E+04      3.178939E+03
     9.705000E-01        16      1.397683E+04      2.538965E+03
     9.710000E-01        16      1.229723E+04      2.259961E+03
     9.715000E-01        16      1.030866E+04      1.915616E+03
     9.720000E-01        16      7.796631E+03      1.464230E+03
     9.725000E-01        16      5.940812E+03      1.127047E+03
     9.730000E-01        16      4.530466E+03      8.678490E+02
     9.735000E-01        16      2.945621E+03      5.695166E+02
     9.740000E-01        16      1.825770E+03      3.561542E+02
     9.745000E-01        16      8.230981E+02      1.619386E+02
     9.750000E-01        16      2.329874E+02      4.621597E+01
     9.755000E-01        16      4.104263E-01      8.205743E-02
     1.022500E+00        16     -5.740504E+00      0.000000E+00
     1.023000E+00        16     -7.131752E+01      0.000000E+00
     1.023500E+00        16     -2.341081E+02      0.000000E+00
     1.024000E+00        16     -3.685345E+02      0.000000E+00
     1.024500E+00        16     -6.614869E+02      0.000000E+00
     1.025000E+00        16     -7.779655E+02      0.000000E+00
     1.025500E+00        16     -9.335358E+02      0.000000E+00
     1.026000E+00        16     -1.468732E+03      0.000000E+00
     1.026500E+00        16     -1.622676E+03      0.000000E+00
     1.027000E+00        16     -2.201458E+03      0.000000E+00
     1.027500E+00        16     -2.472097E+03      0.000000E+00
     1.028000E+00        16     -2.935640E+03      0.000000E+00
     1.028500E+00        16     -3.859353E+03      0.000000E+00
     1.029000E+00        16     -4.131549E+03      0.000000E+00
     1.029500E+00        16     -4.817302E+03      0.000000E+00
     1.030000E+00        16     -6.180682E+03      0.000000E+00
     1.030500E+00        16     -6.960177E+03      0.000000E+00
     1.031000E+00        16     -8.151488E+03      0.000000E+00
     1.031500E+00        16     -8.371810E+03      0.000000E+00
     1.032000E+00        16     -9.145977E+03      0.000000E+00
     1.032500E+00        16     -1.005398E+04      0.000000E+00
     1.033000E+00        16     -1.098338E+04      0.000000E+00
     1.033500E+00        16     -1.149686E+04      0.000000E+00
     1.034000E+00        16     -1.198630E+04      0.000000E+00
     1.034500E+00        16     -1.167159E+04      0.000000E+00
     1.035000E+00        16     -1.241779E+04      0.000000E+00
     1.035500E+00        16     -1.222319E+04      0.000000E+00
     1.036000E+00        16     -1.278536E+04      0.000000E+00
     1.036500E+00        16     -1.206235E+04      0.000000E+00
     1.037000E+00        16     -1.172240E+04      0.000000E+00
     1.037500E+00        16     -1.284433E+04      0.000000E+00
     1.038000E+00        16     -1.179388E+04      0.000000E+00
     1.038500E+00        16     -1.091896E+04      0.000000E+00
     1.039000E+00        16     -1.185502E+04      0.000000E+00
     1.039500E+00        16     -1.044073E+04      0.000000E+00
     1.040000E+00        16     -1.083992E+04      0.000000E+00
     1.040500E+00        16     -9.009381E+03      0.000000E+00
     1.041000E+00        16     -7.822613E+03      0.000000E+00
     1.041500E+00        16     -7.704416E+03      0.000000E+00
     1.042000E+00        16     -5.843727E+03      0.000000E+00
     1.042500E+00        16     -4.607955E+03      0.000000E+00
     1.043000E+00        16     -2.952790E+03      0.000000E+00
     1.043500E+00        16     -1.377856E+03      0.000000E+00
     1.044000E+00        16      1.222965E+05      2.815506E+02
     1.044500E+00        16      1.139273E+05      1.752090E+03
     1.045000E+00        16      1.175517E+05      3.215669E+03
     1.045500E+00        16      1.124858E+05      4.315460E+03
     1.046000E+00        16      1.094661E+05      5.311192E+03
     1.046500E+00        16      1.159879E+05      6.717421E+03
     1.047000E+00        16      1.057419E+05      7.045989E+03
     1.047500E+00        16      1.068185E+05      7.984321E+03
     1.048000E+00        16      1.152139E+05      9.483745E+03
     1.048500E+00        16      1.111063E+05      9.931787E+03
     1.049000E+00        16      1.151824E+05      1.105983E+04
     1.049500E+00        16      1.112653E+05      1.137638E+04
     1.050000E+00        16      1.127292E+05      1.218629E+04
     1.050500E+00        16      1.122474E+05      1.275379E+04
     1.051000E+00        16      1.103751E+05      1.311623E+04
     1.051500E+00        16      1.109885E+05      1.373604E+04
     1.052000E+00        16      1.046941E+05      1.344562E+04
     1.052500E+00        16      9.876043E+04      1.312068E+04
     1.053000E+00        16      9.589672E+04      1.314331E+04
     1.053500E+00        16      8.853264E+04      1.248788E+04
     1.054000E+00        16      8.445112E+04      1.223356E+04
     1.054500E+00        16      7.189255E+04      1.067514E+04
     1.055000E+00        16      6.764724E+04      1.027895E+04
     1.055500E+00        16      6.017101E+04      9.341947E+03
     1.056000E+00        16      5.325834E+04      8.437151E+03
     1.056500E+00        16      4.639455E+04      7.490252E+03
     1.057000E+00        16      4.299264E+04      7.065734E+03
     1.057500E+00        16      3.623379E+04      6.055725E+03
     1.058000E+00        16      3.175730E+04      5.392364E+03
     1.058500E+00        16      2.893812E+04      4.987889E+03
     1.059000E+00        16      2.425503E+04      4.240497E+03
     1.059500E+00        16      2.028042E+04      3.593729E+03
     1.060000E+00        16      1.792926E+04      3.218047E+03
     1.060500E+00        16      1.392971E+04      2.530838E+03
     1.061000E+00        16      1.236627E+04      2.273020E+03
     1.061500E+00        16      1.035158E+04      1.923892E+03
     1.062000E+00        16      7.773663E+03      1.460134E+03
     1.062500E+00        16      5.971708E+03      1.133070E+03
     1.063000E+00        16      4.512485E+03      8.645223E+02
     1.063500E+00        16      2.940052E+03      5.685141E+02
     1.064000E+00        16      1.816419E+03      3.543745E+02
     1.064500E+00        16      8.139511E+02      1.601583E+02
     1.065000E+00        16      2.273649E+02      4.510589E+01
     1.065500E+00        16      1.859129E-01      3.717410E-02
