     3.240000E-01        17     -1.060898E-01      0.000000E+00
     3.245000E-01        17     -3.982663E+01      0.000000E+00
     3.250000E-01        17     -1.427711E+02      0.000000E+00
     3.255000E-01        17     -3.285437E+02      0.000000E+00
     3.260000E-01        17     -5.421714E+02      0.000000E+00
     3.265000E-01        17     -8.706097E+02      0.000000E+00
     3.270000E-01        17     -1.131297E+03      0.000000E+00
     3.275000E-01        17     -1.532146E+03      0.000000E+00
     3.280000E-01        17     -2.131154E+03      0.000000E+00
     3.285000E-01        17     -2.605983E+03      0.000000E+00
     3.290000E-01        17     -3.125227E+03      0.000000E+00
     3.295000E-01        17     -3.967461E+03      0.000000E+00
     3.300000E-01        17     -4.725178E+03      0.000000E+00
     3.305000E-01        17     -5.487906E+03      0.000000E+00
     3.310000E-01        17     -6.321764E+03      0.000000E+00
     3.315000E-01        17     -6.995780E+03      0.000000E+00
     3.320000E-01        17     -8.119413E+03      0.000000E+00
     3.325000E-01        17     -8.627854E+03      0.000000E+00
     3.330000E-01        17     -9.518054E+03      0.000000E+00
     3.335000E-01        17     -9.884392E+03      0.000000E+00
     3.340000E-01        17     -9.726467E+03      0.000000E+00
     3.345000E-01        17     -1.071691E+04      0.000000E+00
     3.350000E-01        17     -1.090835E+04      0.000000E+00
     3.355000E-01        17     -1.107780E+04      0.000000E+00
     3.360000E-01        17     -1.063015E+04      0.000000E+00
     3.365000E-01        17     -1.054009E+04      0.000000E+00
     3.370000E-01        17     -1.091632E+04      0.000000E+00
     3.375000E-01        17     -1.007592E+04      0.000000E+00
     3.380000E-01        17     -1.025909E+04      0.000000E+00
     3.385000E-01        17     -1.016474E+04      0.000000E+00
     3.390000E-01        17     -9.795887E+03      0.000000E+00
     3.395000E-01        17     -9.331928E+03      0.000000E+00
     3.400000E-01        17     -9.172510E+03      0.000000E+00
     3.405000E-01        17     -8.499768E+03      0.000000E+00
     3.410000E-01        17     -8.468204E+03      0.000000E+00
     3.415000E-01        17     -8.444776E+03      0.000000E+00
     3.420000E-01        17     -7.587465E+03      0.000000E+00
     3.425000E-01        17     -6.944751E+03      0.000000E+00
     3.430000E-01        17     -6.701174E+03      0.000000E+00
     3.435000E-01        17     -5.591321E+03      0.000000E+00
     3.440000E-01        17     -4.828239E+03      0.000000E+00
     3.445000E-01        17     -3.409114E+03      0.000000E+00
     3.450000E-01        17     -2.031987E+03      0.000000E+00
     3.455000E-01        17     -2.645638E+02      0.000000E+00
     3.460000E-01        17      1.393575E+05      1.592504E+03
     3.465000E-01        17      1.351968E+05      3.208418E+03
     3.470000E-01        17      1.402624E+05      4.913274E+03
     3.475000E-01        17      1.420005E+05      6.452377E+03
     3.480000E-01        17      1.408485E+05      7.755410E+03
     3.485000E-01        17      1.400115E+05      8.958488E+03
     3.490000E-01        17      1.370508E+05      9.905861E+03
     3.495000E-01        17      1.336781E+05      1.069562E+04
     3.500000E-01        17      1.362523E+05      1.188583E+04
     3.505000E-01        17      1.277218E+05      1.200565E+04
     3.510000E-01        17      1.219033E+05      1.223252E+04
     3.515000E-01        17      1.155963E+05      1.228952E+04
     3.520000E-01        17      1.095783E+05      1.226574E+04
     3.525000E-01        17      1.090328E+05      1.278304E+04
     3.530000E-01        17      1.001965E+05      1.224940E+04
     3.535000E-01        17      9.361031E+04      1.188847E+04
     3.540000E-01        17      8.712742E+04      1.145713E+04
     3.545000E-01        17      8.573236E+04      1.163983E+04
     3.550000E-01        17      7.787239E+04      1.088883E+04
     3.555000E-01        17      7.206873E+04      1.035577E+04
     3.560000E-01        17      6.613892E+04      9.747213E+03
     3.565000E-01        17      6.145546E+04      9.272843E+03
     3.570000E-01        17      5.677111E+04      8.756465E+03
     3.575000E-01        17      4.922129E+04      7.749810E+03
     3.580000E-01        17      4.706515E+04      7.554757E+03
     3.585000E-01        17      4.078477E+04      6.666531E+03
     3.590000E-01        17      3.682614E+04      6.123244E+03
     3.595000E-01        17      3.297882E+04      5.572711E+03
     3.600000E-01        17      2.772086E+04      4.756217E+03
     3.605000E-01        17      2.434266E+04      4.237359E+03
     3.610000E-01        17      2.241896E+04      3.956320E+03
     3.615000E-01        17      1.787180E+04      3.195173E+03
     3.620000E-01        17      1.591341E+04      2.880470E+03
     3.625000E-01        17      1.262736E+04      2.312762E+03
     3.630000E-01        17      1.115282E+04      2.065776E+03
     3.635000E-01        17      9.121839E+03      1.707812E+03
     3.640000E-01        17      6.775850E+03      1.281663E+03
     3.645000E-01        17      5.278501E+03      1.008279E+03
     3.650000E-01        17      3.856840E+03      7.436715E+02
     3.655000E-01        17      2.215539E+03      4.310619E+02
     3.660000E-01        17      1.215113E+03      2.384674E+02
     3.665000E-01        17      4.011881E+02      7.938960E+01
     3.670000E-01        17      2.782157E+01      5.549584E+00
     4.140000E-01        17     -1.730306E-01      0.000000E+00
     4.145000E-01        17     -4.086806E+01      0.000000E+00
     4.150000E-01        17     -1.451938E+02      0.000000E+00
     4.155000E-01        17     -3.316113E+02      0.000000E+00
     4.160000E-01        17     -5.500050E+02      0.000000E+00
     4.165000E-01        17     -8.792020E+02      0.000000E+00
     4.170000E-01        17     -1.143563E+03      0.000000E+00
     4.175000E-01        17     -1.552059E+03      0.000000E+00
     4.180000E-01        17     -2.149012E+03      0.000000E+00
     4.185000E-01        17     -2.637615E+03      0.000000E+00
     4.190000E-01        17     -3.153619E+03      0.000000E+00
     4.195000E-01        17     -4.009088E+03      0.000000E+00
     4.200000E-01        17     -4.759528E+03      0.000000E+00
     4.205000E-01        17     -5.540961E+03      0.000000E+00
     4.210000E-01        17     -6.352600E+03      0.000000E+00
     4.215000E-01        17     -7.044514E+03      0.000000E+00
     4.220000E-01        17     -8.158681E+03      0.000000E+00
     4.225000E-01        17     -8.641639E+03      0.000000E+00
     4.230000E-01        17     -9.586706E+03      0.000000E+00
     4.235000E-01        17     -9.867656E+03      0.000000E+00
     4.240000E-01        17     -9.793207E+03      0.000000E+00
     4.245000E-01        17     -1.071481E+04      0.000000E+00
     4.250000E-01        17     -1.091846E+04      0.000000E+00
     4.255000E-01        17     -1.113826E+04      0.000000E+00
     4.260000E-01        17     -1.058318E+04      0.000000E+00
     4.265000E-01        17     -1.064899E+04      0.000000E+00
     4.270000E-01        17     -1.087197E+04      0.000000E+00
     4.275000E-01        17     -1.015129E+04      0.000000E+00
     4.280000E-01        17     -1.030104E+04      0.000000E+00
     4.285000E-01        17     -1.013640E+04      0.000000E+00
     4.290000E-01        17     -9.927414E+03      0.000000E+00
     4.295000E-01        17     -9.257894E+03      0.000000E+00
     4.300000E-01        17     -9.282672E+03      0.000000E+00
     4.305000E-01        17     -8.501277E+03      0.000000E+00
     4.310000E-01        17     -8.457746E+03      0.000000E+00
     4.315000E-01        17     -8.520772E+03      0.000000E+00
     4.320000E-01        17     -7.525549E+03      0.000000E+00
     4.325000E-01        17     -6.991266E+03      0.000000E+00
     4.330000E-01        17     -6.682602E+03      0.000000E+00
     4.335000E-01        17     -5.579414E+03      0.000000E+00
     4.340000E-01        17     -4.828604E+03      0.000000E+00
     4.345000E-01        17     -3.385079E+03      0.000000E+00
     4.350000E-01        17     -2.012917E+03      0.000000E+00
     4.355000E-01        17     -2.385225E+02      0.000000E+00
     4.360000E-01        17      1.396270E+05      1.621405E+03
     4.365000E-01        17      1.351089E+05      3.229234E+03
     4.370000E-01        17      1.405770E+05      4.946214E+03
     4.375000E-01        17      1.421074E+05      6.477688E+03
     4.380000E-01        17      1.407135E+05      7.766721E+03
     4.385000E-01        17      1.405769E+05      9.012056E+03
     4.390000E-01        17      1.366779E+05      9.894646E+03
     4.395000E-01        17      1.340076E+05      1.073638E+04
     4.400000E-01        17      1.364737E+05      1.191888E+04
     4.405000E-01        17      1.273563E+05      1.198330E+04
     4.410000E-01        17      1.224170E+05      1.229491E+04
     4.415000E-01        17      1.152510E+05      1.226242E+04
     4.420000E-01        17      1.095393E+05      1.226998E+04
     4.425000E-01        17      1.091604E+05      1.280611E+04
     4.430000E-01        17      9.962213E+04      1.218618E+04
     4.435000E-01        17      9.374625E+04      1.191197E+04
     4.440000E-01        17      8.666332E+04      1.140157E+04
     4.445000E-01        17      8.561722E+04      1.162933E+04
     4.450000E-01        17      7.768963E+04      1.086770E+04
     4.455000E-01        17      7.182671E+04      1.032489E+04
     4.460000E-01        17      6.609716E+04      9.744479E+03
     4.465000E-01        17      6.116629E+04      9.232233E+03
     4.470000E-01        17      5.694781E+04      8.786407E+03
     4.475000E-01        17      4.888355E+04      7.698840E+03
     4.480000E-01        17      4.733491E+04      7.600105E+03
     4.485000E-01        17      4.070314E+04      6.654873E+03
     4.490000E-01        17      3.683432E+04      6.126069E+03
     4.495000E-01        17      3.323631E+04      5.617488E+03
     4.500000E-01        17      2.749477E+04      4.718432E+03
     4.505000E-01        17      2.461004E+04      4.284768E+03
     4.510000E-01        17      2.231755E+04      3.939180E+03
     4.515000E-01        17      1.784018E+04      3.190102E+03
     4.520000E-01        17      1.597074E+04      2.891350E+03
     4.525000E-01        17      1.245897E+04      2.282298E+03
     4.530000E-01        17      1.115116E+04      2.065794E+03
     4.535000E-01        17      9.040418E+03      1.692823E+03
     4.540000E-01        17      6.688459E+03      1.265316E+03
     4.545000E-01        17      5.240791E+03      1.001214E+03
     4.550000E-01        17      3.791397E+03      7.311496E+02
     4.555000E-01        17      2.182302E+03      4.246491E+02
     4.560000E-01        17      1.192480E+03      2.340541E+02
     4.565000E-01        17      3.893768E+02      7.706134E+01
     4.570000E-01        17      2.538320E+01      5.063770E+00
     9.540000E-01        17     -9.106992E-01      0.000000E+00
     9.545000E-01        17     -4.731382E+01      0.000000E+00
     9.550000E-01        17     -1.565259E+02      0.000000E+00
     9.555000E-01        17     -3.495332E+02      0.000000E+00
     9.560000E-01        17     -5.655163E+02      0.000000E+00
     9.565000E-01        17     -9.098065E+02      0.000000E+00
     9.570000E-01        17     -1.164274E+03      0.000000E+00
     9.575000E-01        17     -1.575611E+03      0.000000E+00
     9.580000E-01        17     -2.196393E+03      0.000000E+00
     9.585000E-01        17     -2.647540E+03      0.000000E+00
     9.590000E-01        17     -3.381423E+03      0.000000E+00
     9.595000E-01        17     -3.926468E+03      0.000000E+00
     9.600000E-01        17     -4.746648E+03      0.000000E+00
     9.605000E-01        17     -5.540951E+03      0.000000E+00
     9.610000E-01        17     -6.369710E+03      0.000000E+00
     9.615000E-01        17     -7.375991E+03      0.000000E+00
     9.620000E-01        17     -8.005879E+03      0.000000E+00
     9.625000E-01        17     -8.620230E+03      0.000000E+00
     9.630000E-01        17     -9.473415E+03      0.000000E+00
     9.635000E-01        17     -9.962085E+03      0.000000E+00
     9.640000E-01        17     -9.695423E+03      0.000000E+00
     9.645000E-01        17     -1.076199E+04      0.000000E+00
     9.650000E-01        17     -1.098581E+04      0.000000E+00
     9.655000E-01        17     -1.103160E+04      0.000000E+00
     9.660000E-01        17     -1.077400E+04      0.000000E+00
     9.665000E-01        17     -1.050850E+04      0.000000E+00
     9.670000E-01        17     -1.096844E+04      0.000000E+00
     9.675000E-01        17     -1.018177E+04      0.000000E+00
     9.680000E-01        17     -1.018044E+04      0.000000E+00
     9.685000E-01        17     -1.031213E+04      0.000000E+00
     9.690000E-01        17     -9.756054E+03      0.000000E+00
     9.695000E-01        17     -9.333519E+03      0.000000E+00
     9.700000E-01        17     -9.254981E+03      0.000000E+00
     9.705000E-01        17     -8.380533E+03      0.000000E+00
     9.710000E-01        17     -8.534311E+03      0.000000E+00
     9.715000E-01        17     -8.371414E+03      0.000000E+00
     9.720000E-01        17     -7.515104E+03      0.000000E+00
     9.725000E-01        17     -6.928085E+03      0.000000E+00
     9.730000E-01        17     -6.564486E+03      0.000000E+00
     9.735000E-01        17     -5.513979E+03      0.000000E+00
     9.740000E-01        17     -4.698068E+03      0.000000E+00
     9.745000E-01        17     -3.260505E+03      0.000000E+00
     9.750000E-01        17     -1.866169E+03      0.000000E+00
     9.755000E-01        17     -8.063016E+01      0.000000E+00
     9.760000E-01        17      1.392740E+05      1.771155E+03
     9.765000E-01        17      1.350495E+05      3.364577E+03
     9.770000E-01        17      1.405256E+05      5.075338E+03
     9.775000E-01        17      1.411863E+05      6.557140E+03
     9.780000E-01        17      1.412889E+05      7.911017E+03
     9.785000E-01        17      1.395598E+05      9.050076E+03
     9.790000E-01        17      1.364817E+05      9.974432E+03
     9.795000E-01        17      1.343123E+05      1.084713E+04
     9.800000E-01        17      1.349603E+05      1.186786E+04
     9.805000E-01        17      1.282179E+05      1.213666E+04
     9.810000E-01        17      1.213919E+05      1.225624E+04
     9.815000E-01        17      1.149216E+05      1.228465E+04
     9.820000E-01        17      1.099766E+05      1.237065E+04
     9.825000E-01        17      1.078592E+05      1.270133E+04
     9.830000E-01        17      1.003595E+05      1.231851E+04
     9.835000E-01        17      9.302727E+04      1.185762E+04
     9.840000E-01        17      8.657374E+04      1.142246E+04
     9.845000E-01        17      8.566742E+04      1.166687E+04
     9.850000E-01        17      7.705290E+04      1.080492E+04
     9.855000E-01        17      7.198267E+04      1.037070E+04
     9.860000E-01        17      6.554130E+04      9.682832E+03
     9.865000E-01        17      6.111013E+04      9.241825E+03
     9.870000E-01        17      5.642394E+04      8.721522E+03
     9.875000E-01        17      4.873029E+04      7.687873E+03
     9.880000E-01        17      4.683948E+04      7.532678E+03
     9.885000E-01        17      3.786168E+04      6.199691E+03
     9.890000E-01        17      3.774433E+04      6.286393E+03
     9.895000E-01        17      3.290499E+04      5.569004E+03
     9.900000E-01        17      2.782641E+04      4.781450E+03
     9.905000E-01        17      2.418642E+04      4.216116E+03
     9.910000E-01        17      2.213886E+04      3.912134E+03
     9.915000E-01        17      1.780531E+04      3.187349E+03
     9.920000E-01        17      1.558472E+04      2.824402E+03
     9.925000E-01        17      1.246134E+04      2.284996E+03
     9.930000E-01        17      1.093523E+04      2.027710E+03
     9.935000E-01        17      8.862375E+03      1.660984E+03
     9.940000E-01        17      6.611521E+03      1.251842E+03
     9.945000E-01        17      5.073015E+03      9.699633E+02
     9.950000E-01        17      3.301091E+03      6.371015E+02
     9.955000E-01        17      2.221540E+03      4.326130E+02
     9.960000E-01        17      1.134999E+03      2.229347E+02
     9.965000E-01        17      3.478579E+02      6.889264E+01
     9.970000E-01        17      1.396145E+01      2.787090E+00
     1.044000E+00        17     -1.092888E+00      0.000000E+00
     1.044500E+00        17     -4.865001E+01      0.000000E+00
     1.045000E+00        17     -1.698397E+02      0.000000E+00
     1.045500E+00        17     -3.414274E+02      0.000000E+00
     1.046000E+00        17     -5.670549E+02      0.000000E+00
     1.046500E+00        17     -9.126883E+02      0.000000E+00
     1.047000E+00        17     -1.173464E+03      0.000000E+00
     1.047500E+00        17     -1.588249E+03      0.000000E+00
     1.048000E+00        17     -2.211107E+03      0.000000E+00
     1.048500E+00        17     -2.675470E+03      0.000000E+00
     1.049000E+00        17     -3.404396E+03      0.000000E+00
     1.049500E+00        17     -3.966353E+03      0.000000E+00
     1.050000E+00        17     -4.778381E+03      0.000000E+00
     1.050500E+00        17     -5.592146E+03      0.000000E+00
     1.051000E+00        17     -6.401003E+03      0.000000E+00
     1.051500E+00        17     -7.432696E+03      0.000000E+00
     1.052000E+00        17     -8.042159E+03      0.000000E+00
     1.052500E+00        17     -8.653367E+03      0.000000E+00
     1.053000E+00        17     -9.539727E+03      0.000000E+00
     1.053500E+00        17     -9.960898E+03      0.000000E+00
     1.054000E+00        17     -1.071297E+04      0.000000E+00
     1.054500E+00        17     -1.025719E+04      0.000000E+00
     1.055000E+00        17     -1.083495E+04      0.000000E+00
     1.055500E+00        17     -1.080531E+04      0.000000E+00
     1.056000E+00        17     -1.071498E+04      0.000000E+00
     1.056500E+00        17     -1.045549E+04      0.000000E+00
     1.057000E+00        17     -1.085699E+04      0.000000E+00
     1.057500E+00        17     -1.026332E+04      0.000000E+00
     1.058000E+00        17     -1.010590E+04      0.000000E+00
     1.058500E+00        17     -1.036970E+04      0.000000E+00
     1.059000E+00        17     -9.817953E+03      0.000000E+00
     1.059500E+00        17     -9.310916E+03      0.000000E+00
     1.060000E+00        17     -9.385270E+03      0.000000E+00
     1.060500E+00        17     -8.369334E+03      0.000000E+00
     1.061000E+00        17     -8.600938E+03      0.000000E+00
     1.061500E+00        17     -8.426107E+03      0.000000E+00
     1.062000E+00        17     -7.512423E+03      0.000000E+00
     1.062500E+00        17     -6.984446E+03      0.000000E+00
     1.063000E+00        17     -6.560519E+03      0.000000E+00
     1.063500E+00        17     -5.525973E+03      0.000000E+00
     1.064000E+00        17     -4.698494E+03      0.000000E+00
     1.064500E+00        17     -3.248674E+03      0.000000E+00
     1.065000E+00        17     -1.847449E+03      0.000000E+00
     1.065500E+00        17     -5.436395E+01      0.000000E+00
     1.066000E+00        17      1.396295E+05      1.801268E+03
     1.066500E+00        17      1.351192E+05      3.389022E+03
     1.067000E+00        17      1.408960E+05      5.110504E+03
     1.067500E+00        17      1.413038E+05      6.582770E+03
     1.068000E+00        17      1.412747E+05      7.928903E+03
     1.068500E+00        17      1.399696E+05      9.093838E+03
     1.069000E+00        17      1.362253E+05      9.971272E+03
     1.069500E+00        17      1.343281E+05      1.086275E+04
     1.070000E+00        17      1.352742E+05      1.190897E+04
     1.070500E+00        17      1.275939E+05      1.208954E+04
     1.071000E+00        17      1.219110E+05      1.231937E+04
     1.071500E+00        17      1.145221E+05      1.225144E+04
     1.072000E+00        17      1.149904E+05      1.294360E+04
     1.072500E+00        17      1.054560E+05      1.242611E+04
     1.073000E+00        17      9.864696E+04      1.211520E+04
     1.073500E+00        17      9.212865E+04      1.174917E+04
     1.074000E+00        17      8.606484E+04      1.136071E+04
     1.074500E+00        17      8.469787E+04      1.153987E+04
     1.075000E+00        17      7.689341E+04      1.078691E+04
     1.075500E+00        17      7.163477E+04      1.032444E+04
     1.076000E+00        17      6.505361E+04      9.614134E+03
     1.076500E+00        17      6.142499E+04      9.292463E+03
     1.077000E+00        17      5.603572E+04      8.664147E+03
     1.077500E+00        17      4.891746E+04      7.719600E+03
     1.078000E+00        17      4.706824E+04      7.571493E+03
     1.078500E+00        17      3.764314E+04      6.165458E+03
     1.079000E+00        17      3.823032E+04      6.368849E+03
     1.079500E+00        17      3.282482E+04      5.556683E+03
     1.080000E+00        17      2.793815E+04      4.801671E+03
     1.080500E+00        17      2.443776E+04      4.260787E+03
     1.081000E+00        17      2.062416E+04      3.645170E+03
     1.081500E+00        17      1.858329E+04      3.327219E+03
     1.082000E+00        17      1.572602E+04      2.850502E+03
     1.082500E+00        17      1.251228E+04      2.294716E+03
     1.083000E+00        17      1.101544E+04      2.042905E+03
     1.083500E+00        17      8.769241E+03      1.643776E+03
     1.084000E+00        17      6.595460E+03      1.248980E+03
     1.084500E+00        17      5.027619E+03      9.614157E+02
     1.085000E+00        17      3.243792E+03      6.261254E+02
     1.085500E+00        17      2.198433E+03      4.281673E+02
     1.086000E+00        17      1.110510E+03      2.181510E+02
     1.086500E+00        17      3.376787E+02      6.688446E+01
     1.087000E+00        17      1.226333E+01      2.448372E+00
