     3.460000E-01        18     -3.216852E+01      0.000000E+00
     3.465000E-01        18     -1.439857E+02      0.000000E+00
     3.470000E-01        18     -3.477539E+02      0.000000E+00
     3.475000E-01        18     -6.323082E+02      0.000000E+00
     3.480000E-01        18     -9.820956E+02      0.000000E+00
     3.485000E-01        18     -1.404735E+03      0.000000E+00
     3.490000E-01        18     -1.868608E+03      0.000000E+00
     3.495000E-01        18     -2.377313E+03      0.000000E+00
     3.500000E-01        18     -3.064901E+03      0.000000E+00
     3.505000E-01        18     -3.548734E+03      0.000000E+00
     3.510000E-01        18     -4.105826E+03      0.000000E+00
     3.515000E-01        18     -4.648694E+03      0.000000E+00
     3.520000E-01        18     -5.196874E+03      0.000000E+00
     3.525000E-01        18     -6.036305E+03      0.000000E+00
     3.530000E-01        18     -6.420620E+03      0.000000E+00
     3.535000E-01        18     -6.894168E+03      0.000000E+00
     3.540000E-01        18     -7.331210E+03      0.000000E+00
     3.545000E-01        18     -8.201355E+03      0.000000E+00
     3.550000E-01        18     -8.434737E+03      0.000000E+00
     3.555000E-01        18     -8.809162E+03      0.000000E+00
     3.560000E-01        18     -9.098906E+03      0.000000E+00
     3.565000E-01        18     -9.496195E+03      0.000000E+00
     3.570000E-01        18     -9.838704E+03      0.000000E+00
     3.575000E-01        18     -9.558532E+03      0.000000E+00
     3.580000E-01        18     -1.023789E+04      0.000000E+00
     3.585000E-01        18     -9.939599E+03      0.000000E+00
     3.590000E-01        18     -1.006297E+04      0.000000E+00
     3.595000E-01        18     -1.011844E+04      0.000000E+00
     3.600000E-01        18     -9.569737E+03      0.000000E+00
     3.605000E-01        18     -9.482436E+03      0.000000E+00
     3.610000E-01        18     -9.891494E+03      0.000000E+00
     3.615000E-01        18     -8.974598E+03      0.000000E+00
     3.620000E-01        18     -9.151569E+03      0.000000E+00
     3.625000E-01        18     -8.382092E+03      0.000000E+00
     3.630000E-01        18     -8.632183E+03      0.000000E+00
     3.635000E-01        18     -8.341094E+03      0.000000E+00
     3.640000E-01        18     -7.449012E+03      0.000000E+00
     3.645000E-01        18     -7.146017E+03      0.000000E+00
     3.650000E-01        18     -6.656045E+03      0.000000E+00
     3.655000E-01        18     -5.141814E+03      0.000000E+00
     3.660000E-01        18     -4.161299E+03      0.000000E+00
     3.665000E-01        18     -2.477441E+03      0.000000E+00
     3.670000E-01        18     -6.969294E+02      0.000000E+00
     3.675000E-01        18      1.598409E+05      1.419256E+03
     3.680000E-01        18      1.559208E+05      3.336195E+03
     3.685000E-01        18      1.604364E+05      5.275501E+03
     3.690000E-01        18      1.610798E+05      7.000236E+03
     3.695000E-01        18      1.569836E+05      8.356017E+03
     3.700000E-01        18      1.540903E+05      9.597068E+03
     3.705000E-01        18      1.484747E+05      1.049639E+04
     3.710000E-01        18      1.414838E+05      1.111107E+04
     3.715000E-01        18      1.367409E+05      1.173948E+04
     3.720000E-01        18      1.277971E+05      1.184719E+04
     3.725000E-01        18      1.221577E+05      1.210944E+04
     3.730000E-01        18      1.095152E+05      1.151766E+04
     3.735000E-01        18      1.048504E+05      1.162338E+04
     3.740000E-01        18      9.599485E+04      1.115667E+04
     3.745000E-01        18      8.726832E+04      1.058480E+04
     3.750000E-01        18      8.158533E+04      1.028685E+04
     3.755000E-01        18      7.226596E+04      9.440310E+03
     3.760000E-01        18      6.524740E+04      8.804953E+03
     3.765000E-01        18      6.535162E+04      9.086957E+03
     3.770000E-01        18      5.560086E+04      7.948053E+03
     3.775000E-01        18      5.416641E+04      7.944314E+03
     3.780000E-01        18      4.844891E+04      7.277497E+03
     3.785000E-01        18      4.868975E+04      7.478466E+03
     3.790000E-01        18      4.687833E+04      7.351893E+03
     3.795000E-01        18      4.029034E+04      6.443407E+03
     3.800000E-01        18      4.093145E+04      6.667261E+03
     3.805000E-01        18      3.257757E+04      5.399073E+03
     3.810000E-01        18      3.513876E+04      5.919323E+03
     3.815000E-01        18      3.284152E+04      5.618301E+03
     3.820000E-01        18      2.693626E+04      4.675822E+03
     3.825000E-01        18      2.645967E+04      4.657099E+03
     3.830000E-01        18      2.412912E+04      4.303082E+03
     3.835000E-01        18      1.895292E+04      3.422481E+03
     3.840000E-01        18      1.709436E+04      3.123809E+03
     3.845000E-01        18      1.287277E+04      2.379191E+03
     3.850000E-01        18      1.147306E+04      2.143570E+03
     3.855000E-01        18      9.070609E+03      1.712328E+03
     3.860000E-01        18      6.326667E+03      1.206208E+03
     3.865000E-01        18      4.322520E+03      8.319523E+02
     3.870000E-01        18      2.572345E+03      4.996128E+02
     3.875000E-01        18      1.388152E+03      2.719719E+02
     3.880000E-01        18      5.444840E+02      1.075731E+02
     3.885000E-01        18      5.937163E+01      1.182463E+01
     4.360000E-01        18     -3.331504E+01      0.000000E+00
     4.365000E-01        18     -1.460955E+02      0.000000E+00
     4.370000E-01        18     -3.519764E+02      0.000000E+00
     4.375000E-01        18     -6.373926E+02      0.000000E+00
     4.380000E-01        18     -9.868154E+02      0.000000E+00
     4.385000E-01        18     -1.417156E+03      0.000000E+00
     4.390000E-01        18     -1.871154E+03      0.000000E+00
     4.395000E-01        18     -2.391722E+03      0.000000E+00
     4.400000E-01        18     -3.079710E+03      0.000000E+00
     4.405000E-01        18     -3.548835E+03      0.000000E+00
     4.410000E-01        18     -4.134081E+03      0.000000E+00
     4.415000E-01        18     -4.646208E+03      0.000000E+00
     4.420000E-01        18     -5.206965E+03      0.000000E+00
     4.425000E-01        18     -6.056453E+03      0.000000E+00
     4.430000E-01        18     -6.396923E+03      0.000000E+00
     4.435000E-01        18     -6.917710E+03      0.000000E+00
     4.440000E-01        18     -7.305882E+03      0.000000E+00
     4.445000E-01        18     -8.205225E+03      0.000000E+00
     4.450000E-01        18     -8.429786E+03      0.000000E+00
     4.455000E-01        18     -8.794690E+03      0.000000E+00
     4.460000E-01        18     -9.108505E+03      0.000000E+00
     4.465000E-01        18     -9.467223E+03      0.000000E+00
     4.470000E-01        18     -9.885564E+03      0.000000E+00
     4.475000E-01        18     -9.508476E+03      0.000000E+00
     4.480000E-01        18     -1.031340E+04      0.000000E+00
     4.485000E-01        18     -9.935993E+03      0.000000E+00
     4.490000E-01        18     -1.008189E+04      0.000000E+00
     4.495000E-01        18     -1.021460E+04      0.000000E+00
     4.500000E-01        18     -9.507997E+03      0.000000E+00
     4.505000E-01        18     -9.603519E+03      0.000000E+00
     4.510000E-01        18     -9.864746E+03      0.000000E+00
     4.515000E-01        18     -8.975799E+03      0.000000E+00
     4.520000E-01        18     -9.202976E+03      0.000000E+00
     4.525000E-01        18     -8.287975E+03      0.000000E+00
     4.530000E-01        18     -8.650760E+03      0.000000E+00
     4.535000E-01        18     -8.287465E+03      0.000000E+00
     4.540000E-01        18     -7.373617E+03      0.000000E+00
     4.545000E-01        18     -7.117832E+03      0.000000E+00
     4.550000E-01        18     -6.568181E+03      0.000000E+00
     4.555000E-01        18     -5.089080E+03      0.000000E+00
     4.560000E-01        18     -4.111010E+03      0.000000E+00
     4.565000E-01        18     -2.431718E+03      0.000000E+00
     4.570000E-01        18     -6.641569E+02      0.000000E+00
     4.575000E-01        18      1.591633E+05      1.443197E+03
     4.580000E-01        18      1.553472E+05      3.350702E+03
     4.585000E-01        18      1.596779E+05      5.275865E+03
     4.590000E-01        18      1.612602E+05      7.031648E+03
     4.595000E-01        18      1.563399E+05      8.342897E+03
     4.600000E-01        18      1.540704E+05      9.615167E+03
     4.605000E-01        18      1.490065E+05      1.055139E+04
     4.610000E-01        18      1.406987E+05      1.106474E+04
     4.615000E-01        18      1.375053E+05      1.181910E+04
     4.620000E-01        18      1.276015E+05      1.184124E+04
     4.625000E-01        18      1.216535E+05      1.207036E+04
     4.630000E-01        18      1.102533E+05      1.160458E+04
     4.635000E-01        18      1.036696E+05      1.150072E+04
     4.640000E-01        18      9.594886E+04      1.115852E+04
     4.645000E-01        18      8.686285E+04      1.054178E+04
     4.650000E-01        18      8.024412E+04      1.012313E+04
     4.655000E-01        18      7.215563E+04      9.430494E+03
     4.660000E-01        18      6.397717E+04      8.637410E+03
     4.665000E-01        18      6.448752E+04      8.970518E+03
     4.670000E-01        18      5.502924E+04      7.869356E+03
     4.675000E-01        18      5.278082E+04      7.743854E+03
     4.680000E-01        18      4.791404E+04      7.199542E+03
     4.685000E-01        18      4.771887E+04      7.331617E+03
     4.690000E-01        18      4.607518E+04      7.228034E+03
     4.695000E-01        18      3.978364E+04      6.364107E+03
     4.700000E-01        18      4.016524E+04      6.544132E+03
     4.705000E-01        18      3.221836E+04      5.340831E+03
     4.710000E-01        18      3.460549E+04      5.830822E+03
     4.715000E-01        18      3.260056E+04      5.578282E+03
     4.720000E-01        18      2.656624E+04      4.612535E+03
     4.725000E-01        18      2.627615E+04      4.625696E+03
     4.730000E-01        18      2.392599E+04      4.267644E+03
     4.735000E-01        18      1.872026E+04      3.381061E+03
     4.740000E-01        18      1.705367E+04      3.116895E+03
     4.745000E-01        18      1.264648E+04      2.337741E+03
     4.750000E-01        18      1.142763E+04      2.135409E+03
     4.755000E-01        18      8.971494E+03      1.693864E+03
     4.760000E-01        18      6.229804E+03      1.187906E+03
     4.765000E-01        18      4.288739E+03      8.255605E+02
     4.770000E-01        18      2.515325E+03      4.886007E+02
     4.775000E-01        18      1.363837E+03      2.672408E+02
     4.780000E-01        18      5.297762E+02      1.046797E+02
     4.785000E-01        18      5.553560E+01      1.106189E+01
     9.760000E-01        18     -4.008886E+01      0.000000E+00
     9.765000E-01        18     -1.595858E+02      0.000000E+00
     9.770000E-01        18     -3.728368E+02      0.000000E+00
     9.775000E-01        18     -6.610675E+02      0.000000E+00
     9.780000E-01        18     -1.025293E+03      0.000000E+00
     9.785000E-01        18     -1.447431E+03      0.000000E+00
     9.790000E-01        18     -1.914517E+03      0.000000E+00
     9.795000E-01        18     -2.448909E+03      0.000000E+00
     9.800000E-01        18     -3.104208E+03      0.000000E+00
     9.805000E-01        18     -3.635137E+03      0.000000E+00
     9.810000E-01        18     -4.164966E+03      0.000000E+00
     9.815000E-01        18     -4.701478E+03      0.000000E+00
     9.820000E-01        18     -5.300023E+03      0.000000E+00
     9.825000E-01        18     -6.062174E+03      0.000000E+00
     9.830000E-01        18     -6.523857E+03      0.000000E+00
     9.835000E-01        18     -6.945593E+03      0.000000E+00
     9.840000E-01        18     -7.380973E+03      0.000000E+00
     9.845000E-01        18     -8.299818E+03      0.000000E+00
     9.850000E-01        18     -8.449463E+03      0.000000E+00
     9.855000E-01        18     -8.905095E+03      0.000000E+00
     9.860000E-01        18     -9.123653E+03      0.000000E+00
     9.865000E-01        18     -9.553196E+03      0.000000E+00
     9.870000E-01        18     -9.891671E+03      0.000000E+00
     9.875000E-01        18     -9.572085E+03      0.000000E+00
     9.880000E-01        18     -1.030600E+04      0.000000E+00
     9.885000E-01        18     -9.333839E+03      0.000000E+00
     9.890000E-01        18     -1.043422E+04      0.000000E+00
     9.895000E-01        18     -1.021541E+04      0.000000E+00
     9.900000E-01        18     -9.722443E+03      0.000000E+00
     9.905000E-01        18     -9.538815E+03      0.000000E+00
     9.910000E-01        18     -9.893775E+03      0.000000E+00
     9.915000E-01        18     -9.061478E+03      0.000000E+00
     9.920000E-01        18     -9.089555E+03      0.000000E+00
     9.925000E-01        18     -8.396716E+03      0.000000E+00
     9.930000E-01        18     -8.601556E+03      0.000000E+00
     9.935000E-01        18     -8.248439E+03      0.000000E+00
     9.940000E-01        18     -7.413421E+03      0.000000E+00
     9.945000E-01        18     -7.025338E+03      0.000000E+00
     9.950000E-01        18     -5.852897E+03      0.000000E+00
     9.955000E-01        18     -5.334278E+03      0.000000E+00
     9.960000E-01        18     -4.075292E+03      0.000000E+00
     9.965000E-01        18     -2.330154E+03      0.000000E+00
     9.970000E-01        18     -4.978877E+02      0.000000E+00
     9.975000E-01        18      1.534015E+05      1.563406E+03
     9.980000E-01        18      1.606494E+05      3.630506E+03
     9.985000E-01        18      1.625397E+05      5.524324E+03
     9.990000E-01        18      1.616090E+05      7.188025E+03
     9.995000E-01        18      1.578181E+05      8.549358E+03
     1.000000E+00        18      1.545330E+05      9.759976E+03
     1.000500E+00        18      1.480411E+05      1.058639E+04
     1.001000E+00        18      1.418718E+05      1.124941E+04
     1.001500E+00        18      1.359541E+05      1.176858E+04
     1.002000E+00        18      1.273793E+05      1.189333E+04
     1.002500E+00        18      1.218368E+05      1.215386E+04
     1.003000E+00        18      1.083824E+05      1.146233E+04
     1.003500E+00        18      1.046343E+05      1.165749E+04
     1.004000E+00        18      9.503596E+04      1.109501E+04
     1.004500E+00        18      8.659072E+04      1.054551E+04
     1.005000E+00        18      8.112264E+04      1.026657E+04
     1.005500E+00        18      7.140128E+04      9.359131E+03
     1.006000E+00        18      6.493493E+04      8.790233E+03
     1.006500E+00        18      5.674197E+04      7.912618E+03
     1.007000E+00        18      5.905582E+04      8.464538E+03
     1.007500E+00        18      5.504540E+04      8.093316E+03
     1.008000E+00        18      4.981308E+04      7.499753E+03
     1.008500E+00        18      4.844689E+04      7.457282E+03
     1.009000E+00        18      4.156569E+04      6.531939E+03
     1.009500E+00        18      4.312317E+04      6.909579E+03
     1.010000E+00        18      4.123963E+04      6.729496E+03
     1.010500E+00        18      3.403323E+04      5.649843E+03
     1.011000E+00        18      3.456828E+04      5.832509E+03
     1.011500E+00        18      3.312763E+04      5.675794E+03
     1.012000E+00        18      2.691145E+04      4.678193E+03
     1.012500E+00        18      2.581254E+04      4.549361E+03
     1.013000E+00        18      2.065081E+04      3.687522E+03
     1.013500E+00        18      1.996435E+04      3.609543E+03
     1.014000E+00        18      1.732456E+04      3.169574E+03
     1.014500E+00        18      1.300289E+04      2.405918E+03
     1.015000E+00        18      1.114858E+04      2.085164E+03
     1.015500E+00        18      8.151240E+03      1.540338E+03
     1.016000E+00        18      6.444896E+03      1.229946E+03
     1.016500E+00        18      4.229672E+03      8.148414E+02
     1.017000E+00        18      2.481378E+03      4.823760E+02
     1.017500E+00        18      1.285025E+03      2.519829E+02
     1.018000E+00        18      4.330518E+02      8.562817E+01
     1.018500E+00        18      4.192235E+01      8.356004E+00
     1.066000E+00        18     -4.139858E+01      0.000000E+00
     1.066500E+00        18     -1.619851E+02      0.000000E+00
     1.067000E+00        18     -3.773837E+02      0.000000E+00
     1.067500E+00        18     -6.663114E+02      0.000000E+00
     1.068000E+00        18     -1.030984E+03      0.000000E+00
     1.068500E+00        18     -1.458510E+03      0.000000E+00
     1.069000E+00        18     -1.918635E+03      0.000000E+00
     1.069500E+00        18     -2.457877E+03      0.000000E+00
     1.070000E+00        18     -3.121284E+03      0.000000E+00
     1.070500E+00        18     -3.627833E+03      0.000000E+00
     1.071000E+00        18     -4.193794E+03      0.000000E+00
     1.071500E+00        18     -4.696576E+03      0.000000E+00
     1.072000E+00        18     -5.554305E+03      0.000000E+00
     1.072500E+00        18     -5.939862E+03      0.000000E+00
     1.073000E+00        18     -6.425636E+03      0.000000E+00
     1.073500E+00        18     -6.891922E+03      0.000000E+00
     1.074000E+00        18     -7.351343E+03      0.000000E+00
     1.074500E+00        18     -8.220749E+03      0.000000E+00
     1.075000E+00        18     -8.446809E+03      0.000000E+00
     1.075500E+00        18     -8.877274E+03      0.000000E+00
     1.076000E+00        18     -9.071019E+03      0.000000E+00
     1.076500E+00        18     -9.618359E+03      0.000000E+00
     1.077000E+00        18     -9.839762E+03      0.000000E+00
     1.077500E+00        18     -9.624568E+03      0.000000E+00
     1.078000E+00        18     -1.037327E+04      0.000000E+00
     1.078500E+00        18     -9.295214E+03      0.000000E+00
     1.079000E+00        18     -1.058611E+04      0.000000E+00
     1.079500E+00        18     -1.020770E+04      0.000000E+00
     1.080000E+00        18     -9.778301E+03      0.000000E+00
     1.080500E+00        18     -9.655015E+03      0.000000E+00
     1.081000E+00        18     -9.233772E+03      0.000000E+00
     1.081500E+00        18     -9.475523E+03      0.000000E+00
     1.082000E+00        18     -9.190480E+03      0.000000E+00
     1.082500E+00        18     -8.449174E+03      0.000000E+00
     1.083000E+00        18     -8.684760E+03      0.000000E+00
     1.083500E+00        18     -8.182524E+03      0.000000E+00
     1.084000E+00        18     -7.416468E+03      0.000000E+00
     1.084500E+00        18     -6.985263E+03      0.000000E+00
     1.085000E+00        18     -5.773794E+03      0.000000E+00
     1.085500E+00        18     -5.304937E+03      0.000000E+00
     1.086000E+00        18     -4.015051E+03      0.000000E+00
     1.086500E+00        18     -2.289585E+03      0.000000E+00
     1.087000E+00        18     -4.653934E+02      0.000000E+00
     1.087500E+00        18      1.525832E+05      1.583527E+03
     1.088000E+00        18      1.595256E+05      3.632373E+03
     1.088500E+00        18      1.621478E+05      5.536484E+03
     1.089000E+00        18      1.612298E+05      7.194540E+03
     1.089500E+00        18      1.567245E+05      8.511155E+03
     1.090000E+00        18      1.551616E+05      9.819010E+03
     1.090500E+00        18      1.471583E+05      1.054032E+04
     1.091000E+00        18      1.418523E+05      1.126320E+04
     1.091500E+00        18      1.364905E+05      1.182883E+04
     1.092000E+00        18      1.262880E+05      1.180342E+04
     1.092500E+00        18      1.225455E+05      1.223548E+04
     1.093000E+00        18      1.079295E+05      1.142347E+04
     1.093500E+00        18      1.038764E+05      1.158125E+04
     1.094000E+00        18      9.541926E+04      1.114688E+04
     1.094500E+00        18      8.521788E+04      1.038433E+04
     1.095000E+00        18      8.091740E+04      1.024600E+04
     1.095500E+00        18      7.076755E+04      9.280548E+03
     1.096000E+00        18      6.358276E+04      8.611018E+03
     1.096500E+00        18      5.649181E+04      7.880969E+03
     1.097000E+00        18      5.767898E+04      8.270338E+03
     1.097500E+00        18      5.439564E+04      8.000609E+03
     1.098000E+00        18      4.907298E+04      7.390760E+03
     1.098500E+00        18      4.737384E+04      7.294355E+03
     1.099000E+00        18      4.119918E+04      6.476212E+03
     1.099500E+00        18      4.217256E+04      6.759094E+03
     1.100000E+00        18      4.091610E+04      6.678403E+03
     1.100500E+00        18      3.349291E+04      5.561482E+03
     1.101000E+00        18      3.410171E+04      5.755092E+03
     1.101500E+00        18      3.297432E+04      5.650742E+03
     1.102000E+00        18      2.640020E+04      4.590252E+03
     1.102500E+00        18      2.582367E+04      4.552201E+03
     1.103000E+00        18      2.030149E+04      3.625810E+03
     1.103500E+00        18      1.984867E+04      3.589254E+03
     1.104000E+00        18      1.725227E+04      3.156875E+03
     1.104500E+00        18      1.275657E+04      2.360717E+03
     1.105000E+00        18      1.115597E+04      2.086862E+03
     1.105500E+00        18      7.992061E+03      1.510477E+03
     1.106000E+00        18      6.383375E+03      1.218374E+03
     1.106500E+00        18      4.185297E+03      8.063998E+02
     1.107000E+00        18      2.423640E+03      4.712118E+02
     1.107500E+00        18      1.265609E+03      2.482061E+02
     1.108000E+00        18      4.188116E+02      8.282215E+01
     1.108500E+00        18      3.878521E+01      7.731579E+00
