     3.675000E-01        19     -2.197884E+01      0.000000E+00
     3.680000E-01        19     -1.332258E+02      0.000000E+00
     3.685000E-01        19     -3.460036E+02      0.000000E+00
     3.690000E-01        19     -6.477876E+02      0.000000E+00
     3.695000E-01        19     -1.010140E+03      0.000000E+00
     3.700000E-01        19     -1.446739E+03      0.000000E+00
     3.705000E-01        19     -1.912890E+03      0.000000E+00
     3.710000E-01        19     -2.394545E+03      0.000000E+00
     3.715000E-01        19     -2.943128E+03      0.000000E+00
     3.720000E-01        19     -3.411942E+03      0.000000E+00
     3.725000E-01        19     -3.966815E+03      0.000000E+00
     3.730000E-01        19     -4.257797E+03      0.000000E+00
     3.735000E-01        19     -4.818207E+03      0.000000E+00
     3.740000E-01        19     -5.159020E+03      0.000000E+00
     3.745000E-01        19     -5.436996E+03      0.000000E+00
     3.750000E-01        19     -5.849383E+03      0.000000E+00
     3.755000E-01        19     -5.926028E+03      0.000000E+00
     3.760000E-01        19     -6.088405E+03      0.000000E+00
     3.765000E-01        19     -6.909798E+03      0.000000E+00
     3.770000E-01        19     -6.638207E+03      0.000000E+00
     3.775000E-01        19     -7.281971E+03      0.000000E+00
     3.780000E-01        19     -7.318366E+03      0.000000E+00
     3.785000E-01        19     -8.250771E+03      0.000000E+00
     3.790000E-01        19     -8.902569E+03      0.000000E+00
     3.795000E-01        19     -8.570940E+03      0.000000E+00
     3.800000E-01        19     -9.754564E+03      0.000000E+00
     3.805000E-01        19     -8.703247E+03      0.000000E+00
     3.810000E-01        19     -1.053695E+04      0.000000E+00
     3.815000E-01        19     -1.107551E+04      0.000000E+00
     3.820000E-01        19     -1.024384E+04      0.000000E+00
     3.825000E-01        19     -1.138803E+04      0.000000E+00
     3.830000E-01        19     -1.180730E+04      0.000000E+00
     3.835000E-01        19     -1.060695E+04      0.000000E+00
     3.840000E-01        19     -1.102388E+04      0.000000E+00
     3.845000E-01        19     -9.658203E+03      0.000000E+00
     3.850000E-01        19     -1.014050E+04      0.000000E+00
     3.855000E-01        19     -9.601371E+03      0.000000E+00
     3.860000E-01        19     -8.202592E+03      0.000000E+00
     3.865000E-01        19     -7.087631E+03      0.000000E+00
     3.870000E-01        19     -5.600666E+03      0.000000E+00
     3.875000E-01        19     -4.357337E+03      0.000000E+00
     3.880000E-01        19     -2.914144E+03      0.000000E+00
     3.885000E-01        19     -9.379452E+02      0.000000E+00
     3.890000E-01        19      1.349765E+05      8.483938E+02
     3.895000E-01        19      1.144111E+05      2.176351E+03
     3.900000E-01        19      1.256108E+05      3.856274E+03
     3.905000E-01        19      1.303312E+05      5.401731E+03
     3.910000E-01        19      1.084606E+05      5.571345E+03
     3.915000E-01        19      1.147265E+05      6.947320E+03
     3.920000E-01        19      1.221003E+05      8.435746E+03
     3.925000E-01        19      9.026805E+04      6.953760E+03
     3.930000E-01        19      1.114789E+05      9.414590E+03
     3.935000E-01        19      8.407234E+04      7.683491E+03
     3.940000E-01        19      9.941708E+04      9.732747E+03
     3.945000E-01        19      1.085398E+05      1.128936E+04
     3.950000E-01        19      8.960416E+04      9.835435E+03
     3.955000E-01        19      1.053115E+05      1.213096E+04
     3.960000E-01        19      8.957982E+04      1.077791E+04
     3.965000E-01        19      1.068371E+05      1.337223E+04
     3.970000E-01        19      1.029101E+05      1.335344E+04
     3.975000E-01        19      9.636955E+04      1.292476E+04
     3.980000E-01        19      1.044239E+05      1.443738E+04
     3.985000E-01        19      9.449051E+04      1.343623E+04
     3.990000E-01        19      9.771246E+04      1.426098E+04
     3.995000E-01        19      9.148396E+04      1.367923E+04
     4.000000E-01        19      8.651961E+04      1.323241E+04
     4.005000E-01        19      8.187038E+04      1.278854E+04
     4.010000E-01        19      7.313759E+04      1.165277E+04
     4.015000E-01        19      6.909508E+04      1.121523E+04
     4.020000E-01        19      6.002180E+04      9.914440E+03
     4.025000E-01        19      5.384837E+04      9.042686E+03
     4.030000E-01        19      4.673643E+04      7.971689E+03
     4.035000E-01        19      3.899818E+04      6.750655E+03
     4.040000E-01        19      3.465020E+04      6.082472E+03
     4.045000E-01        19      2.777214E+04      4.940246E+03
     4.050000E-01        19      2.351199E+04      4.235540E+03
     4.055000E-01        19      1.750848E+04      3.192157E+03
     4.060000E-01        19      1.385609E+04      2.555338E+03
     4.065000E-01        19      1.134154E+04      2.114577E+03
     4.070000E-01        19      8.263994E+03      1.556946E+03
     4.075000E-01        19      6.221245E+03      1.183845E+03
     4.080000E-01        19      4.105491E+03      7.887362E+02
     4.085000E-01        19      2.529573E+03      4.904442E+02
     4.090000E-01        19      1.446008E+03      2.828306E+02
     4.095000E-01        19      6.042884E+02      1.191957E+02
     4.100000E-01        19      1.054412E+02      2.096737E+01
     4.575000E-01        19     -2.284584E+01      0.000000E+00
     4.580000E-01        19     -1.350134E+02      0.000000E+00
     4.585000E-01        19     -3.480251E+02      0.000000E+00
     4.590000E-01        19     -6.534932E+02      0.000000E+00
     4.595000E-01        19     -1.012049E+03      0.000000E+00
     4.600000E-01        19     -1.453713E+03      0.000000E+00
     4.605000E-01        19     -1.927831E+03      0.000000E+00
     4.610000E-01        19     -2.390012E+03      0.000000E+00
     4.615000E-01        19     -2.969255E+03      0.000000E+00
     4.620000E-01        19     -3.416781E+03      0.000000E+00
     4.625000E-01        19     -3.961110E+03      0.000000E+00
     4.630000E-01        19     -4.297189E+03      0.000000E+00
     4.635000E-01        19     -4.775037E+03      0.000000E+00
     4.640000E-01        19     -5.167836E+03      0.000000E+00
     4.645000E-01        19     -5.422955E+03      0.000000E+00
     4.650000E-01        19     -5.764596E+03      0.000000E+00
     4.655000E-01        19     -5.928200E+03      0.000000E+00
     4.660000E-01        19     -5.980795E+03      0.000000E+00
     4.665000E-01        19     -6.830529E+03      0.000000E+00
     4.670000E-01        19     -6.581319E+03      0.000000E+00
     4.675000E-01        19     -7.107712E+03      0.000000E+00
     4.680000E-01        19     -7.249633E+03      0.000000E+00
     4.685000E-01        19     -8.099576E+03      0.000000E+00
     4.690000E-01        19     -8.764371E+03      0.000000E+00
     4.695000E-01        19     -8.476984E+03      0.000000E+00
     4.700000E-01        19     -9.587664E+03      0.000000E+00
     4.705000E-01        19     -8.621518E+03      0.000000E+00
     4.710000E-01        19     -1.039445E+04      0.000000E+00
     4.715000E-01        19     -1.101305E+04      0.000000E+00
     4.720000E-01        19     -1.012086E+04      0.000000E+00
     4.725000E-01        19     -1.132956E+04      0.000000E+00
     4.730000E-01        19     -1.173002E+04      0.000000E+00
     4.735000E-01        19     -1.049755E+04      0.000000E+00
     4.740000E-01        19     -1.102082E+04      0.000000E+00
     4.745000E-01        19     -9.509918E+03      0.000000E+00
     4.750000E-01        19     -1.012531E+04      0.000000E+00
     4.755000E-01        19     -9.522542E+03      0.000000E+00
     4.760000E-01        19     -8.102289E+03      0.000000E+00
     4.765000E-01        19     -7.058194E+03      0.000000E+00
     4.770000E-01        19     -5.501600E+03      0.000000E+00
     4.775000E-01        19     -4.307494E+03      0.000000E+00
     4.780000E-01        19     -2.863554E+03      0.000000E+00
     4.785000E-01        19     -9.018867E+02      0.000000E+00
     4.790000E-01        19      1.333393E+05      8.636483E+02
     4.795000E-01        19      1.129561E+05      2.168478E+03
     4.800000E-01        19      1.236564E+05      3.816192E+03
     4.805000E-01        19      1.283295E+05      5.337822E+03
     4.810000E-01        19      1.074509E+05      5.534237E+03
     4.815000E-01        19      1.118662E+05      6.788358E+03
     4.820000E-01        19      1.208800E+05      8.365757E+03
     4.825000E-01        19      8.873606E+04      6.845542E+03
     4.830000E-01        19      1.085031E+05      9.174475E+03
     4.835000E-01        19      8.403364E+04      7.688076E+03
     4.840000E-01        19      9.662266E+04      9.467945E+03
     4.845000E-01        19      1.071953E+05      1.115866E+04
     4.850000E-01        19      8.938912E+04      9.819016E+03
     4.855000E-01        19      1.019939E+05      1.175654E+04
     4.860000E-01        19      9.016985E+04      1.085536E+04
     4.865000E-01        19      1.046972E+05      1.311150E+04
     4.870000E-01        19      1.014002E+05      1.316404E+04
     4.875000E-01        19      9.673174E+04      1.297925E+04
     4.880000E-01        19      1.014934E+05      1.403812E+04
     4.885000E-01        19      9.490868E+04      1.350094E+04
     4.890000E-01        19      9.609522E+04      1.403001E+04
     4.895000E-01        19      9.008621E+04      1.347476E+04
     4.900000E-01        19      8.649536E+04      1.323286E+04
     4.905000E-01        19      7.975254E+04      1.246139E+04
     4.910000E-01        19      7.293033E+04      1.162295E+04
     4.915000E-01        19      6.792586E+04      1.102830E+04
     4.920000E-01        19      5.895420E+04      9.740474E+03
     4.925000E-01        19      5.345381E+04      8.978499E+03
     4.930000E-01        19      4.560462E+04      7.780337E+03
     4.935000E-01        19      3.858260E+04      6.680099E+03
     4.940000E-01        19      3.402134E+04      5.973254E+03
     4.945000E-01        19      2.720430E+04      4.840137E+03
     4.950000E-01        19      2.320344E+04      4.180697E+03
     4.955000E-01        19      1.708571E+04      3.115603E+03
     4.960000E-01        19      1.362359E+04      2.512864E+03
     4.965000E-01        19      1.112224E+04      2.074009E+03
     4.970000E-01        19      8.088605E+03      1.524126E+03
     4.975000E-01        19      6.108359E+03      1.162527E+03
     4.980000E-01        19      4.013113E+03      7.710925E+02
     4.985000E-01        19      2.471921E+03      4.793282E+02
     4.990000E-01        19      1.409394E+03      2.757032E+02
     4.995000E-01        19      5.849338E+02      1.153917E+02
     5.000000E-01        19      1.116335E+02      2.220127E+01
     9.975000E-01        19     -2.798191E+01      0.000000E+00
     9.980000E-01        19     -1.541622E+02      0.000000E+00
     9.985000E-01        19     -3.769960E+02      0.000000E+00
     9.990000E-01        19     -6.852362E+02      0.000000E+00
     9.995000E-01        19     -1.058641E+03      0.000000E+00
     1.000000E+00        19     -1.501535E+03      0.000000E+00
     1.000500E+00        19     -1.963914E+03      0.000000E+00
     1.001000E+00        19     -2.463250E+03      0.000000E+00
     1.001500E+00        19     -2.993506E+03      0.000000E+00
     1.002000E+00        19     -3.471406E+03      0.000000E+00
     1.002500E+00        19     -4.031504E+03      0.000000E+00
     1.003000E+00        19     -4.287677E+03      0.000000E+00
     1.003500E+00        19     -4.886951E+03      0.000000E+00
     1.004000E+00        19     -5.186066E+03      0.000000E+00
     1.004500E+00        19     -5.473393E+03      0.000000E+00
     1.005000E+00        19     -5.897015E+03      0.000000E+00
     1.005500E+00        19     -5.933150E+03      0.000000E+00
     1.006000E+00        19     -6.137141E+03      0.000000E+00
     1.006500E+00        19     -6.074274E+03      0.000000E+00
     1.007000E+00        19     -7.136380E+03      0.000000E+00
     1.007500E+00        19     -7.488232E+03      0.000000E+00
     1.008000E+00        19     -7.612592E+03      0.000000E+00
     1.008500E+00        19     -8.304754E+03      0.000000E+00
     1.009000E+00        19     -7.984556E+03      0.000000E+00
     1.009500E+00        19     -9.279056E+03      0.000000E+00
     1.010000E+00        19     -9.941427E+03      0.000000E+00
     1.010500E+00        19     -9.197977E+03      0.000000E+00
     1.011000E+00        19     -1.048829E+04      0.000000E+00
     1.011500E+00        19     -1.130659E+04      0.000000E+00
     1.012000E+00        19     -1.036100E+04      0.000000E+00
     1.012500E+00        19     -1.125160E+04      0.000000E+00
     1.013000E+00        19     -1.023992E+04      0.000000E+00
     1.013500E+00        19     -1.132959E+04      0.000000E+00
     1.014000E+00        19     -1.133870E+04      0.000000E+00
     1.014500E+00        19     -9.912121E+03      0.000000E+00
     1.015000E+00        19     -1.002614E+04      0.000000E+00
     1.015500E+00        19     -8.796344E+03      0.000000E+00
     1.016000E+00        19     -8.541869E+03      0.000000E+00
     1.016500E+00        19     -7.118062E+03      0.000000E+00
     1.017000E+00        19     -5.580163E+03      0.000000E+00
     1.017500E+00        19     -4.214479E+03      0.000000E+00
     1.018000E+00        19     -2.488365E+03      0.000000E+00
     1.018500E+00        19     -8.176082E+02      0.000000E+00
     1.019000E+00        19      1.379290E+05      1.051204E+03
     1.019500E+00        19      1.152311E+05      2.332847E+03
     1.020000E+00        19      1.272487E+05      4.049512E+03
     1.020500E+00        19      1.300779E+05      5.525956E+03
     1.021000E+00        19      1.084531E+05      5.674853E+03
     1.021500E+00        19      1.152360E+05      7.080567E+03
     1.022000E+00        19      9.361508E+04      6.545110E+03
     1.022500E+00        19      1.054024E+05      8.200857E+03
     1.023000E+00        19      1.150336E+05      9.797649E+03
     1.023500E+00        19      8.679421E+04      7.990810E+03
     1.024000E+00        19      1.018948E+05      1.003985E+04
     1.024500E+00        19      8.504044E+04      8.895819E+03
     1.025000E+00        19      1.038059E+05      1.145255E+04
     1.025500E+00        19      1.078397E+05      1.247933E+04
     1.026000E+00        19      9.411895E+04      1.137118E+04
     1.026500E+00        19      1.081432E+05      1.358699E+04
     1.027000E+00        19      9.348725E+04      1.217278E+04
     1.027500E+00        19      1.031078E+05      1.387250E+04
     1.028000E+00        19      1.038026E+05      1.439363E+04
     1.028500E+00        19      9.697116E+04      1.382644E+04
     1.029000E+00        19      9.717574E+04      1.421844E+04
     1.029500E+00        19      9.048841E+04      1.356217E+04
     1.030000E+00        19      8.712887E+04      1.335484E+04
     1.030500E+00        19      7.977741E+04      1.248721E+04
     1.031000E+00        19      7.407187E+04      1.182437E+04
     1.031500E+00        19      6.747865E+04      1.097271E+04
     1.032000E+00        19      5.850071E+04      9.679692E+03
     1.032500E+00        19      5.328146E+04      8.961912E+03
     1.033000E+00        19      4.541889E+04      7.758773E+03
     1.033500E+00        19      4.000833E+04      6.935517E+03
     1.034000E+00        19      3.320580E+04      5.836910E+03
     1.034500E+00        19      2.679242E+04      4.772171E+03
     1.035000E+00        19      2.293883E+04      4.137405E+03
     1.035500E+00        19      1.694664E+04      3.093366E+03
     1.036000E+00        19      1.420612E+04      2.622836E+03
     1.036500E+00        19      1.070109E+04      1.997311E+03
     1.037000E+00        19      7.893578E+03      1.488686E+03
     1.037500E+00        19      5.976285E+03      1.138349E+03
     1.038000E+00        19      3.912404E+03      7.523480E+02
     1.038500E+00        19      2.395151E+03      4.648008E+02
     1.039000E+00        19      1.343816E+03      2.630700E+02
     1.039500E+00        19      5.375079E+02      1.061114E+02
     1.040000E+00        19      8.821950E+01      1.755679E+01
     1.087500E+00        19     -2.888912E+01      0.000000E+00
     1.088000E+00        19     -1.555577E+02      0.000000E+00
     1.088500E+00        19     -3.799325E+02      0.000000E+00
     1.089000E+00        19     -6.887355E+02      0.000000E+00
     1.089500E+00        19     -1.057495E+03      0.000000E+00
     1.090000E+00        19     -1.514976E+03      0.000000E+00
     1.090500E+00        19     -1.960307E+03      0.000000E+00
     1.091000E+00        19     -2.471852E+03      0.000000E+00
     1.091500E+00        19     -3.015037E+03      0.000000E+00
     1.092000E+00        19     -3.451733E+03      0.000000E+00
     1.092500E+00        19     -4.065814E+03      0.000000E+00
     1.093000E+00        19     -4.280333E+03      0.000000E+00
     1.093500E+00        19     -4.862773E+03      0.000000E+00
     1.094000E+00        19     -5.218314E+03      0.000000E+00
     1.094500E+00        19     -5.397728E+03      0.000000E+00
     1.095000E+00        19     -5.893672E+03      0.000000E+00
     1.095500E+00        19     -5.891597E+03      0.000000E+00
     1.096000E+00        19     -6.020299E+03      0.000000E+00
     1.096500E+00        19     -6.058192E+03      0.000000E+00
     1.097000E+00        19     -6.982022E+03      0.000000E+00
     1.097500E+00        19     -7.412348E+03      0.000000E+00
     1.098000E+00        19     -7.511969E+03      0.000000E+00
     1.098500E+00        19     -8.134182E+03      0.000000E+00
     1.099000E+00        19     -7.927106E+03      0.000000E+00
     1.099500E+00        19     -9.089343E+03      0.000000E+00
     1.100000E+00        19     -9.879621E+03      0.000000E+00
     1.100500E+00        19     -9.066939E+03      0.000000E+00
     1.101000E+00        19     -1.036411E+04      0.000000E+00
     1.101500E+00        19     -1.127356E+04      0.000000E+00
     1.102000E+00        19     -1.018207E+04      0.000000E+00
     1.102500E+00        19     -1.127695E+04      0.000000E+00
     1.103000E+00        19     -1.008581E+04      0.000000E+00
     1.103500E+00        19     -1.128643E+04      0.000000E+00
     1.104000E+00        19     -1.131535E+04      0.000000E+00
     1.104500E+00        19     -9.746558E+03      0.000000E+00
     1.105000E+00        19     -1.005783E+04      0.000000E+00
     1.105500E+00        19     -8.648542E+03      0.000000E+00
     1.106000E+00        19     -8.487208E+03      0.000000E+00
     1.106500E+00        19     -7.069880E+03      0.000000E+00
     1.107000E+00        19     -5.475929E+03      0.000000E+00
     1.107500E+00        19     -4.177460E+03      0.000000E+00
     1.108000E+00        19     -2.432020E+03      0.000000E+00
     1.108500E+00        19     -7.825491E+02      0.000000E+00
     1.109000E+00        19      1.363987E+05      1.065435E+03
     1.109500E+00        19      1.138949E+05      2.325592E+03
     1.110000E+00        19      1.248771E+05      3.993984E+03
     1.110500E+00        19      1.286918E+05      5.486027E+03
     1.111000E+00        19      1.069211E+05      5.609256E+03
     1.111500E+00        19      1.122417E+05      6.910770E+03
     1.112000E+00        19      9.345863E+04      6.545161E+03
     1.112500E+00        19      1.023335E+05      7.973302E+03
     1.113000E+00        19      1.135010E+05      9.678753E+03
     1.113500E+00        19      8.648947E+04      7.971061E+03
     1.114000E+00        19      9.807922E+04      9.672737E+03
     1.114500E+00        19      8.578181E+04      8.980646E+03
     1.115000E+00        19      1.012624E+05      1.118003E+04
     1.115500E+00        19      1.060946E+05      1.228538E+04
     1.116000E+00        19      9.465472E+04      1.144266E+04
     1.116500E+00        19      1.046519E+05      1.315541E+04
     1.117000E+00        19      9.409725E+04      1.225823E+04
     1.117500E+00        19      1.014540E+05      1.365616E+04
     1.118000E+00        19      1.020246E+05      1.415298E+04
     1.118500E+00        19      9.749733E+04      1.390683E+04
     1.119000E+00        19      9.453088E+04      1.383641E+04
     1.119500E+00        19      9.050576E+04      1.356930E+04
     1.120000E+00        19      8.597241E+04      1.318169E+04
     1.120500E+00        19      7.818742E+04      1.224192E+04
     1.121000E+00        19      7.404186E+04      1.182282E+04
     1.121500E+00        19      6.573308E+04      1.069162E+04
     1.122000E+00        19      5.811202E+04      9.617715E+03
     1.122500E+00        19      5.245614E+04      8.825119E+03
     1.123000E+00        19      4.441547E+04      7.589007E+03
     1.123500E+00        19      3.972179E+04      6.887259E+03
     1.124000E+00        19      3.233595E+04      5.685117E+03
     1.124500E+00        19      2.645431E+04      4.712821E+03
     1.125000E+00        19      2.251369E+04      4.061440E+03
     1.125500E+00        19      1.654974E+04      3.021425E+03
     1.126000E+00        19      1.401175E+04      2.587364E+03
     1.126500E+00        19      1.043443E+04      1.947838E+03
     1.127000E+00        19      7.759519E+03      1.463617E+03
     1.127500E+00        19      5.851634E+03      1.114761E+03
     1.128000E+00        19      3.825321E+03      7.357005E+02
     1.128500E+00        19      2.341804E+03      4.545067E+02
     1.129000E+00        19      1.307689E+03      2.560291E+02
     1.129500E+00        19      5.203844E+02      1.027432E+02
     1.130000E+00        19      8.295771E+01      1.651151E+01
