     4.540000E-01        23     -3.300386E+01      0.000000E+00
     4.545000E-01        23     -1.693185E+02      0.000000E+00
     4.550000E-01        23     -4.262543E+02      0.000000E+00
     4.555000E-01        23     -7.118182E+02      0.000000E+00
     4.560000E-01        23     -1.182388E+03      0.000000E+00
     4.565000E-01        23     -1.637419E+03      0.000000E+00
     4.570000E-01        23     -2.204780E+03      0.000000E+00
     4.575000E-01        23     -2.966440E+03      0.000000E+00
     4.580000E-01        23     -3.491940E+03      0.000000E+00
     4.585000E-01        23     -4.236203E+03      0.000000E+00
     4.590000E-01        23     -4.583160E+03      0.000000E+00
     4.595000E-01        23     -5.307770E+03      0.000000E+00
     4.600000E-01        23     -6.024646E+03      0.000000E+00
     4.605000E-01        23     -6.349391E+03      0.000000E+00
     4.610000E-01        23     -6.878539E+03      0.000000E+00
     4.615000E-01        23     -6.858929E+03      0.000000E+00
     4.620000E-01        23     -7.555848E+03      0.000000E+00
     4.625000E-01        23     -8.051195E+03      0.000000E+00
     4.630000E-01        23     -8.333735E+03      0.000000E+00
     4.635000E-01        23     -8.689547E+03      0.000000E+00
     4.640000E-01        23     -9.370121E+03      0.000000E+00
     4.645000E-01        23     -9.330860E+03      0.000000E+00
     4.650000E-01        23     -1.028720E+04      0.000000E+00
     4.655000E-01        23     -1.024174E+04      0.000000E+00
     4.660000E-01        23     -1.118842E+04      0.000000E+00
     4.665000E-01        23     -1.123973E+04      0.000000E+00
     4.670000E-01        23     -1.167458E+04      0.000000E+00
     4.675000E-01        23     -1.203880E+04      0.000000E+00
     4.680000E-01        23     -1.207399E+04      0.000000E+00
     4.685000E-01        23     -1.187360E+04      0.000000E+00
     4.690000E-01        23     -1.152215E+04      0.000000E+00
     4.695000E-01        23     -1.156124E+04      0.000000E+00
     4.700000E-01        23     -1.096873E+04      0.000000E+00
     4.705000E-01        23     -9.562496E+03      0.000000E+00
     4.710000E-01        23     -9.672389E+03      0.000000E+00
     4.715000E-01        23     -8.635060E+03      0.000000E+00
     4.720000E-01        23     -7.527477E+03      0.000000E+00
     4.725000E-01        23     -6.839445E+03      0.000000E+00
     4.730000E-01        23     -6.332363E+03      0.000000E+00
     4.735000E-01        23     -4.509413E+03      0.000000E+00
     4.740000E-01        23     -3.545334E+03      0.000000E+00
     4.745000E-01        23     -2.078541E+03      0.000000E+00
     4.750000E-01        23     -5.637309E+02      0.000000E+00
     4.755000E-01        23      1.314091E+05      1.196482E+03
     4.760000E-01        23      1.261431E+05      2.725140E+03
     4.765000E-01        23      1.394596E+05      4.612256E+03
     4.770000E-01        23      1.302951E+05      5.685240E+03
     4.775000E-01        23      1.400119E+05      7.475358E+03
     4.780000E-01        23      1.505959E+05      9.402107E+03
     4.785000E-01        23      1.401728E+05      9.929132E+03
     4.790000E-01        23      1.471439E+05      1.157480E+04
     4.795000E-01        23      1.421475E+05      1.222101E+04
     4.800000E-01        23      1.424307E+05      1.322008E+04
     4.805000E-01        23      1.393392E+05      1.382762E+04
     4.810000E-01        23      1.411671E+05      1.486075E+04
     4.815000E-01        23      1.303103E+05      1.445822E+04
     4.820000E-01        23      1.289323E+05      1.499631E+04
     4.825000E-01        23      1.170313E+05      1.420472E+04
     4.830000E-01        23      1.122757E+05      1.416555E+04
     4.835000E-01        23      1.019656E+05      1.332785E+04
     4.840000E-01        23      9.567920E+04      1.291859E+04
     4.845000E-01        23      8.588063E+04      1.194739E+04
     4.850000E-01        23      7.730075E+04      1.105510E+04
     4.855000E-01        23      6.895977E+04      1.011830E+04
     4.860000E-01        23      6.360871E+04      9.558450E+03
     4.865000E-01        23      5.356890E+04      8.230936E+03
     4.870000E-01        23      5.070511E+04      7.954814E+03
     4.875000E-01        23      4.400501E+04      7.039775E+03
     4.880000E-01        23      4.139026E+04      6.744070E+03
     4.885000E-01        23      3.665902E+04      6.077252E+03
     4.890000E-01        23      3.433034E+04      5.784723E+03
     4.895000E-01        23      3.197753E+04      5.471912E+03
     4.900000E-01        23      2.903468E+04      5.041321E+03
     4.905000E-01        23      2.595714E+04      4.569714E+03
     4.910000E-01        23      2.306681E+04      4.114543E+03
     4.915000E-01        23      2.084558E+04      3.765045E+03
     4.920000E-01        23      1.822572E+04      3.331221E+03
     4.925000E-01        23      1.515586E+04      2.801696E+03
     4.930000E-01        23      1.222267E+04      2.284041E+03
     4.935000E-01        23      9.442929E+03      1.782926E+03
     4.940000E-01        23      6.866977E+03      1.309440E+03
     4.945000E-01        23      4.696570E+03      9.040901E+02
     4.950000E-01        23      2.860982E+03      5.557586E+02
     4.955000E-01        23      1.408820E+03      2.760618E+02
     4.960000E-01        23      4.758155E+02      9.401968E+01
     4.965000E-01        23      5.686221E+01      1.132639E+01
     5.440000E-01        23     -3.345524E+01      0.000000E+00
     5.445000E-01        23     -1.700178E+02      0.000000E+00
     5.450000E-01        23     -3.883466E+02      0.000000E+00
     5.455000E-01        23     -7.454516E+02      0.000000E+00
     5.460000E-01        23     -1.204984E+03      0.000000E+00
     5.465000E-01        23     -1.634496E+03      0.000000E+00
     5.470000E-01        23     -2.232211E+03      0.000000E+00
     5.475000E-01        23     -2.971161E+03      0.000000E+00
     5.480000E-01        23     -3.484278E+03      0.000000E+00
     5.485000E-01        23     -4.272655E+03      0.000000E+00
     5.490000E-01        23     -4.537187E+03      0.000000E+00
     5.495000E-01        23     -5.308394E+03      0.000000E+00
     5.500000E-01        23     -6.005927E+03      0.000000E+00
     5.505000E-01        23     -6.252179E+03      0.000000E+00
     5.510000E-01        23     -6.863443E+03      0.000000E+00
     5.515000E-01        23     -6.740238E+03      0.000000E+00
     5.520000E-01        23     -7.424874E+03      0.000000E+00
     5.525000E-01        23     -7.972343E+03      0.000000E+00
     5.530000E-01        23     -8.137154E+03      0.000000E+00
     5.535000E-01        23     -8.555470E+03      0.000000E+00
     5.540000E-01        23     -8.754693E+03      0.000000E+00
     5.545000E-01        23     -9.368912E+03      0.000000E+00
     5.550000E-01        23     -1.026077E+04      0.000000E+00
     5.555000E-01        23     -1.024719E+04      0.000000E+00
     5.560000E-01        23     -1.097803E+04      0.000000E+00
     5.565000E-01        23     -1.127006E+04      0.000000E+00
     5.570000E-01        23     -1.153760E+04      0.000000E+00
     5.575000E-01        23     -1.187287E+04      0.000000E+00
     5.580000E-01        23     -1.215129E+04      0.000000E+00
     5.585000E-01        23     -1.158270E+04      0.000000E+00
     5.590000E-01        23     -1.156375E+04      0.000000E+00
     5.595000E-01        23     -1.145652E+04      0.000000E+00
     5.600000E-01        23     -1.078769E+04      0.000000E+00
     5.605000E-01        23     -9.643426E+03      0.000000E+00
     5.610000E-01        23     -9.461652E+03      0.000000E+00
     5.615000E-01        23     -8.631876E+03      0.000000E+00
     5.620000E-01        23     -7.483409E+03      0.000000E+00
     5.625000E-01        23     -6.737264E+03      0.000000E+00
     5.630000E-01        23     -5.653791E+03      0.000000E+00
     5.635000E-01        23     -4.777488E+03      0.000000E+00
     5.640000E-01        23     -3.609770E+03      0.000000E+00
     5.645000E-01        23     -2.087603E+03      0.000000E+00
     5.650000E-01        23     -5.454856E+02      0.000000E+00
     5.655000E-01        23      1.324281E+05      1.230646E+03
     5.660000E-01        23      1.271872E+05      2.769588E+03
     5.665000E-01        23      1.407901E+05      4.678538E+03
     5.670000E-01        23      1.300550E+05      5.693748E+03
     5.675000E-01        23      1.413770E+05      7.567340E+03
     5.680000E-01        23      1.506550E+05      9.424681E+03
     5.685000E-01        23      1.393878E+05      9.889781E+03
     5.690000E-01        23      1.486827E+05      1.171202E+04
     5.695000E-01        23      1.402704E+05      1.207391E+04
     5.700000E-01        23      1.427569E+05      1.326398E+04
     5.705000E-01        23      1.391591E+05      1.382221E+04
     5.710000E-01        23      1.389685E+05      1.464102E+04
     5.715000E-01        23      1.312300E+05      1.457068E+04
     5.720000E-01        23      1.270007E+05      1.478117E+04
     5.725000E-01        23      1.163301E+05      1.412786E+04
     5.730000E-01        23      1.122734E+05      1.417279E+04
     5.735000E-01        23      1.000786E+05      1.308757E+04
     5.740000E-01        23      9.597456E+04      1.296427E+04
     5.745000E-01        23      8.498887E+04      1.182822E+04
     5.750000E-01        23      7.661039E+04      1.096056E+04
     5.755000E-01        23      6.924058E+04      1.016312E+04
     5.760000E-01        23      6.298157E+04      9.467347E+03
     5.765000E-01        23      5.371555E+04      8.256025E+03
     5.770000E-01        23      5.086754E+04      7.982611E+03
     5.775000E-01        23      4.385423E+04      7.017564E+03
     5.780000E-01        23      4.183428E+04      6.818164E+03
     5.785000E-01        23      3.679346E+04      6.101012E+03
     5.790000E-01        23      3.451549E+04      5.817248E+03
     5.795000E-01        23      3.234179E+04      5.535436E+03
     5.800000E-01        23      2.917017E+04      5.065880E+03
     5.805000E-01        23      2.620853E+04      4.614866E+03
     5.810000E-01        23      2.448156E+04      4.367706E+03
     5.815000E-01        23      2.043105E+04      3.690821E+03
     5.820000E-01        23      1.819355E+04      3.325897E+03
     5.825000E-01        23      1.515401E+04      2.801800E+03
     5.830000E-01        23      1.223251E+04      2.286228E+03
     5.835000E-01        23      9.479736E+03      1.790136E+03
     5.840000E-01        23      6.878625E+03      1.311844E+03
     5.845000E-01        23      4.700690E+03      9.050040E+02
     5.850000E-01        23      2.868608E+03      5.573112E+02
     5.855000E-01        23      1.402764E+03      2.749089E+02
     5.860000E-01        23      4.721885E+02      9.331400E+01
     5.865000E-01        23      5.428056E+01      1.081338E+01
     1.084000E+00        23     -4.131226E+01      0.000000E+00
     1.084500E+00        23     -1.886368E+02      0.000000E+00
     1.085000E+00        23     -4.158383E+02      0.000000E+00
     1.085500E+00        23     -7.828402E+02      0.000000E+00
     1.086000E+00        23     -1.250600E+03      0.000000E+00
     1.086500E+00        23     -1.681346E+03      0.000000E+00
     1.087000E+00        23     -2.280229E+03      0.000000E+00
     1.087500E+00        23     -2.915445E+03      0.000000E+00
     1.088000E+00        23     -3.602681E+03      0.000000E+00
     1.088500E+00        23     -4.376564E+03      0.000000E+00
     1.089000E+00        23     -4.622565E+03      0.000000E+00
     1.089500E+00        23     -5.376043E+03      0.000000E+00
     1.090000E+00        23     -5.881608E+03      0.000000E+00
     1.090500E+00        23     -6.467132E+03      0.000000E+00
     1.091000E+00        23     -7.073122E+03      0.000000E+00
     1.091500E+00        23     -6.942266E+03      0.000000E+00
     1.092000E+00        23     -7.565142E+03      0.000000E+00
     1.092500E+00        23     -8.239170E+03      0.000000E+00
     1.093000E+00        23     -8.280963E+03      0.000000E+00
     1.093500E+00        23     -8.791399E+03      0.000000E+00
     1.094000E+00        23     -8.967755E+03      0.000000E+00
     1.094500E+00        23     -9.519273E+03      0.000000E+00
     1.095000E+00        23     -1.055257E+04      0.000000E+00
     1.095500E+00        23     -1.032853E+04      0.000000E+00
     1.096000E+00        23     -1.122873E+04      0.000000E+00
     1.096500E+00        23     -1.140757E+04      0.000000E+00
     1.097000E+00        23     -1.162206E+04      0.000000E+00
     1.097500E+00        23     -1.213019E+04      0.000000E+00
     1.098000E+00        23     -1.211076E+04      0.000000E+00
     1.098500E+00        23     -1.180137E+04      0.000000E+00
     1.099000E+00        23     -1.159627E+04      0.000000E+00
     1.099500E+00        23     -1.147097E+04      0.000000E+00
     1.100000E+00        23     -1.094508E+04      0.000000E+00
     1.100500E+00        23     -9.541011E+03      0.000000E+00
     1.101000E+00        23     -9.567854E+03      0.000000E+00
     1.101500E+00        23     -8.590740E+03      0.000000E+00
     1.102000E+00        23     -7.435176E+03      0.000000E+00
     1.102500E+00        23     -6.739577E+03      0.000000E+00
     1.103000E+00        23     -5.541421E+03      0.000000E+00
     1.103500E+00        23     -4.707445E+03      0.000000E+00
     1.104000E+00        23     -3.494626E+03      0.000000E+00
     1.104500E+00        23     -1.957336E+03      0.000000E+00
     1.105000E+00        23     -3.950454E+02      0.000000E+00
     1.105500E+00        23      1.250388E+05      1.302329E+03
     1.106000E+00        23      1.310549E+05      2.988574E+03
     1.106500E+00        23      1.417079E+05      4.843022E+03
     1.107000E+00        23      1.310903E+05      5.853426E+03
     1.107500E+00        23      1.408812E+05      7.654538E+03
     1.108000E+00        23      1.445638E+05      9.151953E+03
     1.108500E+00        23      1.433068E+05      1.026778E+04
     1.109000E+00        23      1.490933E+05      1.184137E+04
     1.109500E+00        23      1.424624E+05      1.234927E+04
     1.110000E+00        23      1.422214E+05      1.329532E+04
     1.110500E+00        23      1.399717E+05      1.397787E+04
     1.111000E+00        23      1.399469E+05      1.481461E+04
     1.111500E+00        23      1.301807E+05      1.451599E+04
     1.112000E+00        23      1.284829E+05      1.501129E+04
     1.112500E+00        23      1.155622E+05      1.408361E+04
     1.113000E+00        23      1.124491E+05      1.424014E+04
     1.113500E+00        23      1.005526E+05      1.318787E+04
     1.114000E+00        23      9.498718E+04      1.286526E+04
     1.114500E+00        23      8.552508E+04      1.193227E+04
     1.115000E+00        23      7.580788E+04      1.087059E+04
     1.115500E+00        23      6.908423E+04      1.016175E+04
     1.116000E+00        23      6.254434E+04      9.420269E+03
     1.116500E+00        23      5.310895E+04      8.177919E+03
     1.117000E+00        23      5.047134E+04      7.934185E+03
     1.117500E+00        23      4.311264E+04      6.910136E+03
     1.118000E+00        23      4.145856E+04      6.767289E+03
     1.118500E+00        23      3.599336E+04      5.976966E+03
     1.119000E+00        23      3.410674E+04      5.756202E+03
     1.119500E+00        23      3.168946E+04      5.430790E+03
     1.120000E+00        23      2.854710E+04      4.963739E+03
     1.120500E+00        23      2.582632E+04      4.552844E+03
     1.121000E+00        23      2.378717E+04      4.248502E+03
     1.121500E+00        23      2.007253E+04      3.629863E+03
     1.122000E+00        23      1.772470E+04      3.243429E+03
     1.122500E+00        23      1.470263E+04      2.720939E+03
     1.123000E+00        23      1.194209E+04      2.233984E+03
     1.123500E+00        23      9.533903E+03      1.801933E+03
     1.124000E+00        23      6.466597E+03      1.234293E+03
     1.124500E+00        23      4.447957E+03      8.570304E+02
     1.125000E+00        23      2.685465E+03      5.221300E+02
     1.125500E+00        23      1.295868E+03      2.541465E+02
     1.126000E+00        23      4.139279E+02      8.185830E+01
     1.126500E+00        23      3.695161E+01      7.366230E+00
     1.174000E+00        23     -4.198357E+01      0.000000E+00
     1.174500E+00        23     -1.900629E+02      0.000000E+00
     1.175000E+00        23     -4.146122E+02      0.000000E+00
     1.175500E+00        23     -7.846628E+02      0.000000E+00
     1.176000E+00        23     -1.250937E+03      0.000000E+00
     1.176500E+00        23     -1.670332E+03      0.000000E+00
     1.177000E+00        23     -2.293687E+03      0.000000E+00
     1.177500E+00        23     -2.892400E+03      0.000000E+00
     1.178000E+00        23     -3.603180E+03      0.000000E+00
     1.178500E+00        23     -4.374244E+03      0.000000E+00
     1.179000E+00        23     -4.572901E+03      0.000000E+00
     1.179500E+00        23     -5.383644E+03      0.000000E+00
     1.180000E+00        23     -5.817994E+03      0.000000E+00
     1.180500E+00        23     -6.415863E+03      0.000000E+00
     1.181000E+00        23     -7.019654E+03      0.000000E+00
     1.181500E+00        23     -6.835886E+03      0.000000E+00
     1.182000E+00        23     -7.463887E+03      0.000000E+00
     1.182500E+00        23     -8.138641E+03      0.000000E+00
     1.183000E+00        23     -8.131196E+03      0.000000E+00
     1.183500E+00        23     -8.643000E+03      0.000000E+00
     1.184000E+00        23     -8.880208E+03      0.000000E+00
     1.184500E+00        23     -9.270605E+03      0.000000E+00
     1.185000E+00        23     -1.048784E+04      0.000000E+00
     1.185500E+00        23     -1.015653E+04      0.000000E+00
     1.186000E+00        23     -1.102857E+04      0.000000E+00
     1.186500E+00        23     -1.141676E+04      0.000000E+00
     1.187000E+00        23     -1.134516E+04      0.000000E+00
     1.187500E+00        23     -1.210970E+04      0.000000E+00
     1.188000E+00        23     -1.201046E+04      0.000000E+00
     1.188500E+00        23     -1.160410E+04      0.000000E+00
     1.189000E+00        23     -1.166247E+04      0.000000E+00
     1.189500E+00        23     -1.127430E+04      0.000000E+00
     1.190000E+00        23     -1.090577E+04      0.000000E+00
     1.190500E+00        23     -9.528949E+03      0.000000E+00
     1.191000E+00        23     -9.399889E+03      0.000000E+00
     1.191500E+00        23     -8.631449E+03      0.000000E+00
     1.192000E+00        23     -7.341969E+03      0.000000E+00
     1.192500E+00        23     -6.688233E+03      0.000000E+00
     1.193000E+00        23     -5.547962E+03      0.000000E+00
     1.193500E+00        23     -4.644328E+03      0.000000E+00
     1.194000E+00        23     -3.481865E+03      0.000000E+00
     1.194500E+00        23     -1.932577E+03      0.000000E+00
     1.195000E+00        23     -3.697925E+02      0.000000E+00
     1.195500E+00        23      1.250706E+05      1.325952E+03
     1.196000E+00        23      1.315650E+05      3.022657E+03
     1.196500E+00        23      1.418246E+05      4.869267E+03
     1.197000E+00        23      1.310006E+05      5.868392E+03
     1.197500E+00        23      1.421152E+05      7.740634E+03
     1.198000E+00        23      1.437662E+05      9.119352E+03
     1.198500E+00        23      1.440089E+05      1.033477E+04
     1.199000E+00        23      1.494236E+05      1.188376E+04
     1.199500E+00        23      1.412848E+05      1.226146E+04
     1.200000E+00        23      1.433710E+05      1.341637E+04
     1.200500E+00        23      1.388219E+05      1.387540E+04
     1.201000E+00        23      1.394588E+05      1.477461E+04
     1.201500E+00        23      1.305428E+05      1.456668E+04
     1.202000E+00        23      1.267176E+05      1.481448E+04
     1.202500E+00        23      1.158293E+05      1.412433E+04
     1.203000E+00        23      1.115396E+05      1.413242E+04
     1.203500E+00        23      9.946789E+04      1.305191E+04
     1.204000E+00        23      9.527552E+04      1.291005E+04
     1.204500E+00        23      8.434643E+04      1.177266E+04
     1.205000E+00        23      7.580711E+04      1.087461E+04
     1.205500E+00        23      6.890468E+04      1.013892E+04
     1.206000E+00        23      6.200606E+04      9.342269E+03
     1.206500E+00        23      5.351547E+04      8.243051E+03
     1.207000E+00        23      5.023563E+04      7.899407E+03
     1.207500E+00        23      4.332775E+04      6.946494E+03
     1.208000E+00        23      4.165103E+04      6.800436E+03
     1.208500E+00        23      3.609812E+04      5.995801E+03
     1.209000E+00        23      3.436562E+04      5.801208E+03
     1.209500E+00        23      3.187661E+04      5.464036E+03
     1.210000E+00        23      2.877525E+04      5.004426E+03
     1.210500E+00        23      2.596191E+04      4.577629E+03
     1.211000E+00        23      2.401547E+04      4.290063E+03
     1.211500E+00        23      2.015812E+04      3.645975E+03
     1.212000E+00        23      1.785082E+04      3.267051E+03
     1.212500E+00        23      1.481756E+04      2.742644E+03
     1.213000E+00        23      1.196664E+04      2.238915E+03
     1.213500E+00        23      9.615849E+03      1.817684E+03
     1.214000E+00        23      6.478380E+03      1.236713E+03
     1.214500E+00        23      4.461888E+03      8.598287E+02
     1.215000E+00        23      2.693910E+03      5.238386E+02
     1.215500E+00        23      1.290128E+03      2.530518E+02
     1.216000E+00        23      4.105518E+02      8.120018E+01
     1.216500E+00        23      3.478306E+01      6.934715E+00
