     5.185000E-01        26     -3.195268E+00      0.000000E+00
     5.190000E-01        26     -7.014906E+01      0.000000E+00
     5.195000E-01        26     -1.777918E+02      0.000000E+00
     5.200000E-01        26     -4.004030E+02      0.000000E+00
     5.205000E-01        26     -6.939012E+02      0.000000E+00
     5.210000E-01        26     -8.796746E+02      0.000000E+00
     5.215000E-01        26     -1.365583E+03      0.000000E+00
     5.220000E-01        26     -1.593513E+03      0.000000E+00
     5.225000E-01        26     -2.379530E+03      0.000000E+00
     5.230000E-01        26     -2.991933E+03      0.000000E+00
     5.235000E-01        26     -3.509939E+03      0.000000E+00
     5.240000E-01        26     -4.394219E+03      0.000000E+00
     5.245000E-01        26     -4.899999E+03      0.000000E+00
     5.250000E-01        26     -6.170991E+03      0.000000E+00
     5.255000E-01        26     -7.171424E+03      0.000000E+00
     5.260000E-01        26     -7.992966E+03      0.000000E+00
     5.265000E-01        26     -8.708493E+03      0.000000E+00
     5.270000E-01        26     -9.679683E+03      0.000000E+00
     5.275000E-01        26     -1.114073E+04      0.000000E+00
     5.280000E-01        26     -1.149502E+04      0.000000E+00
     5.285000E-01        26     -1.277121E+04      0.000000E+00
     5.290000E-01        26     -1.293662E+04      0.000000E+00
     5.295000E-01        26     -1.400758E+04      0.000000E+00
     5.300000E-01        26     -1.494552E+04      0.000000E+00
     5.305000E-01        26     -1.454580E+04      0.000000E+00
     5.310000E-01        26     -1.641099E+04      0.000000E+00
     5.315000E-01        26     -1.537628E+04      0.000000E+00
     5.320000E-01        26     -1.506104E+04      0.000000E+00
     5.325000E-01        26     -1.610705E+04      0.000000E+00
     5.330000E-01        26     -1.427762E+04      0.000000E+00
     5.335000E-01        26     -1.581970E+04      0.000000E+00
     5.340000E-01        26     -1.365074E+04      0.000000E+00
     5.345000E-01        26     -1.211736E+04      0.000000E+00
     5.350000E-01        26     -1.280082E+04      0.000000E+00
     5.355000E-01        26     -1.028485E+04      0.000000E+00
     5.360000E-01        26     -1.051007E+04      0.000000E+00
     5.365000E-01        26     -8.092576E+03      0.000000E+00
     5.370000E-01        26     -6.894655E+03      0.000000E+00
     5.375000E-01        26     -6.787242E+03      0.000000E+00
     5.380000E-01        26     -4.655576E+03      0.000000E+00
     5.385000E-01        26     -3.636291E+03      0.000000E+00
     5.390000E-01        26     -2.807926E+03      0.000000E+00
     5.395000E-01        26     -1.319014E+03      0.000000E+00
     5.400000E-01        26      1.143172E+05      1.366341E+02
     5.405000E-01        26      1.112097E+05      1.597785E+03
     5.410000E-01        26      1.103162E+05      2.915343E+03
     5.415000E-01        26      1.270441E+05      4.765406E+03
     5.420000E-01        26      1.187951E+05      5.670036E+03
     5.425000E-01        26      1.316915E+05      7.530559E+03
     5.430000E-01        26      1.240732E+05      8.183138E+03
     5.435000E-01        26      1.260795E+05      9.344183E+03
     5.440000E-01        26      1.347423E+05      1.101153E+04
     5.445000E-01        26      1.228464E+05      1.091325E+04
     5.450000E-01        26      1.359156E+05      1.298008E+04
     5.455000E-01        26      1.271347E+05      1.293694E+04
     5.460000E-01        26      1.157337E+05      1.245792E+04
     5.465000E-01        26      1.243527E+05      1.407534E+04
     5.470000E-01        26      1.083406E+05      1.283011E+04
     5.475000E-01        26      1.050673E+05      1.296253E+04
     5.480000E-01        26      1.074827E+05      1.376429E+04
     5.485000E-01        26      9.731220E+04      1.289437E+04
     5.490000E-01        26      9.865254E+04      1.348835E+04
     5.495000E-01        26      8.508455E+04      1.197471E+04
     5.500000E-01        26      7.892057E+04      1.140872E+04
     5.505000E-01        26      8.400006E+04      1.244891E+04
     5.510000E-01        26      7.009709E+04      1.063205E+04
     5.515000E-01        26      7.488760E+04      1.160723E+04
     5.520000E-01        26      5.798510E+04      9.171471E+03
     5.525000E-01        26      5.190986E+04      8.368259E+03
     5.530000E-01        26      5.236492E+04      8.594032E+03
     5.535000E-01        26      4.160244E+04      6.943829E+03
     5.540000E-01        26      3.992381E+04      6.770594E+03
     5.545000E-01        26      3.014748E+04      5.190217E+03
     5.550000E-01        26      2.525917E+04      4.411119E+03
     5.555000E-01        26      2.239910E+04      3.964952E+03
     5.560000E-01        26      1.728627E+04      3.099512E+03
     5.565000E-01        26      1.371136E+04      2.488775E+03
     5.570000E-01        26      1.172436E+04      2.153058E+03
     5.575000E-01        26      9.079221E+03      1.685943E+03
     5.580000E-01        26      6.946224E+03      1.303626E+03
     5.585000E-01        26      5.171773E+03      9.805070E+02
     5.590000E-01        26      3.663063E+03      7.012498E+02
     5.595000E-01        26      2.736593E+03      5.287837E+02
     5.600000E-01        26      1.643669E+03      3.204464E+02
     5.605000E-01        26      8.550126E+02      1.681243E+02
     5.610000E-01        26      2.406252E+02      4.770559E+01
     5.615000E-01        26      2.479178E+00      4.954133E-01
     6.085000E-01        26     -3.547685E+00      0.000000E+00
     6.090000E-01        26     -7.206084E+01      0.000000E+00
     6.095000E-01        26     -1.807221E+02      0.000000E+00
     6.100000E-01        26     -4.059352E+02      0.000000E+00
     6.105000E-01        26     -7.027768E+02      0.000000E+00
     6.110000E-01        26     -8.866104E+02      0.000000E+00
     6.115000E-01        26     -1.392082E+03      0.000000E+00
     6.120000E-01        26     -1.605240E+03      0.000000E+00
     6.125000E-01        26     -2.423874E+03      0.000000E+00
     6.130000E-01        26     -3.046924E+03      0.000000E+00
     6.135000E-01        26     -3.545383E+03      0.000000E+00
     6.140000E-01        26     -4.527133E+03      0.000000E+00
     6.145000E-01        26     -4.952492E+03      0.000000E+00
     6.150000E-01        26     -6.321042E+03      0.000000E+00
     6.155000E-01        26     -7.331159E+03      0.000000E+00
     6.160000E-01        26     -8.084775E+03      0.000000E+00
     6.165000E-01        26     -8.968909E+03      0.000000E+00
     6.170000E-01        26     -9.775738E+03      0.000000E+00
     6.175000E-01        26     -1.135065E+04      0.000000E+00
     6.180000E-01        26     -1.169372E+04      0.000000E+00
     6.185000E-01        26     -1.286449E+04      0.000000E+00
     6.190000E-01        26     -1.317494E+04      0.000000E+00
     6.195000E-01        26     -1.408928E+04      0.000000E+00
     6.200000E-01        26     -1.508740E+04      0.000000E+00
     6.205000E-01        26     -1.468687E+04      0.000000E+00
     6.210000E-01        26     -1.648046E+04      0.000000E+00
     6.215000E-01        26     -1.550886E+04      0.000000E+00
     6.220000E-01        26     -1.515447E+04      0.000000E+00
     6.225000E-01        26     -1.620507E+04      0.000000E+00
     6.230000E-01        26     -1.440765E+04      0.000000E+00
     6.235000E-01        26     -1.593950E+04      0.000000E+00
     6.240000E-01        26     -1.377517E+04      0.000000E+00
     6.245000E-01        26     -1.226153E+04      0.000000E+00
     6.250000E-01        26     -1.293595E+04      0.000000E+00
     6.255000E-01        26     -1.042368E+04      0.000000E+00
     6.260000E-01        26     -1.065406E+04      0.000000E+00
     6.265000E-01        26     -8.219483E+03      0.000000E+00
     6.270000E-01        26     -7.006845E+03      0.000000E+00
     6.275000E-01        26     -6.901758E+03      0.000000E+00
     6.280000E-01        26     -4.733897E+03      0.000000E+00
     6.285000E-01        26     -3.703446E+03      0.000000E+00
     6.290000E-01        26     -2.845756E+03      0.000000E+00
     6.295000E-01        26     -1.325177E+03      0.000000E+00
     6.300000E-01        26      1.171779E+05      1.632871E+02
     6.305000E-01        26      1.154713E+05      1.679935E+03
     6.310000E-01        26      1.169772E+05      3.110815E+03
     6.315000E-01        26      1.360541E+05      5.124189E+03
     6.320000E-01        26      1.315659E+05      6.298177E+03
     6.325000E-01        26      1.457177E+05      8.351706E+03
     6.330000E-01        26      1.412050E+05      9.330233E+03
     6.335000E-01        26      1.434778E+05      1.064988E+04
     6.340000E-01        26      1.506451E+05      1.232710E+04
     6.345000E-01        26      1.395707E+05      1.241279E+04
     6.350000E-01        26      1.486446E+05      1.420952E+04
     6.355000E-01        26      1.392685E+05      1.418381E+04
     6.360000E-01        26      1.255572E+05      1.352567E+04
     6.365000E-01        26      1.308406E+05      1.481984E+04
     6.370000E-01        26      1.145396E+05      1.357262E+04
     6.375000E-01        26      1.079377E+05      1.332414E+04
     6.380000E-01        26      1.091546E+05      1.398556E+04
     6.385000E-01        26      9.811067E+04      1.300628E+04
     6.390000E-01        26      9.737541E+04      1.331950E+04
     6.395000E-01        26      8.391703E+04      1.181512E+04
     6.400000E-01        26      7.698846E+04      1.113355E+04
     6.405000E-01        26      8.153122E+04      1.208720E+04
     6.410000E-01        26      6.837156E+04      1.037367E+04
     6.415000E-01        26      7.269492E+04      1.127077E+04
     6.420000E-01        26      5.635620E+04      8.916347E+03
     6.425000E-01        26      5.074877E+04      8.183254E+03
     6.430000E-01        26      5.114559E+04      8.396017E+03
     6.435000E-01        26      4.113912E+04      6.868115E+03
     6.440000E-01        26      3.953610E+04      6.706338E+03
     6.445000E-01        26      3.004756E+04      5.174105E+03
     6.450000E-01        26      2.546041E+04      4.447151E+03
     6.455000E-01        26      2.261126E+04      4.003267E+03
     6.460000E-01        26      1.763761E+04      3.163080E+03
     6.465000E-01        26      1.411259E+04      2.562043E+03
     6.470000E-01        26      1.205428E+04      2.214008E+03
     6.475000E-01        26      9.421481E+03      1.749772E+03
     6.480000E-01        26      7.219854E+03      1.355182E+03
     6.485000E-01        26      5.373114E+03      1.018824E+03
     6.490000E-01        26      3.828474E+03      7.330160E+02
     6.495000E-01        26      2.826043E+03      5.461395E+02
     6.500000E-01        26      1.695139E+03      3.305225E+02
     6.505000E-01        26      8.735977E+02      1.717995E+02
     6.510000E-01        26      2.423114E+02      4.804547E+01
     6.515000E-01        26      1.934186E+00      3.865510E-01
     1.148500E+00        26     -5.856338E+00      0.000000E+00
     1.149000E+00        26     -8.111468E+01      0.000000E+00
     1.149500E+00        26     -1.924468E+02      0.000000E+00
     1.150000E+00        26     -4.220779E+02      0.000000E+00
     1.150500E+00        26     -5.629024E+02      0.000000E+00
     1.151000E+00        26     -1.035636E+03      0.000000E+00
     1.151500E+00        26     -1.466320E+03      0.000000E+00
     1.152000E+00        26     -1.681392E+03      0.000000E+00
     1.152500E+00        26     -2.456809E+03      0.000000E+00
     1.153000E+00        26     -2.640818E+03      0.000000E+00
     1.153500E+00        26     -3.882865E+03      0.000000E+00
     1.154000E+00        26     -4.599231E+03      0.000000E+00
     1.154500E+00        26     -5.158208E+03      0.000000E+00
     1.155000E+00        26     -6.248468E+03      0.000000E+00
     1.155500E+00        26     -7.390291E+03      0.000000E+00
     1.156000E+00        26     -8.113403E+03      0.000000E+00
     1.156500E+00        26     -8.747273E+03      0.000000E+00
     1.157000E+00        26     -9.883941E+03      0.000000E+00
     1.157500E+00        26     -1.107908E+04      0.000000E+00
     1.158000E+00        26     -1.161446E+04      0.000000E+00
     1.158500E+00        26     -1.280207E+04      0.000000E+00
     1.159000E+00        26     -1.284930E+04      0.000000E+00
     1.159500E+00        26     -1.465870E+04      0.000000E+00
     1.160000E+00        26     -1.452015E+04      0.000000E+00
     1.160500E+00        26     -1.448026E+04      0.000000E+00
     1.161000E+00        26     -1.624696E+04      0.000000E+00
     1.161500E+00        26     -1.522403E+04      0.000000E+00
     1.162000E+00        26     -1.625468E+04      0.000000E+00
     1.162500E+00        26     -1.528765E+04      0.000000E+00
     1.163000E+00        26     -1.407228E+04      0.000000E+00
     1.163500E+00        26     -1.544842E+04      0.000000E+00
     1.164000E+00        26     -1.353273E+04      0.000000E+00
     1.164500E+00        26     -1.198815E+04      0.000000E+00
     1.165000E+00        26     -1.262244E+04      0.000000E+00
     1.165500E+00        26     -1.029541E+04      0.000000E+00
     1.166000E+00        26     -1.035910E+04      0.000000E+00
     1.166500E+00        26     -8.086821E+03      0.000000E+00
     1.167000E+00        26     -6.838581E+03      0.000000E+00
     1.167500E+00        26     -6.705268E+03      0.000000E+00
     1.168000E+00        26     -4.619448E+03      0.000000E+00
     1.168500E+00        26     -4.033317E+03      0.000000E+00
     1.169000E+00        26     -2.508008E+03      0.000000E+00
     1.169500E+00        26     -1.154032E+03      0.000000E+00
     1.170000E+00        26      1.137185E+05      2.931275E+02
     1.170500E+00        26      1.100776E+05      1.720604E+03
     1.171000E+00        26      1.246263E+05      3.437993E+03
     1.171500E+00        26      1.180032E+05      4.552241E+03
     1.172000E+00        26      1.158386E+05      5.643152E+03
     1.172500E+00        26      1.300902E+05      7.557857E+03
     1.173000E+00        26      1.220573E+05      8.153808E+03
     1.173500E+00        26      1.256675E+05      9.413040E+03
     1.174000E+00        26      1.333119E+05      1.099311E+04
     1.174500E+00        26      1.225065E+05      1.096774E+04
     1.175000E+00        26      1.357709E+05      1.305431E+04
     1.175500E+00        26      1.262943E+05      1.292839E+04
     1.176000E+00        26      1.161613E+05      1.257061E+04
     1.176500E+00        26      1.240569E+05      1.410901E+04
     1.177000E+00        26      1.079112E+05      1.283446E+04
     1.177500E+00        26      1.156187E+05      1.432024E+04
     1.178000E+00        26      1.015572E+05      1.305205E+04
     1.178500E+00        26      9.628309E+04      1.279992E+04
     1.179000E+00        26      9.630926E+04      1.320780E+04
     1.179500E+00        26      8.405013E+04      1.186221E+04
     1.180000E+00        26      8.985258E+04      1.302274E+04
     1.180500E+00        26      7.678171E+04      1.140660E+04
     1.181000E+00        26      6.868676E+04      1.044159E+04
     1.181500E+00        26      7.144119E+04      1.109637E+04
     1.182000E+00        26      5.714540E+04      9.056498E+03
     1.182500E+00        26      5.107734E+04      8.249322E+03
     1.183000E+00        26      5.079583E+04      8.351075E+03
     1.183500E+00        26      4.175795E+04      6.981267E+03
     1.184000E+00        26      3.892785E+04      6.611971E+03
     1.184500E+00        26      2.992333E+04      5.159220E+03
     1.185000E+00        26      2.516375E+04      4.400595E+03
     1.185500E+00        26      2.192893E+04      3.886875E+03
     1.186000E+00        26      1.731473E+04      3.108531E+03
     1.186500E+00        26      1.540136E+04      2.798887E+03
     1.187000E+00        26      1.069758E+04      1.966750E+03
     1.187500E+00        26      8.774912E+03      1.631216E+03
     1.188000E+00        26      6.600837E+03      1.240099E+03
     1.188500E+00        26      5.015078E+03      9.517489E+02
     1.189000E+00        26      3.779311E+03      7.241957E+02
     1.189500E+00        26      2.493734E+03      4.822984E+02
     1.190000E+00        26      1.527877E+03      2.981336E+02
     1.190500E+00        26      7.701250E+02      1.515603E+02
     1.191000E+00        26      1.982665E+02      3.933955E+01
     1.191500E+00        26      1.789925E-02      3.579592E-03
     1.238500E+00        26     -6.329258E+00      0.000000E+00
     1.239000E+00        26     -8.321089E+01      0.000000E+00
     1.239500E+00        26     -1.949211E+02      0.000000E+00
     1.240000E+00        26     -4.285356E+02      0.000000E+00
     1.240500E+00        26     -5.689739E+02      0.000000E+00
     1.241000E+00        26     -1.044027E+03      0.000000E+00
     1.241500E+00        26     -1.493975E+03      0.000000E+00
     1.242000E+00        26     -1.686077E+03      0.000000E+00
     1.242500E+00        26     -2.513615E+03      0.000000E+00
     1.243000E+00        26     -2.680564E+03      0.000000E+00
     1.243500E+00        26     -3.930573E+03      0.000000E+00
     1.244000E+00        26     -4.734059E+03      0.000000E+00
     1.244500E+00        26     -5.191383E+03      0.000000E+00
     1.245000E+00        26     -6.432866E+03      0.000000E+00
     1.245500E+00        26     -7.516164E+03      0.000000E+00
     1.246000E+00        26     -8.223066E+03      0.000000E+00
     1.246500E+00        26     -9.013623E+03      0.000000E+00
     1.247000E+00        26     -9.939650E+03      0.000000E+00
     1.247500E+00        26     -1.133109E+04      0.000000E+00
     1.248000E+00        26     -1.176568E+04      0.000000E+00
     1.248500E+00        26     -1.289307E+04      0.000000E+00
     1.249000E+00        26     -1.310608E+04      0.000000E+00
     1.249500E+00        26     -1.467757E+04      0.000000E+00
     1.250000E+00        26     -1.470630E+04      0.000000E+00
     1.250500E+00        26     -1.458190E+04      0.000000E+00
     1.251000E+00        26     -1.629683E+04      0.000000E+00
     1.251500E+00        26     -1.540013E+04      0.000000E+00
     1.252000E+00        26     -1.628709E+04      0.000000E+00
     1.252500E+00        26     -1.543107E+04      0.000000E+00
     1.253000E+00        26     -1.416740E+04      0.000000E+00
     1.253500E+00        26     -1.555959E+04      0.000000E+00
     1.254000E+00        26     -1.367342E+04      0.000000E+00
     1.254500E+00        26     -1.385017E+04      0.000000E+00
     1.255000E+00        26     -1.185822E+04      0.000000E+00
     1.255500E+00        26     -1.009231E+04      0.000000E+00
     1.256000E+00        26     -1.024011E+04      0.000000E+00
     1.256500E+00        26     -8.085868E+03      0.000000E+00
     1.257000E+00        26     -6.841310E+03      0.000000E+00
     1.257500E+00        26     -6.733775E+03      0.000000E+00
     1.258000E+00        26     -4.662504E+03      0.000000E+00
     1.258500E+00        26     -4.070486E+03      0.000000E+00
     1.259000E+00        26     -2.532170E+03      0.000000E+00
     1.259500E+00        26     -1.157128E+03      0.000000E+00
     1.260000E+00        26      1.160672E+05      3.219830E+02
     1.260500E+00        26      1.127440E+05      1.782530E+03
     1.261000E+00        26      1.273080E+05      3.532954E+03
     1.261500E+00        26      1.208363E+05      4.679878E+03
     1.262000E+00        26      1.189621E+05      5.812001E+03
     1.262500E+00        26      1.325478E+05      7.717858E+03
     1.263000E+00        26      1.256499E+05      8.408980E+03
     1.263500E+00        26      1.413151E+05      1.060102E+04
     1.264000E+00        26      1.288610E+05      1.063963E+04
     1.264500E+00        26      1.235052E+05      1.106930E+04
     1.265000E+00        26      1.350554E+05      1.299798E+04
     1.265500E+00        26      1.285095E+05      1.316631E+04
     1.266000E+00        26      1.169265E+05      1.266297E+04
     1.266500E+00        26      1.242339E+05      1.413872E+04
     1.267000E+00        26      1.104028E+05      1.313884E+04
     1.267500E+00        26      1.149548E+05      1.424594E+04
     1.268000E+00        26      1.031208E+05      1.325973E+04
     1.268500E+00        26      9.703013E+04      1.290524E+04
     1.269000E+00        26      9.598215E+04      1.316859E+04
     1.269500E+00        26      8.576319E+04      1.210879E+04
     1.270000E+00        26      8.951381E+04      1.297842E+04
     1.270500E+00        26      7.760126E+04      1.153230E+04
     1.271000E+00        26      6.958021E+04      1.058079E+04
     1.271500E+00        26      7.146639E+04      1.110361E+04
     1.272000E+00        26      5.839288E+04      9.256799E+03
     1.272500E+00        26      6.168166E+04      9.964618E+03
     1.273000E+00        26      4.663846E+04      7.669488E+03
     1.273500E+00        26      4.115653E+04      6.882332E+03
     1.274000E+00        26      3.752821E+04      6.375650E+03
     1.274500E+00        26      3.037774E+04      5.238666E+03
     1.275000E+00        26      2.512507E+04      4.394705E+03
     1.275500E+00        26      2.191949E+04      3.885935E+03
     1.276000E+00        26      1.788649E+04      3.211757E+03
     1.276500E+00        26      1.544920E+04      2.808061E+03
     1.277000E+00        26      1.104382E+04      2.030737E+03
     1.277500E+00        26      9.056116E+03      1.683752E+03
     1.278000E+00        26      6.722637E+03      1.263170E+03
     1.278500E+00        26      5.220398E+03      9.908548E+02
     1.279000E+00        26      3.866851E+03      7.410712E+02
     1.279500E+00        26      2.555817E+03      4.943699E+02
     1.280000E+00        26      1.569055E+03      3.062070E+02
     1.280500E+00        26      7.774847E+02      1.530271E+02
     1.281000E+00        26      1.984024E+02      3.937108E+01
