     6.265000E-01        31     -4.050569E+00      0.000000E+00
     6.270000E-01        31     -7.604763E+01      0.000000E+00
     6.275000E-01        31     -2.505385E+02      0.000000E+00
     6.280000E-01        31     -5.017689E+02      0.000000E+00
     6.285000E-01        31     -8.408436E+02      0.000000E+00
     6.290000E-01        31     -1.351817E+03      0.000000E+00
     6.295000E-01        31     -1.814935E+03      0.000000E+00
     6.300000E-01        31     -2.558779E+03      0.000000E+00
     6.305000E-01        31     -3.070039E+03      0.000000E+00
     6.310000E-01        31     -3.705623E+03      0.000000E+00
     6.315000E-01        31     -4.752065E+03      0.000000E+00
     6.320000E-01        31     -5.301619E+03      0.000000E+00
     6.325000E-01        31     -6.443057E+03      0.000000E+00
     6.330000E-01        31     -6.698840E+03      0.000000E+00
     6.335000E-01        31     -7.210212E+03      0.000000E+00
     6.340000E-01        31     -8.119580E+03      0.000000E+00
     6.345000E-01        31     -8.201988E+03      0.000000E+00
     6.350000E-01        31     -9.226075E+03      0.000000E+00
     6.355000E-01        31     -8.497886E+03      0.000000E+00
     6.360000E-01        31     -8.597928E+03      0.000000E+00
     6.365000E-01        31     -9.008797E+03      0.000000E+00
     6.370000E-01        31     -8.813062E+03      0.000000E+00
     6.375000E-01        31     -8.664201E+03      0.000000E+00
     6.380000E-01        31     -9.441508E+03      0.000000E+00
     6.385000E-01        31     -9.406704E+03      0.000000E+00
     6.390000E-01        31     -9.652979E+03      0.000000E+00
     6.395000E-01        31     -8.854655E+03      0.000000E+00
     6.400000E-01        31     -8.808190E+03      0.000000E+00
     6.405000E-01        31     -8.434848E+03      0.000000E+00
     6.410000E-01        31     -8.192612E+03      0.000000E+00
     6.415000E-01        31     -8.013493E+03      0.000000E+00
     6.420000E-01        31     -7.944477E+03      0.000000E+00
     6.425000E-01        31     -7.696616E+03      0.000000E+00
     6.430000E-01        31     -6.295700E+03      0.000000E+00
     6.435000E-01        31     -6.938042E+03      0.000000E+00
     6.440000E-01        31     -5.648189E+03      0.000000E+00
     6.445000E-01        31     -5.542949E+03      0.000000E+00
     6.450000E-01        31     -5.811885E+03      0.000000E+00
     6.455000E-01        31     -4.533198E+03      0.000000E+00
     6.460000E-01        31     -4.393266E+03      0.000000E+00
     6.465000E-01        31     -4.057332E+03      0.000000E+00
     6.470000E-01        31     -2.421981E+03      0.000000E+00
     6.475000E-01        31     -1.441921E+03      0.000000E+00
     6.480000E-01        31      1.144549E+05      1.640277E+02
     6.485000E-01        31      1.329888E+05      1.939605E+03
     6.490000E-01        31      1.434423E+05      3.819376E+03
     6.495000E-01        31      1.302560E+05      4.909798E+03
     6.500000E-01        31      1.452709E+05      6.958355E+03
     6.505000E-01        31      1.284367E+05      7.364617E+03
     6.510000E-01        31      1.398298E+05      9.242768E+03
     6.515000E-01        31      1.408670E+05      1.045929E+04
     6.520000E-01        31      1.143968E+05      9.363370E+03
     6.525000E-01        31      1.238704E+05      1.101894E+04
     6.530000E-01        31      9.235898E+04      8.830671E+03
     6.535000E-01        31      1.031730E+05      1.050946E+04
     6.540000E-01        31      1.008005E+05      1.086041E+04
     6.545000E-01        31      6.849090E+04      7.758778E+03
     6.550000E-01        31      8.095673E+04      9.594327E+03
     6.555000E-01        31      7.849747E+04      9.691039E+03
     6.560000E-01        31      5.385527E+04      6.900978E+03
     6.565000E-01        31      6.512123E+04      8.633769E+03
     6.570000E-01        31      4.218006E+04      5.770100E+03
     6.575000E-01        31      6.233723E+04      8.777492E+03
     6.580000E-01        31      6.284363E+04      9.088697E+03
     6.585000E-01        31      5.068142E+04      7.514159E+03
     6.590000E-01        31      6.128461E+04      9.299002E+03
     6.595000E-01        31      4.709492E+04      7.302135E+03
     6.600000E-01        31      6.135949E+04      9.708487E+03
     6.605000E-01        31      5.836149E+04      9.411307E+03
     6.610000E-01        31      5.041689E+04      8.276806E+03
     6.615000E-01        31      5.274799E+04      8.806615E+03
     6.620000E-01        31      4.105143E+04      6.963687E+03
     6.625000E-01        31      4.445343E+04      7.655080E+03
     6.630000E-01        31      3.851285E+04      6.727281E+03
     6.635000E-01        31      3.021008E+04      5.348822E+03
     6.640000E-01        31      2.764575E+04      4.958089E+03
     6.645000E-01        31      2.380129E+04      4.321108E+03
     6.650000E-01        31      1.618058E+04      2.971982E+03
     6.655000E-01        31      1.385638E+04      2.573508E+03
     6.660000E-01        31      8.523830E+03      1.599989E+03
     6.665000E-01        31      7.637607E+03      1.448248E+03
     6.670000E-01        31      5.150072E+03      9.860818E+02
     6.675000E-01        31      2.547485E+03      4.923203E+02
     6.680000E-01        31      1.741623E+03      3.395945E+02
     6.685000E-01        31      5.479814E+02      1.077672E+02
     6.690000E-01        31      1.942024E+02      3.850731E+01
     6.695000E-01        31      1.533317E+00      3.064434E-01
     7.165000E-01        31     -4.469054E+00      0.000000E+00
     7.170000E-01        31     -7.807112E+01      0.000000E+00
     7.175000E-01        31     -2.541519E+02      0.000000E+00
     7.180000E-01        31     -5.095829E+02      0.000000E+00
     7.185000E-01        31     -8.432196E+02      0.000000E+00
     7.190000E-01        31     -1.368409E+03      0.000000E+00
     7.195000E-01        31     -1.820340E+03      0.000000E+00
     7.200000E-01        31     -2.566583E+03      0.000000E+00
     7.205000E-01        31     -3.100285E+03      0.000000E+00
     7.210000E-01        31     -3.686602E+03      0.000000E+00
     7.215000E-01        31     -4.798904E+03      0.000000E+00
     7.220000E-01        31     -5.288379E+03      0.000000E+00
     7.225000E-01        31     -6.446757E+03      0.000000E+00
     7.230000E-01        31     -6.755372E+03      0.000000E+00
     7.235000E-01        31     -7.225947E+03      0.000000E+00
     7.240000E-01        31     -8.383722E+03      0.000000E+00
     7.245000E-01        31     -8.512210E+03      0.000000E+00
     7.250000E-01        31     -9.786657E+03      0.000000E+00
     7.255000E-01        31     -9.316421E+03      0.000000E+00
     7.260000E-01        31     -9.539131E+03      0.000000E+00
     7.265000E-01        31     -1.033379E+04      0.000000E+00
     7.270000E-01        31     -1.021681E+04      0.000000E+00
     7.275000E-01        31     -1.021496E+04      0.000000E+00
     7.280000E-01        31     -1.100548E+04      0.000000E+00
     7.285000E-01        31     -1.080916E+04      0.000000E+00
     7.290000E-01        31     -1.098057E+04      0.000000E+00
     7.295000E-01        31     -9.935367E+03      0.000000E+00
     7.300000E-01        31     -9.677442E+03      0.000000E+00
     7.305000E-01        31     -9.085913E+03      0.000000E+00
     7.310000E-01        31     -8.592794E+03      0.000000E+00
     7.315000E-01        31     -8.202140E+03      0.000000E+00
     7.320000E-01        31     -7.954075E+03      0.000000E+00
     7.325000E-01        31     -7.516576E+03      0.000000E+00
     7.330000E-01        31     -6.007125E+03      0.000000E+00
     7.335000E-01        31     -6.555495E+03      0.000000E+00
     7.340000E-01        31     -5.201227E+03      0.000000E+00
     7.345000E-01        31     -5.099787E+03      0.000000E+00
     7.350000E-01        31     -5.374174E+03      0.000000E+00
     7.355000E-01        31     -4.141252E+03      0.000000E+00
     7.360000E-01        31     -4.071545E+03      0.000000E+00
     7.365000E-01        31     -3.808541E+03      0.000000E+00
     7.370000E-01        31     -2.258103E+03      0.000000E+00
     7.375000E-01        31     -1.358274E+03      0.000000E+00
     7.380000E-01        31      1.098196E+05      1.791250E+02
     7.385000E-01        31      1.294824E+05      1.911890E+03
     7.390000E-01        31      1.406376E+05      3.768040E+03
     7.395000E-01        31      1.288773E+05      4.877523E+03
     7.400000E-01        31      1.441371E+05      6.924390E+03
     7.405000E-01        31      1.288962E+05      7.407826E+03
     7.410000E-01        31      1.407066E+05      9.317821E+03
     7.415000E-01        31      1.418588E+05      1.054899E+04
     7.420000E-01        31      1.173108E+05      9.614280E+03
     7.425000E-01        31      1.251255E+05      1.114296E+04
     7.430000E-01        31      9.546386E+04      9.136395E+03
     7.435000E-01        31      1.056686E+05      1.077288E+04
     7.440000E-01        31      1.023626E+05      1.103711E+04
     7.445000E-01        31      7.181007E+04      8.140341E+03
     7.450000E-01        31      8.169517E+04      9.687819E+03
     7.455000E-01        31      8.036494E+04      9.927156E+03
     7.460000E-01        31      5.523245E+04      7.081072E+03
     7.465000E-01        31      6.475649E+04      8.589444E+03
     7.470000E-01        31      4.363248E+04      5.971368E+03
     7.475000E-01        31      6.138938E+04      8.647485E+03
     7.480000E-01        31      6.283123E+04      9.090273E+03
     7.485000E-01        31      5.056498E+04      7.499482E+03
     7.490000E-01        31      5.991978E+04      9.094836E+03
     7.495000E-01        31      4.730174E+04      7.336411E+03
     7.500000E-01        31      6.013932E+04      9.518113E+03
     7.505000E-01        31      5.799566E+04      9.354793E+03
     7.510000E-01        31      5.007865E+04      8.223332E+03
     7.515000E-01        31      5.198915E+04      8.681965E+03
     7.520000E-01        31      4.112428E+04      6.977597E+03
     7.525000E-01        31      4.397147E+04      7.573679E+03
     7.530000E-01        31      3.847974E+04      6.722839E+03
     7.535000E-01        31      3.017045E+04      5.342819E+03
     7.540000E-01        31      2.752309E+04      4.936981E+03
     7.545000E-01        31      2.007326E+04      3.644913E+03
     7.550000E-01        31      1.786343E+04      3.281618E+03
     7.555000E-01        31      1.439503E+04      2.673969E+03
     7.560000E-01        31      8.892569E+03      1.669453E+03
     7.565000E-01        31      7.753342E+03      1.470404E+03
     7.570000E-01        31      5.246927E+03      1.004764E+03
     7.575000E-01        31      2.592787E+03      5.011410E+02
     7.580000E-01        31      1.744904E+03      3.402771E+02
     7.585000E-01        31      5.509359E+02      1.083613E+02
     7.590000E-01        31      1.902390E+02      3.772580E+01
     7.595000E-01        31      1.096834E+00      2.192337E-01
     1.256500E+00        31     -7.210923E+00      0.000000E+00
     1.257000E+00        31     -8.812015E+01      0.000000E+00
     1.257500E+00        31     -2.723193E+02      0.000000E+00
     1.258000E+00        31     -5.323643E+02      0.000000E+00
     1.258500E+00        31     -9.420360E+02      0.000000E+00
     1.259000E+00        31     -1.349681E+03      0.000000E+00
     1.259500E+00        31     -1.835630E+03      0.000000E+00
     1.260000E+00        31     -2.592342E+03      0.000000E+00
     1.260500E+00        31     -3.093485E+03      0.000000E+00
     1.261000E+00        31     -4.024790E+03      0.000000E+00
     1.261500E+00        31     -4.405549E+03      0.000000E+00
     1.262000E+00        31     -4.940914E+03      0.000000E+00
     1.262500E+00        31     -5.937410E+03      0.000000E+00
     1.263000E+00        31     -6.161610E+03      0.000000E+00
     1.263500E+00        31     -7.193231E+03      0.000000E+00
     1.264000E+00        31     -6.962766E+03      0.000000E+00
     1.264500E+00        31     -7.279391E+03      0.000000E+00
     1.265000E+00        31     -8.214666E+03      0.000000E+00
     1.265500E+00        31     -7.856226E+03      0.000000E+00
     1.266000E+00        31     -7.877444E+03      0.000000E+00
     1.266500E+00        31     -8.496973E+03      0.000000E+00
     1.267000E+00        31     -8.572448E+03      0.000000E+00
     1.267500E+00        31     -9.443136E+03      0.000000E+00
     1.268000E+00        31     -8.958076E+03      0.000000E+00
     1.268500E+00        31     -9.367897E+03      0.000000E+00
     1.269000E+00        31     -9.590473E+03      0.000000E+00
     1.269500E+00        31     -9.291703E+03      0.000000E+00
     1.270000E+00        31     -9.718596E+03      0.000000E+00
     1.270500E+00        31     -8.526024E+03      0.000000E+00
     1.271000E+00        31     -8.707565E+03      0.000000E+00
     1.271500E+00        31     -8.237720E+03      0.000000E+00
     1.272000E+00        31     -8.480480E+03      0.000000E+00
     1.272500E+00        31     -7.519817E+03      0.000000E+00
     1.273000E+00        31     -6.865814E+03      0.000000E+00
     1.273500E+00        31     -7.439754E+03      0.000000E+00
     1.274000E+00        31     -5.905948E+03      0.000000E+00
     1.274500E+00        31     -5.730204E+03      0.000000E+00
     1.275000E+00        31     -5.985781E+03      0.000000E+00
     1.275500E+00        31     -4.532565E+03      0.000000E+00
     1.276000E+00        31     -4.385111E+03      0.000000E+00
     1.276500E+00        31     -3.234049E+03      0.000000E+00
     1.277000E+00        31     -2.584059E+03      0.000000E+00
     1.277500E+00        31     -1.335458E+03      0.000000E+00
     1.278000E+00        31      1.156435E+05      3.253475E+02
     1.278500E+00        31      1.343130E+05      2.128364E+03
     1.279000E+00        31      1.250867E+05      3.475429E+03
     1.279500E+00        31      1.407575E+05      5.455676E+03
     1.280000E+00        31      1.471482E+05      7.193184E+03
     1.280500E+00        31      1.292911E+05      7.531591E+03
     1.281000E+00        31      1.407960E+05      9.426021E+03
     1.281500E+00        31      1.173665E+05      8.807107E+03
     1.282000E+00        31      1.271100E+05      1.049772E+04
     1.282500E+00        31      1.255398E+05      1.125413E+04
     1.283000E+00        31      9.467216E+04      9.113165E+03
     1.283500E+00        31      1.044911E+05      1.070733E+04
     1.284000E+00        31      9.944129E+04      1.077097E+04
     1.284500E+00        31      7.016039E+04      7.985841E+03
     1.285000E+00        31      7.949581E+04      9.461808E+03
     1.285500E+00        31      4.918809E+04      6.096382E+03
     1.286000E+00        31      6.846557E+04      8.804504E+03
     1.286500E+00        31      6.757096E+04      8.987939E+03
     1.287000E+00        31      4.827502E+04      6.623823E+03
     1.287500E+00        31      6.244582E+04      8.817339E+03
     1.288000E+00        31      4.243018E+04      6.152318E+03
     1.288500E+00        31      6.301610E+04      9.365447E+03
     1.289000E+00        31      6.244832E+04      9.496882E+03
     1.289500E+00        31      5.269657E+04      8.187864E+03
     1.290000E+00        31      6.111359E+04      9.688646E+03
     1.290500E+00        31      4.742892E+04      7.662505E+03
     1.291000E+00        31      5.719485E+04      9.405907E+03
     1.291500E+00        31      5.246443E+04      8.773688E+03
     1.292000E+00        31      4.360272E+04      7.407974E+03
     1.292500E+00        31      4.388241E+04      7.567873E+03
     1.293000E+00        31      3.800757E+04      6.648288E+03
     1.293500E+00        31      3.058879E+04      5.423053E+03
     1.294000E+00        31      2.642661E+04      4.745418E+03
     1.294500E+00        31      1.982887E+04      3.604239E+03
     1.295000E+00        31      1.738458E+04      3.196781E+03
     1.295500E+00        31      1.368513E+04      2.544477E+03
     1.296000E+00        31      8.680722E+03      1.631138E+03
     1.296500E+00        31      7.312950E+03      1.388070E+03
     1.297000E+00        31      3.663409E+03      7.021011E+02
     1.297500E+00        31      2.937358E+03      5.681860E+02
     1.298000E+00        31      1.704405E+03      3.326293E+02
     1.298500E+00        31      5.242452E+02      1.031862E+02
     1.299000E+00        31      1.641493E+02      3.257462E+01
     1.346500E+00        31     -7.778948E+00      0.000000E+00
     1.347000E+00        31     -9.012029E+01      0.000000E+00
     1.347500E+00        31     -2.766625E+02      0.000000E+00
     1.348000E+00        31     -5.378124E+02      0.000000E+00
     1.348500E+00        31     -9.465462E+02      0.000000E+00
     1.349000E+00        31     -1.363999E+03      0.000000E+00
     1.349500E+00        31     -1.833564E+03      0.000000E+00
     1.350000E+00        31     -2.608562E+03      0.000000E+00
     1.350500E+00        31     -3.102977E+03      0.000000E+00
     1.351000E+00        31     -4.013604E+03      0.000000E+00
     1.351500E+00        31     -4.441294E+03      0.000000E+00
     1.352000E+00        31     -4.909393E+03      0.000000E+00
     1.352500E+00        31     -5.951670E+03      0.000000E+00
     1.353000E+00        31     -6.165894E+03      0.000000E+00
     1.353500E+00        31     -7.130717E+03      0.000000E+00
     1.354000E+00        31     -6.998393E+03      0.000000E+00
     1.354500E+00        31     -7.200402E+03      0.000000E+00
     1.355000E+00        31     -8.183732E+03      0.000000E+00
     1.355500E+00        31     -7.854383E+03      0.000000E+00
     1.356000E+00        31     -7.749609E+03      0.000000E+00
     1.356500E+00        31     -8.528312E+03      0.000000E+00
     1.357000E+00        31     -8.490807E+03      0.000000E+00
     1.357500E+00        31     -9.386494E+03      0.000000E+00
     1.358000E+00        31     -9.000165E+03      0.000000E+00
     1.358500E+00        31     -9.278912E+03      0.000000E+00
     1.359000E+00        31     -9.649464E+03      0.000000E+00
     1.359500E+00        31     -9.322199E+03      0.000000E+00
     1.360000E+00        31     -9.707660E+03      0.000000E+00
     1.360500E+00        31     -8.655159E+03      0.000000E+00
     1.361000E+00        31     -8.709967E+03      0.000000E+00
     1.361500E+00        31     -8.328542E+03      0.000000E+00
     1.362000E+00        31     -8.577280E+03      0.000000E+00
     1.362500E+00        31     -7.524527E+03      0.000000E+00
     1.363000E+00        31     -6.970080E+03      0.000000E+00
     1.363500E+00        31     -7.433556E+03      0.000000E+00
     1.364000E+00        31     -5.918126E+03      0.000000E+00
     1.364500E+00        31     -5.738377E+03      0.000000E+00
     1.365000E+00        31     -5.932093E+03      0.000000E+00
     1.365500E+00        31     -4.505096E+03      0.000000E+00
     1.366000E+00        31     -4.333170E+03      0.000000E+00
     1.366500E+00        31     -3.182643E+03      0.000000E+00
     1.367000E+00        31     -2.542458E+03      0.000000E+00
     1.367500E+00        31     -1.299234E+03      0.000000E+00
     1.368000E+00        31      1.144689E+05      3.444947E+02
     1.368500E+00        31      1.331964E+05      2.134555E+03
     1.369000E+00        31      1.241340E+05      3.469388E+03
     1.369500E+00        31      1.399628E+05      5.446089E+03
     1.370000E+00        31      1.463302E+05      7.173687E+03
     1.370500E+00        31      1.294476E+05      7.557512E+03
     1.371000E+00        31      1.401664E+05      9.400779E+03
     1.371500E+00        31      1.179877E+05      8.866983E+03
     1.372000E+00        31      1.275382E+05      1.054647E+04
     1.372500E+00        31      1.254511E+05      1.125851E+04
     1.373000E+00        31      9.623232E+04      9.272219E+03
     1.373500E+00        31      1.042685E+05      1.069357E+04
     1.374000E+00        31      1.003181E+05      1.087413E+04
     1.374500E+00        31      7.114180E+04      8.103025E+03
     1.375000E+00        31      7.875365E+04      9.379203E+03
     1.375500E+00        31      5.061678E+04      6.276940E+03
     1.376000E+00        31      6.763994E+04      8.702745E+03
     1.376500E+00        31      6.742682E+04      8.972943E+03
     1.377000E+00        31      4.872355E+04      6.688233E+03
     1.377500E+00        31      6.074202E+04      8.580165E+03
     1.378000E+00        31      4.304495E+04      6.243756E+03
     1.378500E+00        31      6.177953E+04      9.184814E+03
     1.379000E+00        31      6.176380E+04      9.395786E+03
     1.379500E+00        31      5.277741E+04      8.202877E+03
     1.380000E+00        31      5.969646E+04      9.466636E+03
     1.380500E+00        31      4.771709E+04      7.711091E+03
     1.381000E+00        31      5.651951E+04      9.297152E+03
     1.381500E+00        31      5.207988E+04      8.711420E+03
     1.382000E+00        31      4.384063E+04      7.450043E+03
     1.382500E+00        31      4.330845E+04      7.470454E+03
     1.383000E+00        31      3.827730E+04      6.696799E+03
     1.383500E+00        31      3.047150E+04      5.403279E+03
     1.384000E+00        31      2.635387E+04      4.733204E+03
     1.384500E+00        31      2.001721E+04      3.639094E+03
     1.385000E+00        31      1.725692E+04      3.173821E+03
     1.385500E+00        31      1.378037E+04      2.562584E+03
     1.386000E+00        31      8.679704E+03      1.631189E+03
     1.386500E+00        31      7.288367E+03      1.383600E+03
     1.387000E+00        31      3.688860E+03      7.070752E+02
     1.387500E+00        31      2.912348E+03      5.634217E+02
     1.388000E+00        31      1.695496E+03      3.309321E+02
     1.388500E+00        31      5.179809E+02      1.019654E+02
     1.389000E+00        31      1.592288E+02      3.160182E+01
