     6.915000E-01        34     -2.476464E+01      0.000000E+00
     6.920000E-01        34     -1.509215E+02      0.000000E+00
     6.925000E-01        34     -3.449459E+02      0.000000E+00
     6.930000E-01        34     -6.936368E+02      0.000000E+00
     6.935000E-01        34     -9.895343E+02      0.000000E+00
     6.940000E-01        34     -1.339479E+03      0.000000E+00
     6.945000E-01        34     -1.900828E+03      0.000000E+00
     6.950000E-01        34     -2.373130E+03      0.000000E+00
     6.955000E-01        34     -2.987375E+03      0.000000E+00
     6.960000E-01        34     -3.460272E+03      0.000000E+00
     6.965000E-01        34     -3.797361E+03      0.000000E+00
     6.970000E-01        34     -5.014620E+03      0.000000E+00
     6.975000E-01        34     -5.346808E+03      0.000000E+00
     6.980000E-01        34     -6.603855E+03      0.000000E+00
     6.985000E-01        34     -6.599814E+03      0.000000E+00
     6.990000E-01        34     -7.052237E+03      0.000000E+00
     6.995000E-01        34     -8.304208E+03      0.000000E+00
     7.000000E-01        34     -8.284055E+03      0.000000E+00
     7.005000E-01        34     -8.480934E+03      0.000000E+00
     7.010000E-01        34     -9.366836E+03      0.000000E+00
     7.015000E-01        34     -9.526200E+03      0.000000E+00
     7.020000E-01        34     -9.949759E+03      0.000000E+00
     7.025000E-01        34     -9.334303E+03      0.000000E+00
     7.030000E-01        34     -9.410664E+03      0.000000E+00
     7.035000E-01        34     -9.654722E+03      0.000000E+00
     7.040000E-01        34     -9.218566E+03      0.000000E+00
     7.045000E-01        34     -9.555071E+03      0.000000E+00
     7.050000E-01        34     -9.084180E+03      0.000000E+00
     7.055000E-01        34     -8.829035E+03      0.000000E+00
     7.060000E-01        34     -8.980760E+03      0.000000E+00
     7.065000E-01        34     -8.824102E+03      0.000000E+00
     7.070000E-01        34     -9.488479E+03      0.000000E+00
     7.075000E-01        34     -9.002934E+03      0.000000E+00
     7.080000E-01        34     -9.103771E+03      0.000000E+00
     7.085000E-01        34     -9.370614E+03      0.000000E+00
     7.090000E-01        34     -8.799507E+03      0.000000E+00
     7.095000E-01        34     -8.812346E+03      0.000000E+00
     7.100000E-01        34     -8.169171E+03      0.000000E+00
     7.105000E-01        34     -6.982174E+03      0.000000E+00
     7.110000E-01        34     -6.040001E+03      0.000000E+00
     7.115000E-01        34     -4.634009E+03      0.000000E+00
     7.120000E-01        34     -2.969359E+03      0.000000E+00
     7.125000E-01        34     -1.072930E+03      0.000000E+00
     7.130000E-01        34      1.512434E+05      1.054774E+03
     7.135000E-01        34      1.671248E+05      3.284399E+03
     7.140000E-01        34      1.578112E+05      4.936194E+03
     7.145000E-01        34      1.512709E+05      6.350333E+03
     7.150000E-01        34      1.534033E+05      7.955656E+03
     7.155000E-01        34      1.516962E+05      9.255488E+03
     7.160000E-01        34      1.462790E+05      1.016851E+04
     7.165000E-01        34      1.429031E+05      1.106521E+04
     7.170000E-01        34      1.308127E+05      1.109591E+04
     7.175000E-01        34      1.337385E+05      1.226903E+04
     7.180000E-01        34      1.215388E+05      1.193807E+04
     7.185000E-01        34      1.110551E+05      1.158505E+04
     7.190000E-01        34      1.096408E+05      1.206646E+04
     7.195000E-01        34      1.009961E+05      1.166142E+04
     7.200000E-01        34      9.342797E+04      1.126500E+04
     7.205000E-01        34      8.492151E+04      1.064991E+04
     7.210000E-01        34      7.915834E+04      1.028978E+04
     7.215000E-01        34      7.508208E+04      1.008626E+04
     7.220000E-01        34      7.357027E+04      1.018702E+04
     7.225000E-01        34      7.055981E+04      1.004741E+04
     7.230000E-01        34      6.921948E+04      1.011560E+04
     7.235000E-01        34      6.727359E+04      1.007132E+04
     7.240000E-01        34      6.453885E+04      9.881800E+03
     7.245000E-01        34      6.546476E+04      1.023672E+04
     7.250000E-01        34      6.302025E+04      1.005077E+04
     7.255000E-01        34      6.011469E+04      9.766674E+03
     7.260000E-01        34      5.830416E+04      9.639188E+03
     7.265000E-01        34      5.654672E+04      9.503698E+03
     7.270000E-01        34      5.083948E+04      8.678339E+03
     7.275000E-01        34      4.498470E+04      7.792722E+03
     7.280000E-01        34      4.308885E+04      7.569122E+03
     7.285000E-01        34      3.519923E+04      6.265608E+03
     7.290000E-01        34      3.221279E+04      5.806635E+03
     7.295000E-01        34      2.431484E+04      4.435789E+03
     7.300000E-01        34      1.873368E+04      3.456862E+03
     7.305000E-01        34      1.567227E+04      2.923637E+03
     7.310000E-01        34      1.055046E+04      1.988770E+03
     7.315000E-01        34      8.023424E+03      1.527555E+03
     7.320000E-01        34      4.668618E+03      8.973570E+02
     7.325000E-01        34      2.646861E+03      5.134228E+02
     7.330000E-01        34      1.465200E+03      2.867121E+02
     7.335000E-01        34      4.980433E+02      9.828093E+01
     7.340000E-01        34      8.595050E+01      1.709860E+01
     7.815000E-01        34     -2.817630E+01      0.000000E+00
     7.820000E-01        34     -1.456310E+02      0.000000E+00
     7.825000E-01        34     -3.411741E+02      0.000000E+00
     7.830000E-01        34     -6.931656E+02      0.000000E+00
     7.835000E-01        34     -9.843335E+02      0.000000E+00
     7.840000E-01        34     -1.334904E+03      0.000000E+00
     7.845000E-01        34     -1.900955E+03      0.000000E+00
     7.850000E-01        34     -2.357360E+03      0.000000E+00
     7.855000E-01        34     -2.992297E+03      0.000000E+00
     7.860000E-01        34     -3.446399E+03      0.000000E+00
     7.865000E-01        34     -3.773418E+03      0.000000E+00
     7.870000E-01        34     -5.036211E+03      0.000000E+00
     7.875000E-01        34     -5.283809E+03      0.000000E+00
     7.880000E-01        34     -6.637357E+03      0.000000E+00
     7.885000E-01        34     -6.564615E+03      0.000000E+00
     7.890000E-01        34     -7.012591E+03      0.000000E+00
     7.895000E-01        34     -8.368995E+03      0.000000E+00
     7.900000E-01        34     -8.190369E+03      0.000000E+00
     7.905000E-01        34     -9.866672E+03      0.000000E+00
     7.910000E-01        34     -8.647585E+03      0.000000E+00
     7.915000E-01        34     -9.238368E+03      0.000000E+00
     7.920000E-01        34     -9.702929E+03      0.000000E+00
     7.925000E-01        34     -9.178453E+03      0.000000E+00
     7.930000E-01        34     -9.360965E+03      0.000000E+00
     7.935000E-01        34     -9.530594E+03      0.000000E+00
     7.940000E-01        34     -9.201970E+03      0.000000E+00
     7.945000E-01        34     -9.572079E+03      0.000000E+00
     7.950000E-01        34     -9.001979E+03      0.000000E+00
     7.955000E-01        34     -8.912985E+03      0.000000E+00
     7.960000E-01        34     -8.959424E+03      0.000000E+00
     7.965000E-01        34     -8.815077E+03      0.000000E+00
     7.970000E-01        34     -9.588410E+03      0.000000E+00
     7.975000E-01        34     -8.924179E+03      0.000000E+00
     7.980000E-01        34     -9.182703E+03      0.000000E+00
     7.985000E-01        34     -9.362427E+03      0.000000E+00
     7.990000E-01        34     -8.779386E+03      0.000000E+00
     7.995000E-01        34     -8.862501E+03      0.000000E+00
     8.000000E-01        34     -8.128793E+03      0.000000E+00
     8.005000E-01        34     -6.990670E+03      0.000000E+00
     8.010000E-01        34     -6.027821E+03      0.000000E+00
     8.015000E-01        34     -4.608669E+03      0.000000E+00
     8.020000E-01        34     -2.949030E+03      0.000000E+00
     8.025000E-01        34     -1.041659E+03      0.000000E+00
     8.030000E-01        34      1.512978E+05      1.084004E+03
     8.035000E-01        34      1.668579E+05      3.308277E+03
     8.040000E-01        34      1.579253E+05      4.965091E+03
     8.045000E-01        34      1.506408E+05      6.346155E+03
     8.050000E-01        34      1.531812E+05      7.965086E+03
     8.055000E-01        34      1.513971E+05      9.256443E+03
     8.060000E-01        34      1.453164E+05      1.011874E+04
     8.065000E-01        34      1.428763E+05      1.107885E+04
     8.070000E-01        34      1.299733E+05      1.103807E+04
     8.075000E-01        34      1.331590E+05      1.222870E+04
     8.080000E-01        34      1.215202E+05      1.194723E+04
     8.085000E-01        34      1.158470E+05      1.209478E+04
     8.090000E-01        34      1.067220E+05      1.175378E+04
     8.095000E-01        34      9.997203E+04      1.155074E+04
     8.100000E-01        34      9.149446E+04      1.103841E+04
     8.105000E-01        34      8.408287E+04      1.055043E+04
     8.110000E-01        34      7.562927E+04      9.835890E+03
     8.115000E-01        34      7.058386E+04      9.486293E+03
     8.120000E-01        34      6.824557E+04      9.453682E+03
     8.125000E-01        34      6.266546E+04      8.926743E+03
     8.130000E-01        34      6.183113E+04      9.039133E+03
     8.135000E-01        34      5.820221E+04      8.716194E+03
     8.140000E-01        34      5.527830E+04      8.466530E+03
     8.145000E-01        34      5.653384E+04      8.842787E+03
     8.150000E-01        34      5.345563E+04      8.527704E+03
     8.155000E-01        34      5.161323E+04      8.387634E+03
     8.160000E-01        34      5.003357E+04      8.273862E+03
     8.165000E-01        34      4.882505E+04      8.207820E+03
     8.170000E-01        34      4.428191E+04      7.560602E+03
     8.175000E-01        34      4.346152E+04      7.530413E+03
     8.180000E-01        34      3.676515E+04      6.459544E+03
     8.185000E-01        34      3.154695E+04      5.616532E+03
     8.190000E-01        34      2.934039E+04      5.289794E+03
     8.195000E-01        34      2.290743E+04      4.179735E+03
     8.200000E-01        34      1.783711E+04      3.291949E+03
     8.205000E-01        34      1.518248E+04      2.832702E+03
     8.210000E-01        34      1.056973E+04      1.992694E+03
     8.215000E-01        34      8.016262E+03      1.526405E+03
     8.220000E-01        34      4.815406E+03      9.256955E+02
     8.225000E-01        34      2.771597E+03      5.376876E+02
     8.230000E-01        34      1.532635E+03      2.999450E+02
     8.235000E-01        34      5.337380E+02      1.053372E+02
     8.240000E-01        34      8.932633E+01      1.777220E+01
     1.321500E+00        34     -3.522845E+01      0.000000E+00
     1.322000E+00        34     -1.604612E+02      0.000000E+00
     1.322500E+00        34     -3.628538E+02      0.000000E+00
     1.323000E+00        34     -7.247484E+02      0.000000E+00
     1.323500E+00        34     -1.023111E+03      0.000000E+00
     1.324000E+00        34     -1.506980E+03      0.000000E+00
     1.324500E+00        34     -1.853133E+03      0.000000E+00
     1.325000E+00        34     -2.376489E+03      0.000000E+00
     1.325500E+00        34     -2.996951E+03      0.000000E+00
     1.326000E+00        34     -3.514082E+03      0.000000E+00
     1.326500E+00        34     -4.390598E+03      0.000000E+00
     1.327000E+00        34     -4.712580E+03      0.000000E+00
     1.327500E+00        34     -5.279402E+03      0.000000E+00
     1.328000E+00        34     -6.450824E+03      0.000000E+00
     1.328500E+00        34     -6.666457E+03      0.000000E+00
     1.329000E+00        34     -6.998808E+03      0.000000E+00
     1.329500E+00        34     -8.281260E+03      0.000000E+00
     1.330000E+00        34     -8.429116E+03      0.000000E+00
     1.330500E+00        34     -9.703091E+03      0.000000E+00
     1.331000E+00        34     -8.805104E+03      0.000000E+00
     1.331500E+00        34     -9.348384E+03      0.000000E+00
     1.332000E+00        34     -9.552672E+03      0.000000E+00
     1.332500E+00        34     -9.492130E+03      0.000000E+00
     1.333000E+00        34     -1.032733E+04      0.000000E+00
     1.333500E+00        34     -9.020182E+03      0.000000E+00
     1.334000E+00        34     -9.190660E+03      0.000000E+00
     1.334500E+00        34     -9.049081E+03      0.000000E+00
     1.335000E+00        34     -9.246403E+03      0.000000E+00
     1.335500E+00        34     -9.302583E+03      0.000000E+00
     1.336000E+00        34     -8.518594E+03      0.000000E+00
     1.336500E+00        34     -8.916180E+03      0.000000E+00
     1.337000E+00        34     -9.168923E+03      0.000000E+00
     1.337500E+00        34     -9.057555E+03      0.000000E+00
     1.338000E+00        34     -9.095183E+03      0.000000E+00
     1.338500E+00        34     -9.205949E+03      0.000000E+00
     1.339000E+00        34     -8.877095E+03      0.000000E+00
     1.339500E+00        34     -8.688384E+03      0.000000E+00
     1.340000E+00        34     -8.080516E+03      0.000000E+00
     1.340500E+00        34     -6.927528E+03      0.000000E+00
     1.341000E+00        34     -5.874709E+03      0.000000E+00
     1.341500E+00        34     -4.496260E+03      0.000000E+00
     1.342000E+00        34     -2.918015E+03      0.000000E+00
     1.342500E+00        34     -8.328498E+02      0.000000E+00
     1.343000E+00        34      1.498108E+05      1.243973E+03
     1.343500E+00        34      1.666080E+05      3.477050E+03
     1.344000E+00        34      1.569186E+05      5.083805E+03
     1.344500E+00        34      1.571628E+05      6.759783E+03
     1.345000E+00        34      1.497303E+05      7.908029E+03
     1.345500E+00        34      1.486042E+05      9.198374E+03
     1.346000E+00        34      1.451573E+05      1.021005E+04
     1.346500E+00        34      1.422806E+05      1.112626E+04
     1.347000E+00        34      1.282967E+05      1.097458E+04
     1.347500E+00        34      1.342815E+05      1.240915E+04
     1.348000E+00        34      1.199561E+05      1.185834E+04
     1.348500E+00        34      1.157188E+05      1.214027E+04
     1.349000E+00        34      1.073589E+05      1.187540E+04
     1.349500E+00        34      9.796411E+04      1.136308E+04
     1.350000E+00        34      9.259838E+04      1.121122E+04
     1.350500E+00        34      8.286137E+04      1.043073E+04
     1.351000E+00        34      7.471262E+04      9.745381E+03
     1.351500E+00        34      7.111816E+04      9.584049E+03
     1.352000E+00        34      6.611754E+04      9.181834E+03
     1.352500E+00        34      6.295299E+04      8.988493E+03
     1.353000E+00        34      6.078078E+04      8.904714E+03
     1.353500E+00        34      5.702141E+04      8.556489E+03
     1.354000E+00        34      5.540752E+04      8.502220E+03
     1.354500E+00        34      5.503177E+04      8.622938E+03
     1.355000E+00        34      5.331549E+04      8.519348E+03
     1.355500E+00        34      5.103567E+04      8.306613E+03
     1.356000E+00        34      4.922428E+04      8.151908E+03
     1.356500E+00        34      4.883247E+04      8.220374E+03
     1.357000E+00        34      4.358303E+04      7.450970E+03
     1.357500E+00        34      4.327235E+04      7.506887E+03
     1.358000E+00        34      3.653866E+04      6.427266E+03
     1.358500E+00        34      3.110591E+04      5.544169E+03
     1.359000E+00        34      2.926422E+04      5.281643E+03
     1.359500E+00        34      2.257261E+04      4.122795E+03
     1.360000E+00        34      1.991452E+04      3.678881E+03
     1.360500E+00        34      1.400834E+04      2.616033E+03
     1.361000E+00        34      1.003516E+04      1.893573E+03
     1.361500E+00        34      7.712168E+03      1.469735E+03
     1.362000E+00        34      4.588159E+03      8.827198E+02
     1.362500E+00        34      2.940933E+03      5.709786E+02
     1.363000E+00        34      1.328098E+03      2.601083E+02
     1.363500E+00        34      4.611572E+02      9.107754E+01
     1.364000E+00        34      6.625387E+01      1.319075E+01
     1.411500E+00        34     -3.634084E+01      0.000000E+00
     1.412000E+00        34     -1.624878E+02      0.000000E+00
     1.412500E+00        34     -3.646919E+02      0.000000E+00
     1.413000E+00        34     -7.303505E+02      0.000000E+00
     1.413500E+00        34     -1.022569E+03      0.000000E+00
     1.414000E+00        34     -1.512341E+03      0.000000E+00
     1.414500E+00        34     -1.858808E+03      0.000000E+00
     1.415000E+00        34     -2.358966E+03      0.000000E+00
     1.415500E+00        34     -3.020867E+03      0.000000E+00
     1.416000E+00        34     -3.480067E+03      0.000000E+00
     1.416500E+00        34     -4.384683E+03      0.000000E+00
     1.417000E+00        34     -4.725011E+03      0.000000E+00
     1.417500E+00        34     -5.181079E+03      0.000000E+00
     1.418000E+00        34     -6.511510E+03      0.000000E+00
     1.418500E+00        34     -6.563745E+03      0.000000E+00
     1.419000E+00        34     -6.968073E+03      0.000000E+00
     1.419500E+00        34     -8.328838E+03      0.000000E+00
     1.420000E+00        34     -8.244602E+03      0.000000E+00
     1.420500E+00        34     -9.850289E+03      0.000000E+00
     1.421000E+00        34     -8.665464E+03      0.000000E+00
     1.421500E+00        34     -9.340184E+03      0.000000E+00
     1.422000E+00        34     -9.669683E+03      0.000000E+00
     1.422500E+00        34     -9.294430E+03      0.000000E+00
     1.423000E+00        34     -1.054341E+04      0.000000E+00
     1.423500E+00        34     -8.910922E+03      0.000000E+00
     1.424000E+00        34     -9.194624E+03      0.000000E+00
     1.424500E+00        34     -9.195838E+03      0.000000E+00
     1.425000E+00        34     -9.064171E+03      0.000000E+00
     1.425500E+00        34     -9.467111E+03      0.000000E+00
     1.426000E+00        34     -8.445236E+03      0.000000E+00
     1.426500E+00        34     -8.845018E+03      0.000000E+00
     1.427000E+00        34     -9.273718E+03      0.000000E+00
     1.427500E+00        34     -8.882657E+03      0.000000E+00
     1.428000E+00        34     -9.147342E+03      0.000000E+00
     1.428500E+00        34     -9.152238E+03      0.000000E+00
     1.429000E+00        34     -8.780021E+03      0.000000E+00
     1.429500E+00        34     -8.725162E+03      0.000000E+00
     1.430000E+00        34     -7.978393E+03      0.000000E+00
     1.430500E+00        34     -6.914996E+03      0.000000E+00
     1.431000E+00        34     -5.840141E+03      0.000000E+00
     1.431500E+00        34     -4.452483E+03      0.000000E+00
     1.432000E+00        34     -2.889680E+03      0.000000E+00
     1.432500E+00        34     -8.002335E+02      0.000000E+00
     1.433000E+00        34      1.495007E+05      1.269647E+03
     1.433500E+00        34      1.662477E+05      3.498298E+03
     1.434000E+00        34      1.568693E+05      5.107155E+03
     1.434500E+00        34      1.563184E+05      6.746390E+03
     1.435000E+00        34      1.496703E+05      7.925170E+03
     1.435500E+00        34      1.480497E+05      9.182688E+03
     1.436000E+00        34      1.443698E+05      1.017157E+04
     1.436500E+00        34      1.422135E+05      1.113656E+04
     1.437000E+00        34      1.273380E+05      1.090559E+04
     1.437500E+00        34      1.339607E+05      1.239233E+04
     1.438000E+00        34      1.196184E+05      1.183572E+04
     1.438500E+00        34      1.150250E+05      1.207721E+04
     1.439000E+00        34      1.072724E+05      1.187438E+04
     1.439500E+00        34      9.771606E+04      1.134166E+04
     1.440000E+00        34      9.232215E+04      1.118434E+04
     1.440500E+00        34      8.314679E+04      1.047226E+04
     1.441000E+00        34      7.462388E+04      9.738572E+03
     1.441500E+00        34      7.133432E+04      9.617505E+03
     1.442000E+00        34      6.658660E+04      9.250814E+03
     1.442500E+00        34      6.292082E+04      8.987355E+03
     1.443000E+00        34      6.136936E+04      8.994157E+03
     1.443500E+00        34      5.712607E+04      8.575047E+03
     1.444000E+00        34      5.556510E+04      8.529051E+03
     1.444500E+00        34      5.538011E+04      8.680046E+03
     1.445000E+00        34      5.310030E+04      8.487282E+03
     1.445500E+00        34      5.119501E+04      8.334690E+03
     1.446000E+00        34      4.904585E+04      8.124326E+03
     1.446500E+00        34      4.853484E+04      8.172140E+03
     1.447000E+00        34      4.351352E+04      7.440697E+03
     1.447500E+00        34      4.277385E+04      7.421929E+03
     1.448000E+00        34      3.634789E+04      6.394952E+03
     1.448500E+00        34      3.082879E+04      5.495793E+03
     1.449000E+00        34      2.887552E+04      5.212407E+03
     1.449500E+00        34      2.243697E+04      4.098708E+03
     1.450000E+00        34      1.960712E+04      3.622673E+03
     1.450500E+00        34      1.385568E+04      2.587920E+03
     1.451000E+00        34      9.932646E+03      1.874502E+03
     1.451500E+00        34      7.579497E+03      1.444653E+03
     1.452000E+00        34      4.550023E+03      8.754999E+02
     1.452500E+00        34      2.894039E+03      5.619462E+02
     1.453000E+00        34      1.308132E+03      2.562295E+02
     1.453500E+00        34      4.538251E+02      8.964006E+01
     1.454000E+00        34      6.305000E+01      1.255431E+01
