     7.780000E-01        38     -4.906084E+01      0.000000E+00
     7.785000E-01        38     -1.997834E+02      0.000000E+00
     7.790000E-01        38     -4.920547E+02      0.000000E+00
     7.795000E-01        38     -8.031959E+02      0.000000E+00
     7.800000E-01        38     -1.189143E+03      0.000000E+00
     7.805000E-01        38     -1.809362E+03      0.000000E+00
     7.810000E-01        38     -2.179673E+03      0.000000E+00
     7.815000E-01        38     -2.933532E+03      0.000000E+00
     7.820000E-01        38     -3.145580E+03      0.000000E+00
     7.825000E-01        38     -3.530899E+03      0.000000E+00
     7.830000E-01        38     -4.252942E+03      0.000000E+00
     7.835000E-01        38     -4.326266E+03      0.000000E+00
     7.840000E-01        38     -4.540227E+03      0.000000E+00
     7.845000E-01        38     -5.184525E+03      0.000000E+00
     7.850000E-01        38     -5.283997E+03      0.000000E+00
     7.855000E-01        38     -6.000560E+03      0.000000E+00
     7.860000E-01        38     -5.830344E+03      0.000000E+00
     7.865000E-01        38     -6.241493E+03      0.000000E+00
     7.870000E-01        38     -7.097535E+03      0.000000E+00
     7.875000E-01        38     -7.524356E+03      0.000000E+00
     7.880000E-01        38     -8.810668E+03      0.000000E+00
     7.885000E-01        38     -8.504923E+03      0.000000E+00
     7.890000E-01        38     -9.175063E+03      0.000000E+00
     7.895000E-01        38     -1.032018E+04      0.000000E+00
     7.900000E-01        38     -1.093028E+04      0.000000E+00
     7.905000E-01        38     -1.217282E+04      0.000000E+00
     7.910000E-01        38     -1.135071E+04      0.000000E+00
     7.915000E-01        38     -1.219237E+04      0.000000E+00
     7.920000E-01        38     -1.343574E+04      0.000000E+00
     7.925000E-01        38     -1.230746E+04      0.000000E+00
     7.930000E-01        38     -1.192729E+04      0.000000E+00
     7.935000E-01        38     -1.289140E+04      0.000000E+00
     7.940000E-01        38     -1.220274E+04      0.000000E+00
     7.945000E-01        38     -1.212007E+04      0.000000E+00
     7.950000E-01        38     -1.083464E+04      0.000000E+00
     7.955000E-01        38     -9.613297E+03      0.000000E+00
     7.960000E-01        38     -9.649701E+03      0.000000E+00
     7.965000E-01        38     -8.063701E+03      0.000000E+00
     7.970000E-01        38     -7.501576E+03      0.000000E+00
     7.975000E-01        38     -5.534020E+03      0.000000E+00
     7.980000E-01        38     -3.726792E+03      0.000000E+00
     7.985000E-01        38     -2.322937E+03      0.000000E+00
     7.990000E-01        38     -4.982742E+02      0.000000E+00
     7.995000E-01        38      1.306399E+05      1.277710E+03
     8.000000E-01        38      1.218246E+05      2.707214E+03
     8.005000E-01        38      1.092594E+05      3.675609E+03
     8.010000E-01        38      1.096843E+05      4.843470E+03
     8.015000E-01        38      9.738116E+04      5.246551E+03
     8.020000E-01        38      8.867910E+04      5.576438E+03
     8.025000E-01        38      8.778254E+04      6.254882E+03
     8.030000E-01        38      8.091614E+04      6.396773E+03
     8.035000E-01        38      7.000805E+04      6.044495E+03
     8.040000E-01        38      7.689552E+04      7.163625E+03
     8.045000E-01        38      7.113354E+04      7.081986E+03
     8.050000E-01        38      6.618301E+04      6.987176E+03
     8.055000E-01        38      7.812749E+04      8.690719E+03
     8.060000E-01        38      6.976985E+04      8.133843E+03
     8.065000E-01        38      7.764986E+04      9.444576E+03
     8.070000E-01        38      8.263770E+04      1.044615E+04
     8.075000E-01        38      8.604049E+04      1.126599E+04
     8.080000E-01        38      8.940542E+04      1.209094E+04
     8.085000E-01        38      8.992900E+04      1.252918E+04
     8.090000E-01        38      9.173770E+04      1.313785E+04
     8.095000E-01        38      8.842781E+04      1.299140E+04
     8.100000E-01        38      8.641813E+04      1.300149E+04
     8.105000E-01        38      8.385980E+04      1.289953E+04
     8.110000E-01        38      7.656834E+04      1.202487E+04
     8.115000E-01        38      7.025704E+04      1.125049E+04
     8.120000E-01        38      6.083261E+04      9.921112E+03
     8.125000E-01        38      5.399058E+04      8.958214E+03
     8.130000E-01        38      4.609446E+04      7.773369E+03
     8.135000E-01        38      3.871368E+04      6.629723E+03
     8.140000E-01        38      2.920689E+04      5.074949E+03
     8.145000E-01        38      2.335985E+04      4.115333E+03
     8.150000E-01        38      1.583944E+04      2.827235E+03
     8.155000E-01        38      1.396687E+04      2.524232E+03
     8.160000E-01        38      1.073501E+04      1.963280E+03
     8.165000E-01        38      5.691090E+03      1.052652E+03
     8.170000E-01        38      5.296143E+03      9.902283E+02
     8.175000E-01        38      2.584908E+03      4.883136E+02
     8.180000E-01        38      2.901860E+03      5.536226E+02
     8.185000E-01        38      2.144924E+03      4.130962E+02
     8.190000E-01        38      1.073959E+03      2.087173E+02
     8.195000E-01        38      7.658112E+02      1.501289E+02
     8.200000E-01        38      3.466865E+02      6.853325E+01
     8.205000E-01        38      3.098374E+01      6.174173E+00
     8.680000E-01        38     -5.095300E+01      0.000000E+00
     8.685000E-01        38     -2.041651E+02      0.000000E+00
     8.690000E-01        38     -5.010739E+02      0.000000E+00
     8.695000E-01        38     -8.150875E+02      0.000000E+00
     8.700000E-01        38     -1.203065E+03      0.000000E+00
     8.705000E-01        38     -1.834289E+03      0.000000E+00
     8.710000E-01        38     -2.192484E+03      0.000000E+00
     8.715000E-01        38     -2.958705E+03      0.000000E+00
     8.720000E-01        38     -3.172255E+03      0.000000E+00
     8.725000E-01        38     -3.517458E+03      0.000000E+00
     8.730000E-01        38     -4.297065E+03      0.000000E+00
     8.735000E-01        38     -4.293240E+03      0.000000E+00
     8.740000E-01        38     -4.526183E+03      0.000000E+00
     8.745000E-01        38     -5.208640E+03      0.000000E+00
     8.750000E-01        38     -5.162535E+03      0.000000E+00
     8.755000E-01        38     -6.053994E+03      0.000000E+00
     8.760000E-01        38     -5.719375E+03      0.000000E+00
     8.765000E-01        38     -6.185691E+03      0.000000E+00
     8.770000E-01        38     -7.137465E+03      0.000000E+00
     8.775000E-01        38     -7.341996E+03      0.000000E+00
     8.780000E-01        38     -8.927576E+03      0.000000E+00
     8.785000E-01        38     -8.399446E+03      0.000000E+00
     8.790000E-01        38     -9.193242E+03      0.000000E+00
     8.795000E-01        38     -1.042717E+04      0.000000E+00
     8.800000E-01        38     -1.084572E+04      0.000000E+00
     8.805000E-01        38     -1.238191E+04      0.000000E+00
     8.810000E-01        38     -1.134394E+04      0.000000E+00
     8.815000E-01        38     -1.232736E+04      0.000000E+00
     8.820000E-01        38     -1.359144E+04      0.000000E+00
     8.825000E-01        38     -1.234990E+04      0.000000E+00
     8.830000E-01        38     -1.214107E+04      0.000000E+00
     8.835000E-01        38     -1.294691E+04      0.000000E+00
     8.840000E-01        38     -1.234640E+04      0.000000E+00
     8.845000E-01        38     -1.222744E+04      0.000000E+00
     8.850000E-01        38     -1.089078E+04      0.000000E+00
     8.855000E-01        38     -9.711200E+03      0.000000E+00
     8.860000E-01        38     -9.664736E+03      0.000000E+00
     8.865000E-01        38     -8.103448E+03      0.000000E+00
     8.870000E-01        38     -7.501762E+03      0.000000E+00
     8.875000E-01        38     -5.522168E+03      0.000000E+00
     8.880000E-01        38     -3.711101E+03      0.000000E+00
     8.885000E-01        38     -2.294239E+03      0.000000E+00
     8.890000E-01        38     -4.713343E+02      0.000000E+00
     8.895000E-01        38      1.301601E+05      1.297364E+03
     8.900000E-01        38      1.211551E+05      2.713096E+03
     8.905000E-01        38      1.084727E+05      3.666234E+03
     8.910000E-01        38      1.089066E+05      4.824961E+03
     8.915000E-01        38      9.635767E+04      5.204373E+03
     8.920000E-01        38      8.782540E+04      5.533721E+03
     8.925000E-01        38      8.692058E+04      6.203566E+03
     8.930000E-01        38      7.988504E+04      6.323922E+03
     8.935000E-01        38      6.948055E+04      6.005997E+03
     8.940000E-01        38      7.613419E+04      7.099935E+03
     8.945000E-01        38      7.049426E+04      7.024631E+03
     8.950000E-01        38      6.621741E+04      6.996368E+03
     8.955000E-01        38      7.740386E+04      8.616350E+03
     8.960000E-01        38      7.015571E+04      8.184071E+03
     8.965000E-01        38      7.757500E+04      9.440953E+03
     8.970000E-01        38      8.272930E+04      1.046326E+04
     8.975000E-01        38      8.682513E+04      1.137425E+04
     8.980000E-01        38      8.939287E+04      1.209464E+04
     8.985000E-01        38      9.077961E+04      1.265290E+04
     8.990000E-01        38      9.223329E+04      1.321386E+04
     8.995000E-01        38      8.874463E+04      1.304257E+04
     9.000000E-01        38      8.729838E+04      1.313826E+04
     9.005000E-01        38      8.401909E+04      1.292802E+04
     9.010000E-01        38      7.714339E+04      1.211868E+04
     9.015000E-01        38      7.071813E+04      1.132740E+04
     9.020000E-01        38      6.085244E+04      9.926880E+03
     9.025000E-01        38      5.456181E+04      9.055172E+03
     9.030000E-01        38      4.602305E+04      7.763091E+03
     9.035000E-01        38      3.889582E+04      6.662348E+03
     9.040000E-01        38      2.939053E+04      5.107898E+03
     9.045000E-01        38      2.322204E+04      4.091847E+03
     9.050000E-01        38      1.604349E+04      2.864181E+03
     9.055000E-01        38      1.386720E+04      2.506656E+03
     9.060000E-01        38      1.071447E+04      1.959849E+03
     9.065000E-01        38      5.719888E+03      1.058147E+03
     9.070000E-01        38      5.200173E+03      9.724323E+02
     9.075000E-01        38      2.591268E+03      4.895861E+02
     9.080000E-01        38      2.861455E+03      5.459899E+02
     9.085000E-01        38      2.107275E+03      4.058993E+02
     9.090000E-01        38      1.061614E+03      2.063446E+02
     9.095000E-01        38      7.472048E+02      1.464993E+02
     9.100000E-01        38      3.377441E+02      6.677337E+01
     9.105000E-01        38      2.886142E+01      5.751906E+00
     1.407500E+00        38     -3.652044E-02      0.000000E+00
     1.408000E+00        38     -5.739051E+01      0.000000E+00
     1.408500E+00        38     -2.164473E+02      0.000000E+00
     1.409000E+00        38     -5.198928E+02      0.000000E+00
     1.409500E+00        38     -8.355432E+02      0.000000E+00
     1.410000E+00        38     -1.225007E+03      0.000000E+00
     1.410500E+00        38     -1.855591E+03      0.000000E+00
     1.411000E+00        38     -2.231924E+03      0.000000E+00
     1.411500E+00        38     -2.979931E+03      0.000000E+00
     1.412000E+00        38     -3.209530E+03      0.000000E+00
     1.412500E+00        38     -3.582238E+03      0.000000E+00
     1.413000E+00        38     -4.301242E+03      0.000000E+00
     1.413500E+00        38     -4.412558E+03      0.000000E+00
     1.414000E+00        38     -5.138967E+03      0.000000E+00
     1.414500E+00        38     -4.921211E+03      0.000000E+00
     1.415000E+00        38     -5.223247E+03      0.000000E+00
     1.415500E+00        38     -5.830534E+03      0.000000E+00
     1.416000E+00        38     -5.907808E+03      0.000000E+00
     1.416500E+00        38     -6.930044E+03      0.000000E+00
     1.417000E+00        38     -6.639249E+03      0.000000E+00
     1.417500E+00        38     -7.458661E+03      0.000000E+00
     1.418000E+00        38     -8.438085E+03      0.000000E+00
     1.418500E+00        38     -8.604544E+03      0.000000E+00
     1.419000E+00        38     -9.037552E+03      0.000000E+00
     1.419500E+00        38     -1.020927E+04      0.000000E+00
     1.420000E+00        38     -1.107990E+04      0.000000E+00
     1.420500E+00        38     -1.198242E+04      0.000000E+00
     1.421000E+00        38     -1.146439E+04      0.000000E+00
     1.421500E+00        38     -1.220120E+04      0.000000E+00
     1.422000E+00        38     -1.335366E+04      0.000000E+00
     1.422500E+00        38     -1.244312E+04      0.000000E+00
     1.423000E+00        38     -1.363691E+04      0.000000E+00
     1.423500E+00        38     -1.195561E+04      0.000000E+00
     1.424000E+00        38     -1.191052E+04      0.000000E+00
     1.424500E+00        38     -1.167690E+04      0.000000E+00
     1.425000E+00        38     -1.074528E+04      0.000000E+00
     1.425500E+00        38     -1.086026E+04      0.000000E+00
     1.426000E+00        38     -8.688064E+03      0.000000E+00
     1.426500E+00        38     -7.732868E+03      0.000000E+00
     1.427000E+00        38     -7.144982E+03      0.000000E+00
     1.427500E+00        38     -5.315558E+03      0.000000E+00
     1.428000E+00        38     -3.534427E+03      0.000000E+00
     1.428500E+00        38     -2.121938E+03      0.000000E+00
     1.429000E+00        38     -3.136278E+02      0.000000E+00
     1.429500E+00        38      1.301709E+05      1.442907E+03
     1.430000E+00        38      1.214159E+05      2.843236E+03
     1.430500E+00        38      1.089351E+05      3.784427E+03
     1.431000E+00        38      1.104335E+05      4.988549E+03
     1.431500E+00        38      9.690846E+04      5.312052E+03
     1.432000E+00        38      8.914532E+04      5.683435E+03
     1.432500E+00        38      8.861421E+04      6.386014E+03
     1.433000E+00        38      8.011490E+04      6.394061E+03
     1.433500E+00        38      7.124631E+04      6.201833E+03
     1.434000E+00        38      7.674516E+04      7.200529E+03
     1.434500E+00        38      6.482077E+04      6.493879E+03
     1.435000E+00        38      7.046892E+04      7.480967E+03
     1.435500E+00        38      7.770262E+04      8.686399E+03
     1.436000E+00        38      7.135438E+04      8.355805E+03
     1.436500E+00        38      7.767008E+04      9.485368E+03
     1.437000E+00        38      8.185541E+04      1.038553E+04
     1.437500E+00        38      8.682527E+04      1.140725E+04
     1.438000E+00        38      8.797763E+04      1.193491E+04
     1.438500E+00        38      8.965746E+04      1.252726E+04
     1.439000E+00        38      9.117664E+04      1.309228E+04
     1.439500E+00        38      8.700717E+04      1.281433E+04
     1.440000E+00        38      8.603878E+04      1.297428E+04
     1.440500E+00        38      8.263157E+04      1.273800E+04
     1.441000E+00        38      7.553192E+04      1.188606E+04
     1.441500E+00        38      6.965176E+04      1.117472E+04
     1.442000E+00        38      5.964901E+04      9.745436E+03
     1.442500E+00        38      5.337807E+04      8.871480E+03
     1.443000E+00        38      4.538616E+04      7.666079E+03
     1.443500E+00        38      3.616297E+04      6.202221E+03
     1.444000E+00        38      2.967992E+04      5.164485E+03
     1.444500E+00        38      2.304925E+04      4.066101E+03
     1.445000E+00        38      1.577487E+04      2.819325E+03
     1.445500E+00        38      1.376594E+04      2.490958E+03
     1.446000E+00        38      1.049065E+04      1.920824E+03
     1.446500E+00        38      5.626896E+03      1.041935E+03
     1.447000E+00        38      5.129969E+03      9.601762E+02
     1.447500E+00        38      2.503228E+03      4.733631E+02
     1.448000E+00        38      2.804226E+03      5.355153E+02
     1.448500E+00        38      2.035549E+03      3.923961E+02
     1.449000E+00        38      1.012539E+03      1.969562E+02
     1.449500E+00        38      7.023061E+02      1.377973E+02
     1.450000E+00        38      2.143245E+02      4.240267E+01
     1.450500E+00        38      2.271087E+01      4.529205E+00
     1.497500E+00        38     -9.067404E-02      0.000000E+00
     1.498000E+00        38     -5.941913E+01      0.000000E+00
     1.498500E+00        38     -2.208655E+02      0.000000E+00
     1.499000E+00        38     -5.297680E+02      0.000000E+00
     1.499500E+00        38     -8.447193E+02      0.000000E+00
     1.500000E+00        38     -1.241555E+03      0.000000E+00
     1.500500E+00        38     -1.880047E+03      0.000000E+00
     1.501000E+00        38     -2.234194E+03      0.000000E+00
     1.501500E+00        38     -3.024701E+03      0.000000E+00
     1.502000E+00        38     -3.207011E+03      0.000000E+00
     1.502500E+00        38     -3.584462E+03      0.000000E+00
     1.503000E+00        38     -4.352144E+03      0.000000E+00
     1.503500E+00        38     -4.325676E+03      0.000000E+00
     1.504000E+00        38     -5.198417E+03      0.000000E+00
     1.504500E+00        38     -4.861642E+03      0.000000E+00
     1.505000E+00        38     -5.139856E+03      0.000000E+00
     1.505500E+00        38     -5.904390E+03      0.000000E+00
     1.506000E+00        38     -5.703561E+03      0.000000E+00
     1.506500E+00        38     -6.991950E+03      0.000000E+00
     1.507000E+00        38     -6.567470E+03      0.000000E+00
     1.507500E+00        38     -7.326657E+03      0.000000E+00
     1.508000E+00        38     -8.579397E+03      0.000000E+00
     1.508500E+00        38     -8.411150E+03      0.000000E+00
     1.509000E+00        38     -1.023122E+04      0.000000E+00
     1.509500E+00        38     -9.660544E+03      0.000000E+00
     1.510000E+00        38     -1.082036E+04      0.000000E+00
     1.510500E+00        38     -1.190995E+04      0.000000E+00
     1.511000E+00        38     -1.136385E+04      0.000000E+00
     1.511500E+00        38     -1.225504E+04      0.000000E+00
     1.512000E+00        38     -1.337082E+04      0.000000E+00
     1.512500E+00        38     -1.250504E+04      0.000000E+00
     1.513000E+00        38     -1.375470E+04      0.000000E+00
     1.513500E+00        38     -1.201528E+04      0.000000E+00
     1.514000E+00        38     -1.204063E+04      0.000000E+00
     1.514500E+00        38     -1.176646E+04      0.000000E+00
     1.515000E+00        38     -1.082447E+04      0.000000E+00
     1.515500E+00        38     -1.096075E+04      0.000000E+00
     1.516000E+00        38     -8.722049E+03      0.000000E+00
     1.516500E+00        38     -7.792361E+03      0.000000E+00
     1.517000E+00        38     -7.155108E+03      0.000000E+00
     1.517500E+00        38     -5.319186E+03      0.000000E+00
     1.518000E+00        38     -3.917910E+03      0.000000E+00
     1.518500E+00        38     -1.969297E+03      0.000000E+00
     1.519000E+00        38     -2.806934E+02      0.000000E+00
     1.519500E+00        38      1.283309E+05      1.446301E+03
     1.520000E+00        38      1.193757E+05      2.815741E+03
     1.520500E+00        38      1.072000E+05      3.740900E+03
     1.521000E+00        38      1.091535E+05      4.946471E+03
     1.521500E+00        38      9.513234E+04      5.227396E+03
     1.522000E+00        38      8.817436E+04      5.632462E+03
     1.522500E+00        38      8.752551E+04      6.317656E+03
     1.523000E+00        38      7.880710E+04      6.298170E+03
     1.523500E+00        38      7.117311E+04      6.202630E+03
     1.524000E+00        38      7.554108E+04      7.094690E+03
     1.524500E+00        38      6.484885E+04      6.502443E+03
     1.525000E+00        38      7.034074E+04      7.473230E+03
     1.525500E+00        38      7.726147E+04      8.643162E+03
     1.526000E+00        38      7.213051E+04      8.452052E+03
     1.526500E+00        38      7.750975E+04      9.471236E+03
     1.527000E+00        38      7.770520E+04      9.864135E+03
     1.527500E+00        38      8.994803E+04      1.182321E+04
     1.528000E+00        38      8.882638E+04      1.205538E+04
     1.528500E+00        38      9.176263E+04      1.282664E+04
     1.529000E+00        38      9.167922E+04      1.316943E+04
     1.529500E+00        38      8.796297E+04      1.295966E+04
     1.530000E+00        38      8.720382E+04      1.315428E+04
     1.530500E+00        38      8.263293E+04      1.274212E+04
     1.531000E+00        38      7.661150E+04      1.205941E+04
     1.531500E+00        38      6.971685E+04      1.118818E+04
     1.532000E+00        38      5.987641E+04      9.785072E+03
     1.532500E+00        38      5.382350E+04      8.947652E+03
     1.533000E+00        38      4.515168E+04      7.628197E+03
     1.533500E+00        38      3.647811E+04      6.257607E+03
     1.534000E+00        38      2.961406E+04      5.154070E+03
     1.534500E+00        38      2.295291E+04      4.049885E+03
     1.535000E+00        38      1.590142E+04      2.842462E+03
     1.535500E+00        38      1.358053E+04      2.457835E+03
     1.536000E+00        38      7.163583E+03      1.311860E+03
     1.536500E+00        38      7.088427E+03      1.312774E+03
     1.537000E+00        38      5.451796E+03      1.020567E+03
     1.537500E+00        38      2.784657E+03      5.266579E+02
     1.538000E+00        38      2.839274E+03      5.422833E+02
     1.538500E+00        38      2.073547E+03      3.997740E+02
     1.539000E+00        38      1.029540E+03      2.002886E+02
     1.539500E+00        38      6.901030E+02      1.354195E+02
     1.540000E+00        38      2.112125E+02      4.179188E+01
     1.540500E+00        38      2.085087E+01      4.158736E+00
