     7.995000E-01        39     -2.189841E+01      0.000000E+00
     8.000000E-01        39     -1.128006E+02      0.000000E+00
     8.005000E-01        39     -2.477608E+02      0.000000E+00
     8.010000E-01        39     -4.574712E+02      0.000000E+00
     8.015000E-01        39     -6.448094E+02      0.000000E+00
     8.020000E-01        39     -8.524737E+02      0.000000E+00
     8.025000E-01        39     -1.153921E+03      0.000000E+00
     8.030000E-01        39     -1.393719E+03      0.000000E+00
     8.035000E-01        39     -1.530535E+03      0.000000E+00
     8.040000E-01        39     -2.082148E+03      0.000000E+00
     8.045000E-01        39     -2.339934E+03      0.000000E+00
     8.050000E-01        39     -2.604006E+03      0.000000E+00
     8.055000E-01        39     -3.630425E+03      0.000000E+00
     8.060000E-01        39     -3.789117E+03      0.000000E+00
     8.065000E-01        39     -4.886015E+03      0.000000E+00
     8.070000E-01        39     -5.981196E+03      0.000000E+00
     8.075000E-01        39     -7.119962E+03      0.000000E+00
     8.080000E-01        39     -8.416084E+03      0.000000E+00
     8.085000E-01        39     -9.589595E+03      0.000000E+00
     8.090000E-01        39     -1.104373E+04      0.000000E+00
     8.095000E-01        39     -1.198486E+04      0.000000E+00
     8.100000E-01        39     -1.315845E+04      0.000000E+00
     8.105000E-01        39     -1.432328E+04      0.000000E+00
     8.110000E-01        39     -1.465556E+04      0.000000E+00
     8.115000E-01        39     -1.506337E+04      0.000000E+00
     8.120000E-01        39     -1.461181E+04      0.000000E+00
     8.125000E-01        39     -1.453874E+04      0.000000E+00
     8.130000E-01        39     -1.393389E+04      0.000000E+00
     8.135000E-01        39     -1.316345E+04      0.000000E+00
     8.140000E-01        39     -1.120135E+04      0.000000E+00
     8.145000E-01        39     -1.014184E+04      0.000000E+00
     8.150000E-01        39     -7.821483E+03      0.000000E+00
     8.155000E-01        39     -7.891416E+03      0.000000E+00
     8.160000E-01        39     -6.993290E+03      0.000000E+00
     8.165000E-01        39     -4.316652E+03      0.000000E+00
     8.170000E-01        39     -4.736945E+03      0.000000E+00
     8.175000E-01        39     -2.772545E+03      0.000000E+00
     8.180000E-01        39     -3.819384E+03      0.000000E+00
     8.185000E-01        39     -3.580101E+03      0.000000E+00
     8.190000E-01        39     -2.390502E+03      0.000000E+00
     8.195000E-01        39     -2.476799E+03      0.000000E+00
     8.200000E-01        39     -1.947150E+03      0.000000E+00
     8.205000E-01        39     -5.628741E+02      0.000000E+00
     8.210000E-01        39      1.250379E+05      9.006247E+02
     8.215000E-01        39      1.120157E+05      2.224832E+03
     8.220000E-01        39      1.401401E+05      4.410423E+03
     8.225000E-01        39      1.561293E+05      6.581988E+03
     8.230000E-01        39      1.446591E+05      7.525907E+03
     8.235000E-01        39      1.623344E+05      9.929269E+03
     8.240000E-01        39      1.508223E+05      1.050568E+04
     8.245000E-01        39      1.613714E+05      1.251654E+04
     8.250000E-01        39      1.625807E+05      1.381062E+04
     8.255000E-01        39      1.425717E+05      1.309587E+04
     8.260000E-01        39      1.452926E+05      1.428704E+04
     8.265000E-01        39      1.227349E+05      1.281599E+04
     8.270000E-01        39      1.252223E+05      1.379331E+04
     8.275000E-01        39      1.188432E+05      1.373291E+04
     8.280000E-01        39      9.535784E+04      1.150587E+04
     8.285000E-01        39      9.644029E+04      1.210230E+04
     8.290000E-01        39      9.105086E+04      1.184270E+04
     8.295000E-01        39      7.225748E+04      9.712105E+03
     8.300000E-01        39      7.370818E+04      1.021124E+04
     8.305000E-01        39      5.830851E+04      8.306735E+03
     8.310000E-01        39      6.523412E+04      9.537304E+03
     8.315000E-01        39      6.224524E+04      9.322291E+03
     8.320000E-01        39      5.414003E+04      8.292709E+03
     8.325000E-01        39      5.629434E+04      8.805841E+03
     8.330000E-01        39      4.791977E+04      7.644995E+03
     8.335000E-01        39      5.227169E+04      8.495078E+03
     8.340000E-01        39      4.814056E+04      7.961209E+03
     8.345000E-01        39      4.332593E+04      7.283717E+03
     8.350000E-01        39      4.154561E+04      7.093721E+03
     8.355000E-01        39      3.472755E+04      6.017359E+03
     8.360000E-01        39      3.355723E+04      5.896151E+03
     8.365000E-01        39      2.848822E+04      5.072152E+03
     8.370000E-01        39      2.330579E+04      4.201960E+03
     8.375000E-01        39      2.010495E+04      3.668513E+03
     8.380000E-01        39      1.603867E+04      2.960130E+03
     8.385000E-01        39      1.198966E+04      2.237064E+03
     8.390000E-01        39      9.214671E+03      1.737277E+03
     8.395000E-01        39      6.089761E+03      1.159606E+03
     8.400000E-01        39      4.405871E+03      8.469908E+02
     8.405000E-01        39      2.711606E+03      5.260630E+02
     8.410000E-01        39      1.290398E+03      2.525441E+02
     8.415000E-01        39      5.416575E+02      1.069027E+02
     8.420000E-01        39      7.727925E+01      1.537569E+01
     8.895000E-01        39     -2.268281E+01      0.000000E+00
     8.900000E-01        39     -1.140273E+02      0.000000E+00
     8.905000E-01        39     -2.485217E+02      0.000000E+00
     8.910000E-01        39     -4.576503E+02      0.000000E+00
     8.915000E-01        39     -6.418139E+02      0.000000E+00
     8.920000E-01        39     -8.483962E+02      0.000000E+00
     8.925000E-01        39     -1.147357E+03      0.000000E+00
     8.930000E-01        39     -1.380974E+03      0.000000E+00
     8.935000E-01        39     -1.523932E+03      0.000000E+00
     8.940000E-01        39     -2.067580E+03      0.000000E+00
     8.945000E-01        39     -2.325130E+03      0.000000E+00
     8.950000E-01        39     -2.611828E+03      0.000000E+00
     8.955000E-01        39     -3.605134E+03      0.000000E+00
     8.960000E-01        39     -3.818380E+03      0.000000E+00
     8.965000E-01        39     -4.891390E+03      0.000000E+00
     8.970000E-01        39     -5.999626E+03      0.000000E+00
     8.975000E-01        39     -7.198479E+03      0.000000E+00
     8.980000E-01        39     -8.430260E+03      0.000000E+00
     8.985000E-01        39     -9.697437E+03      0.000000E+00
     8.990000E-01        39     -1.112255E+04      0.000000E+00
     8.995000E-01        39     -1.204814E+04      0.000000E+00
     9.000000E-01        39     -1.331461E+04      0.000000E+00
     9.005000E-01        39     -1.437412E+04      0.000000E+00
     9.010000E-01        39     -1.478980E+04      0.000000E+00
     9.015000E-01        39     -1.518702E+04      0.000000E+00
     9.020000E-01        39     -1.464055E+04      0.000000E+00
     9.025000E-01        39     -1.471688E+04      0.000000E+00
     9.030000E-01        39     -1.393566E+04      0.000000E+00
     9.035000E-01        39     -1.324804E+04      0.000000E+00
     9.040000E-01        39     -1.129160E+04      0.000000E+00
     9.045000E-01        39     -1.010035E+04      0.000000E+00
     9.050000E-01        39     -7.937257E+03      0.000000E+00
     9.055000E-01        39     -7.850712E+03      0.000000E+00
     9.060000E-01        39     -6.994686E+03      0.000000E+00
     9.065000E-01        39     -4.348376E+03      0.000000E+00
     9.070000E-01        39     -4.662678E+03      0.000000E+00
     9.075000E-01        39     -2.787064E+03      0.000000E+00
     9.080000E-01        39     -3.778112E+03      0.000000E+00
     9.085000E-01        39     -3.530412E+03      0.000000E+00
     9.090000E-01        39     -2.374038E+03      0.000000E+00
     9.095000E-01        39     -2.431957E+03      0.000000E+00
     9.100000E-01        39     -1.916594E+03      0.000000E+00
     9.105000E-01        39     -5.411805E+02      0.000000E+00
     9.110000E-01        39      1.243015E+05      9.189853E+02
     9.115000E-01        39      1.110260E+05      2.224527E+03
     9.120000E-01        39      1.397585E+05      4.420795E+03
     9.125000E-01        39      1.554438E+05      6.576042E+03
     9.130000E-01        39      1.440104E+05      7.511827E+03
     9.135000E-01        39      1.625762E+05      9.964652E+03
     9.140000E-01        39      1.500967E+05      1.047283E+04
     9.145000E-01        39      1.619379E+05      1.257828E+04
     9.150000E-01        39      1.627025E+05      1.383768E+04
     9.155000E-01        39      1.429019E+05      1.313995E+04
     9.160000E-01        39      1.462540E+05      1.439479E+04
     9.165000E-01        39      1.231281E+05      1.286751E+04
     9.170000E-01        39      1.264235E+05      1.393574E+04
     9.175000E-01        39      1.195232E+05      1.382051E+04
     9.180000E-01        39      9.649426E+04      1.164989E+04
     9.185000E-01        39      9.738263E+04      1.222714E+04
     9.190000E-01        39      9.183358E+04      1.195039E+04
     9.195000E-01        39      7.341804E+04      9.872566E+03
     9.200000E-01        39      7.396618E+04      1.025127E+04
     9.205000E-01        39      5.934595E+04      8.457802E+03
     9.210000E-01        39      6.530052E+04      9.550444E+03
     9.215000E-01        39      6.255084E+04      9.371197E+03
     9.220000E-01        39      5.444540E+04      8.342092E+03
     9.225000E-01        39      5.582427E+04      8.734867E+03
     9.230000E-01        39      4.827641E+04      7.704010E+03
     9.235000E-01        39      5.173166E+04      8.409485E+03
     9.240000E-01        39      4.797351E+04      7.935516E+03
     9.245000E-01        39      4.323002E+04      7.269262E+03
     9.250000E-01        39      4.099086E+04      7.000520E+03
     9.255000E-01        39      3.478586E+04      6.028703E+03
     9.260000E-01        39      3.319182E+04      5.833086E+03
     9.265000E-01        39      2.829022E+04      5.037833E+03
     9.270000E-01        39      2.329715E+04      4.201145E+03
     9.275000E-01        39      1.984461E+04      3.621618E+03
     9.280000E-01        39      1.607384E+04      2.967098E+03
     9.285000E-01        39      1.190970E+04      2.222485E+03
     9.290000E-01        39      9.155320E+03      1.726340E+03
     9.295000E-01        39      6.111796E+03      1.163965E+03
     9.300000E-01        39      4.358718E+03      8.380385E+02
     9.305000E-01        39      2.708905E+03      5.256066E+02
     9.310000E-01        39      1.280390E+03      2.506164E+02
     9.315000E-01        39      5.332719E+02      1.052602E+02
     9.320000E-01        39      7.445448E+01      1.481535E+01
     1.429500E+00        39     -2.822115E+01      0.000000E+00
     1.430000E+00        39     -1.256843E+02      0.000000E+00
     1.430500E+00        39     -2.651819E+02      0.000000E+00
     1.431000E+00        39     -4.851524E+02      0.000000E+00
     1.431500E+00        39     -6.685294E+02      0.000000E+00
     1.432000E+00        39     -8.865038E+02      0.000000E+00
     1.432500E+00        39     -1.199076E+03      0.000000E+00
     1.433000E+00        39     -1.415320E+03      0.000000E+00
     1.433500E+00        39     -1.593168E+03      0.000000E+00
     1.434000E+00        39     -2.120946E+03      0.000000E+00
     1.434500E+00        39     -2.172522E+03      0.000000E+00
     1.435000E+00        39     -2.821030E+03      0.000000E+00
     1.435500E+00        39     -3.669494E+03      0.000000E+00
     1.436000E+00        39     -3.934554E+03      0.000000E+00
     1.436500E+00        39     -4.958255E+03      0.000000E+00
     1.437000E+00        39     -6.006633E+03      0.000000E+00
     1.437500E+00        39     -7.280398E+03      0.000000E+00
     1.438000E+00        39     -8.387902E+03      0.000000E+00
     1.438500E+00        39     -9.679604E+03      0.000000E+00
     1.439000E+00        39     -1.110936E+04      0.000000E+00
     1.439500E+00        39     -1.193252E+04      0.000000E+00
     1.440000E+00        39     -1.325405E+04      0.000000E+00
     1.440500E+00        39     -1.427695E+04      0.000000E+00
     1.441000E+00        39     -1.462363E+04      0.000000E+00
     1.441500E+00        39     -1.510534E+04      0.000000E+00
     1.442000E+00        39     -1.449292E+04      0.000000E+00
     1.442500E+00        39     -1.454127E+04      0.000000E+00
     1.443000E+00        39     -1.388197E+04      0.000000E+00
     1.443500E+00        39     -1.244453E+04      0.000000E+00
     1.444000E+00        39     -1.152386E+04      0.000000E+00
     1.444500E+00        39     -1.013531E+04      0.000000E+00
     1.445000E+00        39     -7.893754E+03      0.000000E+00
     1.445500E+00        39     -7.887314E+03      0.000000E+00
     1.446000E+00        39     -6.936341E+03      0.000000E+00
     1.446500E+00        39     -4.336717E+03      0.000000E+00
     1.447000E+00        39     -4.669155E+03      0.000000E+00
     1.447500E+00        39     -2.737693E+03      0.000000E+00
     1.448000E+00        39     -3.773889E+03      0.000000E+00
     1.448500E+00        39     -3.488231E+03      0.000000E+00
     1.449000E+00        39     -2.329203E+03      0.000000E+00
     1.449500E+00        39     -2.375988E+03      0.000000E+00
     1.450000E+00        39     -1.296629E+03      0.000000E+00
     1.450500E+00        39     -5.272757E+02      0.000000E+00
     1.451000E+00        39      1.308176E+05      1.115919E+03
     1.451500E+00        39      1.143237E+05      2.409631E+03
     1.452000E+00        39      1.428829E+05      4.656347E+03
     1.452500E+00        39      1.367992E+05      5.907994E+03
     1.453000E+00        39      1.570951E+05      8.322581E+03
     1.453500E+00        39      1.670659E+05      1.036636E+04
     1.454000E+00        39      1.532369E+05      1.079989E+04
     1.454500E+00        39      1.626927E+05      1.274381E+04
     1.455000E+00        39      1.635415E+05      1.400950E+04
     1.455500E+00        39      1.424905E+05      1.318413E+04
     1.456000E+00        39      1.449415E+05      1.434393E+04
     1.456500E+00        39      1.219401E+05      1.280534E+04
     1.457000E+00        39      1.240894E+05      1.373790E+04
     1.457500E+00        39      1.175001E+05      1.363971E+04
     1.458000E+00        39      9.391033E+04      1.137807E+04
     1.458500E+00        39      9.516821E+04      1.198763E+04
     1.459000E+00        39      7.268779E+04      9.486837E+03
     1.459500E+00        39      7.949179E+04      1.071828E+04
     1.460000E+00        39      7.460827E+04      1.036612E+04
     1.460500E+00        39      6.080227E+04      8.685417E+03
     1.461000E+00        39      6.474072E+04      9.488933E+03
     1.461500E+00        39      5.177140E+04      7.771789E+03
     1.462000E+00        39      5.975600E+04      9.172909E+03
     1.462500E+00        39      5.634527E+04      8.831836E+03
     1.463000E+00        39      5.042505E+04      8.060124E+03
     1.463500E+00        39      5.158288E+04      8.398268E+03
     1.464000E+00        39      4.804727E+04      7.959299E+03
     1.464500E+00        39      4.372328E+04      7.362323E+03
     1.465000E+00        39      4.024890E+04      6.882752E+03
     1.465500E+00        39      3.488333E+04      6.053048E+03
     1.466000E+00        39      3.275235E+04      5.762585E+03
     1.466500E+00        39      2.779733E+04      4.955561E+03
     1.467000E+00        39      2.304966E+04      4.160909E+03
     1.467500E+00        39      1.932360E+04      3.530086E+03
     1.468000E+00        39      1.453815E+04      2.686199E+03
     1.468500E+00        39      1.209816E+04      2.259724E+03
     1.469000E+00        39      8.964225E+03      1.691789E+03
     1.469500E+00        39      5.958645E+03      1.135750E+03
     1.470000E+00        39      4.190675E+03      8.063769E+02
     1.470500E+00        39      2.276537E+03      4.420549E+02
     1.471000E+00        39      1.285665E+03      2.518350E+02
     1.471500E+00        39      4.879607E+02      9.638484E+01
     1.472000E+00        39      5.639534E+01      1.122951E+01
     1.519500E+00        39     -2.878884E+01      0.000000E+00
     1.520000E+00        39     -1.254926E+02      0.000000E+00
     1.520500E+00        39     -2.635602E+02      0.000000E+00
     1.521000E+00        39     -4.830460E+02      0.000000E+00
     1.521500E+00        39     -6.600847E+02      0.000000E+00
     1.522000E+00        39     -8.810628E+02      0.000000E+00
     1.522500E+00        39     -1.189213E+03      0.000000E+00
     1.523000E+00        39     -1.397228E+03      0.000000E+00
     1.523500E+00        39     -1.596641E+03      0.000000E+00
     1.524000E+00        39     -2.093736E+03      0.000000E+00
     1.524500E+00        39     -2.179249E+03      0.000000E+00
     1.525000E+00        39     -2.822839E+03      0.000000E+00
     1.525500E+00        39     -3.657061E+03      0.000000E+00
     1.526000E+00        39     -3.985972E+03      0.000000E+00
     1.526500E+00        39     -4.958192E+03      0.000000E+00
     1.527000E+00        39     -5.713275E+03      0.000000E+00
     1.527500E+00        39     -7.556453E+03      0.000000E+00
     1.528000E+00        39     -8.484226E+03      0.000000E+00
     1.528500E+00        39     -9.924371E+03      0.000000E+00
     1.529000E+00        39     -1.118983E+04      0.000000E+00
     1.529500E+00        39     -1.208397E+04      0.000000E+00
     1.530000E+00        39     -1.345586E+04      0.000000E+00
     1.530500E+00        39     -1.430068E+04      0.000000E+00
     1.531000E+00        39     -1.485692E+04      0.000000E+00
     1.531500E+00        39     -1.514418E+04      0.000000E+00
     1.532000E+00        39     -1.457206E+04      0.000000E+00
     1.532500E+00        39     -1.468691E+04      0.000000E+00
     1.533000E+00        39     -1.383348E+04      0.000000E+00
     1.533500E+00        39     -1.257454E+04      0.000000E+00
     1.534000E+00        39     -1.151857E+04      0.000000E+00
     1.534500E+00        39     -1.011138E+04      0.000000E+00
     1.535000E+00        39     -7.972231E+03      0.000000E+00
     1.535500E+00        39     -7.796675E+03      0.000000E+00
     1.536000E+00        39     -4.746607E+03      0.000000E+00
     1.536500E+00        39     -5.475682E+03      0.000000E+00
     1.537000E+00        39     -4.974538E+03      0.000000E+00
     1.537500E+00        39     -3.054019E+03      0.000000E+00
     1.538000E+00        39     -3.833321E+03      0.000000E+00
     1.538500E+00        39     -3.566893E+03      0.000000E+00
     1.539000E+00        39     -2.379642E+03      0.000000E+00
     1.539500E+00        39     -2.350102E+03      0.000000E+00
     1.540000E+00        39     -1.291991E+03      0.000000E+00
     1.540500E+00        39     -5.040371E+02      0.000000E+00
     1.541000E+00        39      1.301147E+05      1.134472E+03
     1.541500E+00        39      1.131165E+05      2.403730E+03
     1.542000E+00        39      1.424456E+05      4.664716E+03
     1.542500E+00        39      1.350653E+05      5.852896E+03
     1.543000E+00        39      1.563500E+05      8.304296E+03
     1.543500E+00        39      1.665567E+05      1.035571E+04
     1.544000E+00        39      1.515941E+05      1.070185E+04
     1.544500E+00        39      1.632530E+05      1.280552E+04
     1.545000E+00        39      1.455618E+05      1.248415E+04
     1.545500E+00        39      1.517060E+05      1.405131E+04
     1.546000E+00        39      1.484336E+05      1.470284E+04
     1.546500E+00        39      1.248547E+05      1.312195E+04
     1.547000E+00        39      1.261138E+05      1.397205E+04
     1.547500E+00        39      1.193193E+05      1.385985E+04
     1.548000E+00        39      9.608120E+04      1.164792E+04
     1.548500E+00        39      9.579387E+04      1.207288E+04
     1.549000E+00        39      7.480581E+04      9.768043E+03
     1.549500E+00        39      7.979415E+04      1.076389E+04
     1.550000E+00        39      7.554090E+04      1.050005E+04
     1.550500E+00        39      6.167076E+04      8.812861E+03
     1.551000E+00        39      6.426538E+04      9.422625E+03
     1.551500E+00        39      5.275198E+04      7.921623E+03
     1.552000E+00        39      5.905096E+04      9.067497E+03
     1.552500E+00        39      5.636533E+04      8.837549E+03
     1.553000E+00        39      5.040894E+04      8.059749E+03
     1.553500E+00        39      5.073679E+04      8.262636E+03
     1.554000E+00        39      4.396483E+04      7.284783E+03
     1.554500E+00        39      4.507712E+04      7.592023E+03
     1.555000E+00        39      4.057959E+04      6.940802E+03
     1.555500E+00        39      3.550236E+04      6.161727E+03
     1.556000E+00        39      3.236444E+04      5.695442E+03
     1.556500E+00        39      2.805704E+04      5.002785E+03
     1.557000E+00        39      2.300237E+04      4.153102E+03
     1.557500E+00        39      1.917063E+04      3.502728E+03
     1.558000E+00        39      1.467957E+04      2.712762E+03
     1.558500E+00        39      1.194994E+04      2.232380E+03
     1.559000E+00        39      8.978837E+03      1.694794E+03
     1.559500E+00        39      5.950193E+03      1.134297E+03
     1.560000E+00        39      4.145328E+03      7.977576E+02
     1.560500E+00        39      2.280226E+03      4.428280E+02
     1.561000E+00        39      1.268354E+03      2.484746E+02
     1.561500E+00        39      4.801962E+02      9.486236E+01
     1.562000E+00        39      5.371262E+01      1.069654E+01
