     1.015500E+00        49     -3.172001E+01      0.000000E+00
     1.016000E+00        49     -1.483825E+02      0.000000E+00
     1.016500E+00        49     -3.313210E+02      0.000000E+00
     1.017000E+00        49     -6.463362E+02      0.000000E+00
     1.017500E+00        49     -8.980050E+02      0.000000E+00
     1.018000E+00        49     -1.347470E+03      0.000000E+00
     1.018500E+00        49     -1.605250E+03      0.000000E+00
     1.019000E+00        49     -1.933156E+03      0.000000E+00
     1.019500E+00        49     -2.560537E+03      0.000000E+00
     1.020000E+00        49     -2.810283E+03      0.000000E+00
     1.020500E+00        49     -3.143459E+03      0.000000E+00
     1.021000E+00        49     -3.943901E+03      0.000000E+00
     1.021500E+00        49     -4.313838E+03      0.000000E+00
     1.022000E+00        49     -5.198662E+03      0.000000E+00
     1.022500E+00        49     -5.178905E+03      0.000000E+00
     1.023000E+00        49     -5.856886E+03      0.000000E+00
     1.023500E+00        49     -6.612701E+03      0.000000E+00
     1.024000E+00        49     -6.962036E+03      0.000000E+00
     1.024500E+00        49     -7.548885E+03      0.000000E+00
     1.025000E+00        49     -7.803591E+03      0.000000E+00
     1.025500E+00        49     -8.479093E+03      0.000000E+00
     1.026000E+00        49     -8.121787E+03      0.000000E+00
     1.026500E+00        49     -8.753022E+03      0.000000E+00
     1.027000E+00        49     -8.381502E+03      0.000000E+00
     1.027500E+00        49     -9.121113E+03      0.000000E+00
     1.028000E+00        49     -9.333579E+03      0.000000E+00
     1.028500E+00        49     -8.787306E+03      0.000000E+00
     1.029000E+00        49     -9.028239E+03      0.000000E+00
     1.029500E+00        49     -9.744907E+03      0.000000E+00
     1.030000E+00        49     -9.087761E+03      0.000000E+00
     1.030500E+00        49     -1.026045E+04      0.000000E+00
     1.031000E+00        49     -9.453425E+03      0.000000E+00
     1.031500E+00        49     -9.950388E+03      0.000000E+00
     1.032000E+00        49     -1.045362E+04      0.000000E+00
     1.032500E+00        49     -9.504342E+03      0.000000E+00
     1.033000E+00        49     -9.876837E+03      0.000000E+00
     1.033500E+00        49     -8.992660E+03      0.000000E+00
     1.034000E+00        49     -8.604083E+03      0.000000E+00
     1.034500E+00        49     -7.956399E+03      0.000000E+00
     1.035000E+00        49     -6.150430E+03      0.000000E+00
     1.035500E+00        49     -4.923959E+03      0.000000E+00
     1.036000E+00        49     -2.976727E+03      0.000000E+00
     1.036500E+00        49     -9.306430E+02      0.000000E+00
     1.037000E+00        49      1.624755E+05      1.244453E+03
     1.037500E+00        49      1.615882E+05      3.276964E+03
     1.038000E+00        49      1.518748E+05      4.838058E+03
     1.038500E+00        49      1.522455E+05      6.472166E+03
     1.039000E+00        49      1.486029E+05      7.779758E+03
     1.039500E+00        49      1.442831E+05      8.868989E+03
     1.040000E+00        49      1.393400E+05      9.745251E+03
     1.040500E+00        49      1.401944E+05      1.091093E+04
     1.041000E+00        49      1.308676E+05      1.114895E+04
     1.041500E+00        49      1.366052E+05      1.257934E+04
     1.042000E+00        49      1.223915E+05      1.206163E+04
     1.042500E+00        49      1.319158E+05      1.380155E+04
     1.043000E+00        49      1.196782E+05      1.320561E+04
     1.043500E+00        49      1.174742E+05      1.359600E+04
     1.044000E+00        49      1.173951E+05      1.418501E+04
     1.044500E+00        49      1.079542E+05      1.356470E+04
     1.045000E+00        49      1.062782E+05      1.383963E+04
     1.045500E+00        49      9.514257E+04      1.280198E+04
     1.046000E+00        49      8.807578E+04      1.221391E+04
     1.046500E+00        49      8.798635E+04      1.254633E+04
     1.047000E+00        49      7.654161E+04      1.120012E+04
     1.047500E+00        49      6.617104E+04      9.918206E+03
     1.048000E+00        49      6.589123E+04      1.010023E+04
     1.048500E+00        49      5.494614E+04      8.600985E+03
     1.049000E+00        49      5.316010E+04      8.486614E+03
     1.049500E+00        49      4.313672E+04      7.014829E+03
     1.050000E+00        49      4.095480E+04      6.776826E+03
     1.050500E+00        49      3.585965E+04      6.031851E+03
     1.051000E+00        49      3.271097E+04      5.588159E+03
     1.051500E+00        49      2.932103E+04      5.083063E+03
     1.052000E+00        49      2.544948E+04      4.473681E+03
     1.052500E+00        49      2.158524E+04      3.844830E+03
     1.053000E+00        49      1.989609E+04      3.588721E+03
     1.053500E+00        49      1.668314E+04      3.045370E+03
     1.054000E+00        49      1.461547E+04      2.698500E+03
     1.054500E+00        49      1.127427E+04      2.104356E+03
     1.055000E+00        49      8.791579E+03      1.658092E+03
     1.055500E+00        49      6.742909E+03      1.284409E+03
     1.056000E+00        49      4.527969E+03      8.707432E+02
     1.056500E+00        49      2.823297E+03      5.479005E+02
     1.057000E+00        49      1.566205E+03      3.066131E+02
     1.057500E+00        49      5.949420E+02      1.174525E+02
     1.058000E+00        49      9.343247E+01      1.859466E+01
     1.105500E+00        49     -3.303085E+01      0.000000E+00
     1.106000E+00        49     -1.511402E+02      0.000000E+00
     1.106500E+00        49     -3.350113E+02      0.000000E+00
     1.107000E+00        49     -6.540011E+02      0.000000E+00
     1.107500E+00        49     -8.962893E+02      0.000000E+00
     1.108000E+00        49     -1.355423E+03      0.000000E+00
     1.108500E+00        49     -1.603999E+03      0.000000E+00
     1.109000E+00        49     -1.911790E+03      0.000000E+00
     1.109500E+00        49     -2.574432E+03      0.000000E+00
     1.110000E+00        49     -2.759032E+03      0.000000E+00
     1.110500E+00        49     -3.122860E+03      0.000000E+00
     1.111000E+00        49     -3.933000E+03      0.000000E+00
     1.111500E+00        49     -4.211338E+03      0.000000E+00
     1.112000E+00        49     -5.223275E+03      0.000000E+00
     1.112500E+00        49     -5.091651E+03      0.000000E+00
     1.113000E+00        49     -5.794266E+03      0.000000E+00
     1.113500E+00        49     -6.658684E+03      0.000000E+00
     1.114000E+00        49     -6.811560E+03      0.000000E+00
     1.114500E+00        49     -7.615047E+03      0.000000E+00
     1.115000E+00        49     -7.770441E+03      0.000000E+00
     1.115500E+00        49     -8.369631E+03      0.000000E+00
     1.116000E+00        49     -8.273824E+03      0.000000E+00
     1.116500E+00        49     -8.565273E+03      0.000000E+00
     1.117000E+00        49     -8.443257E+03      0.000000E+00
     1.117500E+00        49     -9.117943E+03      0.000000E+00
     1.118000E+00        49     -9.111387E+03      0.000000E+00
     1.118500E+00        49     -8.914153E+03      0.000000E+00
     1.119000E+00        49     -8.739593E+03      0.000000E+00
     1.119500E+00        49     -9.673121E+03      0.000000E+00
     1.120000E+00        49     -8.996477E+03      0.000000E+00
     1.120500E+00        49     -9.927105E+03      0.000000E+00
     1.121000E+00        49     -9.442646E+03      0.000000E+00
     1.121500E+00        49     -9.640565E+03      0.000000E+00
     1.122000E+00        49     -1.030561E+04      0.000000E+00
     1.122500E+00        49     -9.386124E+03      0.000000E+00
     1.123000E+00        49     -9.651211E+03      0.000000E+00
     1.123500E+00        49     -8.951862E+03      0.000000E+00
     1.124000E+00        49     -8.472293E+03      0.000000E+00
     1.124500E+00        49     -7.888691E+03      0.000000E+00
     1.125000E+00        49     -6.119137E+03      0.000000E+00
     1.125500E+00        49     -4.879438E+03      0.000000E+00
     1.126000E+00        49     -2.956388E+03      0.000000E+00
     1.126500E+00        49     -9.023657E+02      0.000000E+00
     1.127000E+00        49      1.630537E+05      1.279828E+03
     1.127500E+00        49      1.621027E+05      3.315565E+03
     1.128000E+00        49      1.528574E+05      4.893768E+03
     1.128500E+00        49      1.526991E+05      6.513935E+03
     1.129000E+00        49      1.489389E+05      7.817631E+03
     1.129500E+00        49      1.448290E+05      8.920845E+03
     1.130000E+00        49      1.386410E+05      9.712665E+03
     1.130500E+00        49      1.398645E+05      1.090059E+04
     1.131000E+00        49      1.297676E+05      1.106854E+04
     1.131500E+00        49      1.349539E+05      1.244024E+04
     1.132000E+00        49      1.210490E+05      1.194024E+04
     1.132500E+00        49      1.297748E+05      1.358855E+04
     1.133000E+00        49      1.175457E+05      1.297970E+04
     1.133500E+00        49      1.154149E+05      1.336638E+04
     1.134000E+00        49      1.150274E+05      1.390711E+04
     1.134500E+00        49      1.058981E+05      1.331350E+04
     1.135000E+00        49      1.045108E+05      1.361617E+04
     1.135500E+00        49      9.329264E+04      1.255874E+04
     1.136000E+00        49      8.663006E+04      1.201843E+04
     1.136500E+00        49      8.712763E+04      1.242868E+04
     1.137000E+00        49      7.538454E+04      1.103477E+04
     1.137500E+00        49      6.603695E+04      9.901414E+03
     1.138000E+00        49      6.565973E+04      1.006788E+04
     1.138500E+00        49      5.463882E+04      8.555378E+03
     1.139000E+00        49      5.391377E+04      8.609292E+03
     1.139500E+00        49      4.281741E+04      6.964698E+03
     1.140000E+00        49      4.149710E+04      6.868229E+03
     1.140500E+00        49      3.625687E+04      6.100065E+03
     1.141000E+00        49      3.257389E+04      5.565949E+03
     1.141500E+00        49      2.998023E+04      5.198409E+03
     1.142000E+00        49      2.527163E+04      4.443283E+03
     1.142500E+00        49      2.171104E+04      3.867954E+03
     1.143000E+00        49      2.004125E+04      3.615542E+03
     1.143500E+00        49      1.641473E+04      2.996878E+03
     1.144000E+00        49      1.471857E+04      2.717971E+03
     1.144500E+00        49      1.111378E+04      2.074719E+03
     1.145000E+00        49      8.684022E+03      1.638047E+03
     1.145500E+00        49      6.711468E+03      1.278599E+03
     1.146000E+00        49      4.420649E+03      8.502192E+02
     1.146500E+00        49      2.792665E+03      5.420255E+02
     1.147000E+00        49      1.534208E+03      3.003861E+02
     1.147500E+00        49      5.784269E+02      1.142056E+02
     1.148000E+00        49      8.870809E+01      1.765644E+01
     1.645500E+00        49     -3.998660E+01      0.000000E+00
     1.646000E+00        49     -1.627106E+02      0.000000E+00
     1.646500E+00        49     -3.514552E+02      0.000000E+00
     1.647000E+00        49     -6.757433E+02      0.000000E+00
     1.647500E+00        49     -9.268928E+02      0.000000E+00
     1.648000E+00        49     -1.388384E+03      0.000000E+00
     1.648500E+00        49     -1.649342E+03      0.000000E+00
     1.649000E+00        49     -1.971344E+03      0.000000E+00
     1.649500E+00        49     -2.624249E+03      0.000000E+00
     1.650000E+00        49     -2.869435E+03      0.000000E+00
     1.650500E+00        49     -3.579457E+03      0.000000E+00
     1.651000E+00        49     -3.805442E+03      0.000000E+00
     1.651500E+00        49     -4.254831E+03      0.000000E+00
     1.652000E+00        49     -5.171263E+03      0.000000E+00
     1.652500E+00        49     -5.244926E+03      0.000000E+00
     1.653000E+00        49     -6.147418E+03      0.000000E+00
     1.653500E+00        49     -6.511728E+03      0.000000E+00
     1.654000E+00        49     -6.889355E+03      0.000000E+00
     1.654500E+00        49     -7.449488E+03      0.000000E+00
     1.655000E+00        49     -7.895209E+03      0.000000E+00
     1.655500E+00        49     -8.368259E+03      0.000000E+00
     1.656000E+00        49     -8.191450E+03      0.000000E+00
     1.656500E+00        49     -8.760443E+03      0.000000E+00
     1.657000E+00        49     -8.341259E+03      0.000000E+00
     1.657500E+00        49     -9.223993E+03      0.000000E+00
     1.658000E+00        49     -9.279245E+03      0.000000E+00
     1.658500E+00        49     -8.842214E+03      0.000000E+00
     1.659000E+00        49     -9.053883E+03      0.000000E+00
     1.659500E+00        49     -9.105683E+03      0.000000E+00
     1.660000E+00        49     -9.461218E+03      0.000000E+00
     1.660500E+00        49     -1.032934E+04      0.000000E+00
     1.661000E+00        49     -9.572514E+03      0.000000E+00
     1.661500E+00        49     -9.971462E+03      0.000000E+00
     1.662000E+00        49     -9.329368E+03      0.000000E+00
     1.662500E+00        49     -1.008737E+04      0.000000E+00
     1.663000E+00        49     -9.980391E+03      0.000000E+00
     1.663500E+00        49     -9.070741E+03      0.000000E+00
     1.664000E+00        49     -8.549540E+03      0.000000E+00
     1.664500E+00        49     -7.855965E+03      0.000000E+00
     1.665000E+00        49     -6.031624E+03      0.000000E+00
     1.665500E+00        49     -4.740626E+03      0.000000E+00
     1.666000E+00        49     -2.781873E+03      0.000000E+00
     1.666500E+00        49     -7.164728E+02      0.000000E+00
     1.667000E+00        49      1.619419E+05      1.454681E+03
     1.667500E+00        49      1.607926E+05      3.455685E+03
     1.668000E+00        49      1.512026E+05      4.985057E+03
     1.668500E+00        49      1.512119E+05      6.583555E+03
     1.669000E+00        49      1.476186E+05      7.868516E+03
     1.669500E+00        49      1.435018E+05      8.947503E+03
     1.670000E+00        49      1.381601E+05      9.776074E+03
     1.670500E+00        49      1.393181E+05      1.094933E+04
     1.671000E+00        49      1.361907E+05      1.169987E+04
     1.671500E+00        49      1.321211E+05      1.225498E+04
     1.672000E+00        49      1.206638E+05      1.196730E+04
     1.672500E+00        49      1.298820E+05      1.366565E+04
     1.673000E+00        49      1.184928E+05      1.314092E+04
     1.673500E+00        49      1.164594E+05      1.353989E+04
     1.674000E+00        49      1.160479E+05      1.408001E+04
     1.674500E+00        49      1.074959E+05      1.355781E+04
     1.675000E+00        49      1.053289E+05      1.376311E+04
     1.675500E+00        49      9.451399E+04      1.275754E+04
     1.676000E+00        49      8.767778E+04      1.219412E+04
     1.676500E+00        49      8.726263E+04      1.247668E+04
     1.677000E+00        49      7.617754E+04      1.117476E+04
     1.677500E+00        49      7.253117E+04      1.089687E+04
     1.678000E+00        49      6.211566E+04      9.542235E+03
     1.678500E+00        49      5.371170E+04      8.424911E+03
     1.679000E+00        49      5.130129E+04      8.205556E+03
     1.679500E+00        49      4.257683E+04      6.936253E+03
     1.680000E+00        49      4.236499E+04      7.022073E+03
     1.680500E+00        49      3.397612E+04      5.724189E+03
     1.681000E+00        49      3.216979E+04      5.504039E+03
     1.681500E+00        49      2.822246E+04      4.899643E+03
     1.682000E+00        49      2.510723E+04      4.419531E+03
     1.682500E+00        49      2.112311E+04      3.767385E+03
     1.683000E+00        49      1.937968E+04      3.499883E+03
     1.683500E+00        49      1.649072E+04      3.013778E+03
     1.684000E+00        49      1.419058E+04      2.622985E+03
     1.684500E+00        49      1.104862E+04      2.064443E+03
     1.685000E+00        49      8.558132E+03      1.615714E+03
     1.685500E+00        49      6.502592E+03      1.239844E+03
     1.686000E+00        49      4.368307E+03      8.408266E+02
     1.686500E+00        49      2.942031E+03      5.714551E+02
     1.687000E+00        49      1.372940E+03      2.690096E+02
     1.687500E+00        49      5.141810E+02      1.015928E+02
     1.688000E+00        49      6.542964E+01      1.303198E+01
     1.735500E+00        49     -4.148733E+01      0.000000E+00
     1.736000E+00        49     -1.653649E+02      0.000000E+00
     1.736500E+00        49     -3.560255E+02      0.000000E+00
     1.737000E+00        49     -6.811606E+02      0.000000E+00
     1.737500E+00        49     -9.268176E+02      0.000000E+00
     1.738000E+00        49     -1.400020E+03      0.000000E+00
     1.738500E+00        49     -1.638697E+03      0.000000E+00
     1.739000E+00        49     -1.967936E+03      0.000000E+00
     1.739500E+00        49     -2.630109E+03      0.000000E+00
     1.740000E+00        49     -2.813002E+03      0.000000E+00
     1.740500E+00        49     -3.599578E+03      0.000000E+00
     1.741000E+00        49     -3.743206E+03      0.000000E+00
     1.741500E+00        49     -4.206982E+03      0.000000E+00
     1.742000E+00        49     -5.188723E+03      0.000000E+00
     1.742500E+00        49     -5.112644E+03      0.000000E+00
     1.743000E+00        49     -6.189089E+03      0.000000E+00
     1.743500E+00        49     -6.442519E+03      0.000000E+00
     1.744000E+00        49     -6.823158E+03      0.000000E+00
     1.744500E+00        49     -7.523693E+03      0.000000E+00
     1.745000E+00        49     -7.774074E+03      0.000000E+00
     1.745500E+00        49     -8.427601E+03      0.000000E+00
     1.746000E+00        49     -8.197444E+03      0.000000E+00
     1.746500E+00        49     -8.660439E+03      0.000000E+00
     1.747000E+00        49     -8.442212E+03      0.000000E+00
     1.747500E+00        49     -9.092386E+03      0.000000E+00
     1.748000E+00        49     -9.238671E+03      0.000000E+00
     1.748500E+00        49     -8.835490E+03      0.000000E+00
     1.749000E+00        49     -8.814910E+03      0.000000E+00
     1.749500E+00        49     -9.109487E+03      0.000000E+00
     1.750000E+00        49     -9.230755E+03      0.000000E+00
     1.750500E+00        49     -1.016035E+04      0.000000E+00
     1.751000E+00        49     -9.465003E+03      0.000000E+00
     1.751500E+00        49     -9.690472E+03      0.000000E+00
     1.752000E+00        49     -9.245307E+03      0.000000E+00
     1.752500E+00        49     -9.887277E+03      0.000000E+00
     1.753000E+00        49     -9.838684E+03      0.000000E+00
     1.753500E+00        49     -8.994754E+03      0.000000E+00
     1.754000E+00        49     -8.430831E+03      0.000000E+00
     1.754500E+00        49     -7.471118E+03      0.000000E+00
     1.755000E+00        49     -6.149447E+03      0.000000E+00
     1.755500E+00        49     -4.752500E+03      0.000000E+00
     1.756000E+00        49     -2.775195E+03      0.000000E+00
     1.756500E+00        49     -6.918302E+02      0.000000E+00
     1.757000E+00        49      1.631256E+05      1.495994E+03
     1.757500E+00        49      1.620435E+05      3.510483E+03
     1.758000E+00        49      1.523910E+05      5.048371E+03
     1.758500E+00        49      1.518624E+05      6.634059E+03
     1.759000E+00        49      1.482561E+05      7.922536E+03
     1.759500E+00        49      1.436860E+05      8.977010E+03
     1.760000E+00        49      1.376774E+05      9.757994E+03
     1.760500E+00        49      1.388625E+05      1.092865E+04
     1.761000E+00        49      1.351808E+05      1.162687E+04
     1.761500E+00        49      1.304386E+05      1.211136E+04
     1.762000E+00        49      1.192400E+05      1.183677E+04
     1.762500E+00        49      1.276996E+05      1.344679E+04
     1.763000E+00        49      1.161965E+05      1.289548E+04
     1.763500E+00        49      1.199407E+05      1.395364E+04
     1.764000E+00        49      1.106331E+05      1.343088E+04
     1.764500E+00        49      1.047895E+05      1.322351E+04
     1.765000E+00        49      1.024966E+05      1.339954E+04
     1.765500E+00        49      9.209986E+04      1.243725E+04
     1.766000E+00        49      8.657087E+04      1.204515E+04
     1.766500E+00        49      8.543779E+04      1.222045E+04
     1.767000E+00        49      7.546464E+04      1.107413E+04
     1.767500E+00        49      7.235458E+04      1.087395E+04
     1.768000E+00        49      6.131908E+04      9.422783E+03
     1.768500E+00        49      5.431034E+04      8.521282E+03
     1.769000E+00        49      5.131572E+04      8.210100E+03
     1.769500E+00        49      4.277133E+04      6.969725E+03
     1.770000E+00        49      4.319085E+04      7.160691E+03
     1.770500E+00        49      3.395979E+04      5.722743E+03
     1.771000E+00        49      3.274612E+04      5.603854E+03
     1.771500E+00        49      2.854594E+04      4.956815E+03
     1.772000E+00        49      2.510642E+04      4.420245E+03
     1.772500E+00        49      2.266635E+04      4.043373E+03
     1.773000E+00        49      1.876746E+04      3.389912E+03
     1.773500E+00        49      1.629491E+04      2.978490E+03
     1.774000E+00        49      1.411429E+04      2.609299E+03
     1.774500E+00        49      1.083896E+04      2.025576E+03
     1.775000E+00        49      8.496995E+03      1.604405E+03
     1.775500E+00        49      6.403760E+03      1.221170E+03
     1.776000E+00        49      4.287939E+03      8.254672E+02
     1.776500E+00        49      2.907059E+03      5.647345E+02
     1.777000E+00        49      1.340093E+03      2.626059E+02
     1.777500E+00        49      5.013298E+02      9.906533E+01
     1.778000E+00        49      6.151381E+01      1.225343E+01
