     1.037000E+00        50     -1.651873E+01      0.000000E+00
     1.037500E+00        50     -1.232580E+02      0.000000E+00
     1.038000E+00        50     -3.055291E+02      0.000000E+00
     1.038500E+00        50     -5.823503E+02      0.000000E+00
     1.039000E+00        50     -9.195129E+02      0.000000E+00
     1.039500E+00        50     -1.311794E+03      0.000000E+00
     1.040000E+00        50     -1.746790E+03      0.000000E+00
     1.040500E+00        50     -2.316845E+03      0.000000E+00
     1.041000E+00        50     -2.757687E+03      0.000000E+00
     1.041500E+00        50     -3.578055E+03      0.000000E+00
     1.042000E+00        50     -3.905578E+03      0.000000E+00
     1.042500E+00        50     -5.046590E+03      0.000000E+00
     1.043000E+00        50     -5.417448E+03      0.000000E+00
     1.043500E+00        50     -6.224689E+03      0.000000E+00
     1.044000E+00        50     -7.216636E+03      0.000000E+00
     1.044500E+00        50     -7.641740E+03      0.000000E+00
     1.045000E+00        50     -8.609078E+03      0.000000E+00
     1.045500E+00        50     -8.773787E+03      0.000000E+00
     1.046000E+00        50     -9.206484E+03      0.000000E+00
     1.046500E+00        50     -1.038819E+04      0.000000E+00
     1.047000E+00        50     -1.017824E+04      0.000000E+00
     1.047500E+00        50     -9.888496E+03      0.000000E+00
     1.048000E+00        50     -1.104765E+04      0.000000E+00
     1.048500E+00        50     -1.032516E+04      0.000000E+00
     1.049000E+00        50     -1.119021E+04      0.000000E+00
     1.049500E+00        50     -1.017206E+04      0.000000E+00
     1.050000E+00        50     -1.082532E+04      0.000000E+00
     1.050500E+00        50     -1.063763E+04      0.000000E+00
     1.051000E+00        50     -1.091069E+04      0.000000E+00
     1.051500E+00        50     -1.102552E+04      0.000000E+00
     1.052000E+00        50     -1.082618E+04      0.000000E+00
     1.052500E+00        50     -1.043495E+04      0.000000E+00
     1.053000E+00        50     -1.099365E+04      0.000000E+00
     1.053500E+00        50     -1.061406E+04      0.000000E+00
     1.054000E+00        50     -1.080750E+04      0.000000E+00
     1.054500E+00        50     -9.808218E+03      0.000000E+00
     1.055000E+00        50     -9.143813E+03      0.000000E+00
     1.055500E+00        50     -8.569134E+03      0.000000E+00
     1.056000E+00        50     -7.251861E+03      0.000000E+00
     1.056500E+00        50     -5.970844E+03      0.000000E+00
     1.057000E+00        50     -4.728085E+03      0.000000E+00
     1.057500E+00        50     -2.993872E+03      0.000000E+00
     1.058000E+00        50     -1.255012E+03      0.000000E+00
     1.058500E+00        50      1.346724E+05      6.792540E+02
     1.059000E+00        50      1.281279E+05      2.291699E+03
     1.059500E+00        50      1.246050E+05      3.695368E+03
     1.060000E+00        50      1.136366E+05      4.600513E+03
     1.060500E+00        50      1.157147E+05      5.841074E+03
     1.061000E+00        50      1.019284E+05      6.088274E+03
     1.061500E+00        50      1.018846E+05      6.960945E+03
     1.062000E+00        50      9.573752E+04      7.306660E+03
     1.062500E+00        50      9.241008E+04      7.742466E+03
     1.063000E+00        50      8.506811E+04      7.721274E+03
     1.063500E+00        50      8.862482E+04      8.624169E+03
     1.064000E+00        50      8.933674E+04      9.242701E+03
     1.064500E+00        50      8.566361E+04      9.358342E+03
     1.065000E+00        50      8.902392E+04      1.021108E+04
     1.065500E+00        50      8.995655E+04      1.078150E+04
     1.066000E+00        50      9.118707E+04      1.137334E+04
     1.066500E+00        50      8.934992E+04      1.155668E+04
     1.067000E+00        50      8.845810E+04      1.182873E+04
     1.067500E+00        50      8.988650E+04      1.239370E+04
     1.068000E+00        50      8.798090E+04      1.247911E+04
     1.068500E+00        50      8.910893E+04      1.297493E+04
     1.069000E+00        50      8.175475E+04      1.219787E+04
     1.069500E+00        50      7.952580E+04      1.213807E+04
     1.070000E+00        50      7.381543E+04      1.150840E+04
     1.070500E+00        50      6.802231E+04      1.081843E+04
     1.071000E+00        50      6.151853E+04      9.968684E+03
     1.071500E+00        50      5.454786E+04      8.996013E+03
     1.072000E+00        50      5.052778E+04      8.472407E+03
     1.072500E+00        50      4.269102E+04      7.271405E+03
     1.073000E+00        50      3.678217E+04      6.358555E+03
     1.073500E+00        50      3.088923E+04      5.415405E+03
     1.074000E+00        50      2.592871E+04      4.606776E+03
     1.074500E+00        50      2.160328E+04      3.887242E+03
     1.075000E+00        50      1.654651E+04      3.013480E+03
     1.075500E+00        50      1.387338E+04      2.555864E+03
     1.076000E+00        50      1.031320E+04      1.920938E+03
     1.076500E+00        50      7.775941E+03      1.463606E+03
     1.077000E+00        50      5.676772E+03      1.079256E+03
     1.077500E+00        50      3.662724E+03      7.030610E+02
     1.078000E+00        50      2.465502E+03      4.776234E+02
     1.078500E+00        50      1.301346E+03      2.543319E+02
     1.079000E+00        50      5.900502E+02      1.162978E+02
     1.079500E+00        50      1.197733E+02      2.379977E+01
     1.127000E+00        50     -1.742645E+01      0.000000E+00
     1.127500E+00        50     -1.259003E+02      0.000000E+00
     1.128000E+00        50     -3.108917E+02      0.000000E+00
     1.128500E+00        50     -5.886891E+02      0.000000E+00
     1.129000E+00        50     -9.272487E+02      0.000000E+00
     1.129500E+00        50     -1.323384E+03      0.000000E+00
     1.130000E+00        50     -1.745453E+03      0.000000E+00
     1.130500E+00        50     -2.319992E+03      0.000000E+00
     1.131000E+00        50     -2.743540E+03      0.000000E+00
     1.131500E+00        50     -3.545333E+03      0.000000E+00
     1.132000E+00        50     -3.873251E+03      0.000000E+00
     1.132500E+00        50     -4.977155E+03      0.000000E+00
     1.133000E+00        50     -5.333378E+03      0.000000E+00
     1.133500E+00        50     -6.129032E+03      0.000000E+00
     1.134000E+00        50     -7.085813E+03      0.000000E+00
     1.134500E+00        50     -7.511078E+03      0.000000E+00
     1.135000E+00        50     -8.482020E+03      0.000000E+00
     1.135500E+00        50     -8.618976E+03      0.000000E+00
     1.136000E+00        50     -9.071469E+03      0.000000E+00
     1.136500E+00        50     -1.030463E+04      0.000000E+00
     1.137000E+00        50     -1.004138E+04      0.000000E+00
     1.137500E+00        50     -9.884926E+03      0.000000E+00
     1.138000E+00        50     -1.102700E+04      0.000000E+00
     1.138500E+00        50     -1.028423E+04      0.000000E+00
     1.139000E+00        50     -1.136741E+04      0.000000E+00
     1.139500E+00        50     -1.011331E+04      0.000000E+00
     1.140000E+00        50     -1.098679E+04      0.000000E+00
     1.140500E+00        50     -1.077347E+04      0.000000E+00
     1.141000E+00        50     -1.088351E+04      0.000000E+00
     1.141500E+00        50     -1.129313E+04      0.000000E+00
     1.142000E+00        50     -1.076997E+04      0.000000E+00
     1.142500E+00        50     -1.051551E+04      0.000000E+00
     1.143000E+00        50     -1.109574E+04      0.000000E+00
     1.143500E+00        50     -1.046518E+04      0.000000E+00
     1.144000E+00        50     -1.090822E+04      0.000000E+00
     1.144500E+00        50     -9.692284E+03      0.000000E+00
     1.145000E+00        50     -9.056490E+03      0.000000E+00
     1.145500E+00        50     -8.555518E+03      0.000000E+00
     1.146000E+00        50     -7.105669E+03      0.000000E+00
     1.146500E+00        50     -5.932497E+03      0.000000E+00
     1.147000E+00        50     -4.659209E+03      0.000000E+00
     1.147500E+00        50     -2.938060E+03      0.000000E+00
     1.148000E+00        50     -1.219944E+03      0.000000E+00
     1.148500E+00        50      1.337288E+05      7.003320E+02
     1.149000E+00        50      1.272783E+05      2.299000E+03
     1.149500E+00        50      1.238326E+05      3.692563E+03
     1.150000E+00        50      1.139981E+05      4.632201E+03
     1.150500E+00        50      1.145415E+05      5.797692E+03
     1.151000E+00        50      1.027196E+05      6.148702E+03
     1.151500E+00        50      1.022225E+05      6.996219E+03
     1.152000E+00        50      9.488145E+04      7.251869E+03
     1.152500E+00        50      9.433605E+04      7.913627E+03
     1.153000E+00        50      8.418727E+04      7.649511E+03
     1.153500E+00        50      8.913105E+04      8.681565E+03
     1.154000E+00        50      9.081465E+04      9.403396E+03
     1.154500E+00        50      8.393135E+04      9.175885E+03
     1.155000E+00        50      9.088730E+04      1.043174E+04
     1.155500E+00        50      8.919957E+04      1.069720E+04
     1.156000E+00        50      9.039048E+04      1.128016E+04
     1.156500E+00        50      9.102763E+04      1.177957E+04
     1.157000E+00        50      8.603742E+04      1.151032E+04
     1.157500E+00        50      9.116352E+04      1.257510E+04
     1.158000E+00        50      8.741241E+04      1.240334E+04
     1.158500E+00        50      8.773889E+04      1.278009E+04
     1.159000E+00        50      8.318816E+04      1.241594E+04
     1.159500E+00        50      7.742773E+04      1.182157E+04
     1.160000E+00        50      7.445234E+04      1.161113E+04
     1.160500E+00        50      6.778369E+04      1.078347E+04
     1.161000E+00        50      6.031346E+04      9.775959E+03
     1.161500E+00        50      5.551419E+04      9.157629E+03
     1.162000E+00        50      4.930595E+04      8.269451E+03
     1.162500E+00        50      4.288254E+04      7.305629E+03
     1.163000E+00        50      3.683269E+04      6.368611E+03
     1.163500E+00        50      3.015517E+04      5.287752E+03
     1.164000E+00        50      2.639230E+04      4.690020E+03
     1.164500E+00        50      2.111881E+04      3.800743E+03
     1.165000E+00        50      1.651608E+04      3.008447E+03
     1.165500E+00        50      1.394416E+04      2.569320E+03
     1.166000E+00        50      1.004012E+04      1.870363E+03
     1.166500E+00        50      7.882980E+03      1.483972E+03
     1.167000E+00        50      5.582165E+03      1.061420E+03
     1.167500E+00        50      3.632139E+03      6.972843E+02
     1.168000E+00        50      2.466449E+03      4.778686E+02
     1.168500E+00        50      1.273559E+03      2.489322E+02
     1.169000E+00        50      5.839857E+02      1.151163E+02
     1.169500E+00        50      1.154169E+02      2.293675E+01
     1.667000E+00        50     -2.280250E+01      0.000000E+00
     1.667500E+00        50     -1.386827E+02      0.000000E+00
     1.668000E+00        50     -3.279922E+02      0.000000E+00
     1.668500E+00        50     -6.106698E+02      0.000000E+00
     1.669000E+00        50     -9.530200E+02      0.000000E+00
     1.669500E+00        50     -1.350991E+03      0.000000E+00
     1.670000E+00        50     -1.784124E+03      0.000000E+00
     1.670500E+00        50     -2.362656E+03      0.000000E+00
     1.671000E+00        50     -2.936554E+03      0.000000E+00
     1.671500E+00        50     -3.533111E+03      0.000000E+00
     1.672000E+00        50     -3.924120E+03      0.000000E+00
     1.672500E+00        50     -5.056555E+03      0.000000E+00
     1.673000E+00        50     -5.452090E+03      0.000000E+00
     1.673500E+00        50     -6.266371E+03      0.000000E+00
     1.674000E+00        50     -7.238266E+03      0.000000E+00
     1.674500E+00        50     -7.715459E+03      0.000000E+00
     1.675000E+00        50     -8.646294E+03      0.000000E+00
     1.675500E+00        50     -8.828216E+03      0.000000E+00
     1.676000E+00        50     -9.279443E+03      0.000000E+00
     1.676500E+00        50     -1.042822E+04      0.000000E+00
     1.677000E+00        50     -1.025062E+04      0.000000E+00
     1.677500E+00        50     -1.096611E+04      0.000000E+00
     1.678000E+00        50     -1.053541E+04      0.000000E+00
     1.678500E+00        50     -1.020946E+04      0.000000E+00
     1.679000E+00        50     -1.092310E+04      0.000000E+00
     1.679500E+00        50     -1.015583E+04      0.000000E+00
     1.680000E+00        50     -1.132829E+04      0.000000E+00
     1.680500E+00        50     -1.019771E+04      0.000000E+00
     1.681000E+00        50     -1.085917E+04      0.000000E+00
     1.681500E+00        50     -1.074334E+04      0.000000E+00
     1.682000E+00        50     -1.081673E+04      0.000000E+00
     1.682500E+00        50     -1.034708E+04      0.000000E+00
     1.683000E+00        50     -1.085763E+04      0.000000E+00
     1.683500E+00        50     -1.064692E+04      0.000000E+00
     1.684000E+00        50     -1.066019E+04      0.000000E+00
     1.684500E+00        50     -9.778620E+03      0.000000E+00
     1.685000E+00        50     -9.072579E+03      0.000000E+00
     1.685500E+00        50     -8.445177E+03      0.000000E+00
     1.686000E+00        50     -7.177228E+03      0.000000E+00
     1.686500E+00        50     -6.421673E+03      0.000000E+00
     1.687000E+00        50     -4.324211E+03      0.000000E+00
     1.687500E+00        50     -2.766910E+03      0.000000E+00
     1.688000E+00        50     -1.049358E+03      0.000000E+00
     1.688500E+00        50      1.331029E+05      8.506460E+02
     1.689000E+00        50      1.345536E+05      2.572484E+03
     1.689500E+00        50      1.194155E+05      3.676660E+03
     1.690000E+00        50      1.113615E+05      4.624604E+03
     1.690500E+00        50      1.146034E+05      5.895546E+03
     1.691000E+00        50      1.004864E+05      6.092044E+03
     1.691500E+00        50      1.011812E+05      6.997063E+03
     1.692000E+00        50      9.512029E+04      7.333327E+03
     1.692500E+00        50      9.173326E+04      7.752245E+03
     1.693000E+00        50      8.494672E+04      7.767918E+03
     1.693500E+00        50      8.823829E+04      8.642769E+03
     1.694000E+00        50      8.907389E+04      9.268866E+03
     1.694500E+00        50      8.569931E+04      9.410607E+03
     1.695000E+00        50      8.854646E+04      1.020348E+04
     1.695500E+00        50      8.493262E+04      1.022212E+04
     1.696000E+00        50      9.333076E+04      1.168520E+04
     1.696500E+00        50      8.988478E+04      1.166648E+04
     1.697000E+00        50      8.923058E+04      1.197031E+04
     1.697500E+00        50      8.950343E+04      1.237738E+04
     1.698000E+00        50      8.796576E+04      1.251111E+04
     1.698500E+00        50      8.880175E+04      1.296305E+04
     1.699000E+00        50      8.119360E+04      1.214280E+04
     1.699500E+00        50      7.911636E+04      1.210224E+04
     1.700000E+00        50      7.318071E+04      1.143302E+04
     1.700500E+00        50      6.731086E+04      1.072604E+04
     1.701000E+00        50      6.093056E+04      9.891406E+03
     1.701500E+00        50      5.389826E+04      8.904148E+03
     1.702000E+00        50      4.978244E+04      8.360960E+03
     1.702500E+00        50      4.223676E+04      7.205059E+03
     1.703000E+00        50      3.608160E+04      6.246500E+03
     1.703500E+00        50      3.043285E+04      5.342737E+03
     1.704000E+00        50      2.549153E+04      4.535024E+03
     1.704500E+00        50      2.108282E+04      3.798309E+03
     1.705000E+00        50      1.628843E+04      2.969993E+03
     1.705500E+00        50      1.347316E+04      2.484937E+03
     1.706000E+00        50      1.005598E+04      1.875049E+03
     1.706500E+00        50      7.557566E+03      1.423969E+03
     1.707000E+00        50      5.450006E+03      1.037166E+03
     1.707500E+00        50      3.529694E+03      6.781658E+02
     1.708000E+00        50      2.327337E+03      4.512660E+02
     1.708500E+00        50      1.211191E+03      2.369178E+02
     1.709000E+00        50      5.270748E+02      1.039722E+02
     1.709500E+00        50      9.227318E+01      1.835001E+01
     1.757000E+00        50     -2.396468E+01      0.000000E+00
     1.757500E+00        50     -1.421482E+02      0.000000E+00
     1.758000E+00        50     -3.340702E+02      0.000000E+00
     1.758500E+00        50     -6.179959E+02      0.000000E+00
     1.759000E+00        50     -9.628833E+02      0.000000E+00
     1.759500E+00        50     -1.359412E+03      0.000000E+00
     1.760000E+00        50     -1.785374E+03      0.000000E+00
     1.760500E+00        50     -2.363580E+03      0.000000E+00
     1.761000E+00        50     -2.924301E+03      0.000000E+00
     1.761500E+00        50     -3.498410E+03      0.000000E+00
     1.762000E+00        50     -3.888282E+03      0.000000E+00
     1.762500E+00        50     -4.983989E+03      0.000000E+00
     1.763000E+00        50     -5.358868E+03      0.000000E+00
     1.763500E+00        50     -6.467814E+03      0.000000E+00
     1.764000E+00        50     -6.914828E+03      0.000000E+00
     1.764500E+00        50     -7.536073E+03      0.000000E+00
     1.765000E+00        50     -8.429743E+03      0.000000E+00
     1.765500E+00        50     -8.618451E+03      0.000000E+00
     1.766000E+00        50     -9.178540E+03      0.000000E+00
     1.766500E+00        50     -1.022779E+04      0.000000E+00
     1.767000E+00        50     -1.017188E+04      0.000000E+00
     1.767500E+00        50     -1.095764E+04      0.000000E+00
     1.768000E+00        50     -1.041744E+04      0.000000E+00
     1.768500E+00        50     -1.034015E+04      0.000000E+00
     1.769000E+00        50     -1.094403E+04      0.000000E+00
     1.769500E+00        50     -1.021896E+04      0.000000E+00
     1.770000E+00        50     -1.156823E+04      0.000000E+00
     1.770500E+00        50     -1.020991E+04      0.000000E+00
     1.771000E+00        50     -1.107263E+04      0.000000E+00
     1.771500E+00        50     -1.088556E+04      0.000000E+00
     1.772000E+00        50     -1.083601E+04      0.000000E+00
     1.772500E+00        50     -1.112401E+04      0.000000E+00
     1.773000E+00        50     -1.053551E+04      0.000000E+00
     1.773500E+00        50     -1.054269E+04      0.000000E+00
     1.774000E+00        50     -1.062692E+04      0.000000E+00
     1.774500E+00        50     -9.616780E+03      0.000000E+00
     1.775000E+00        50     -9.032533E+03      0.000000E+00
     1.775500E+00        50     -8.342881E+03      0.000000E+00
     1.776000E+00        50     -7.071221E+03      0.000000E+00
     1.776500E+00        50     -6.374456E+03      0.000000E+00
     1.777000E+00        50     -4.246939E+03      0.000000E+00
     1.777500E+00        50     -2.724650E+03      0.000000E+00
     1.778000E+00        50     -1.014570E+03      0.000000E+00
     1.778500E+00        50      1.323694E+05      8.713001E+02
     1.779000E+00        50      1.336998E+05      2.579587E+03
     1.779500E+00        50      1.194066E+05      3.695603E+03
     1.780000E+00        50      1.112922E+05      4.638241E+03
     1.780500E+00        50      1.141838E+05      5.889624E+03
     1.781000E+00        50      1.016996E+05      6.178540E+03
     1.781500E+00        50      9.419790E+04      6.525294E+03
     1.782000E+00        50      9.933167E+04      7.668967E+03
     1.782500E+00        50      9.442244E+04      7.989244E+03
     1.783000E+00        50      8.511575E+04      7.791598E+03
     1.783500E+00        50      9.052651E+04      8.875105E+03
     1.784000E+00        50      8.955641E+04      9.326714E+03
     1.784500E+00        50      8.569128E+04      9.416611E+03
     1.785000E+00        50      9.057745E+04      1.044438E+04
     1.785500E+00        50      8.337893E+04      1.004111E+04
     1.786000E+00        50      9.469717E+04      1.186270E+04
     1.786500E+00        50      8.975805E+04      1.165580E+04
     1.787000E+00        50      8.798689E+04      1.180884E+04
     1.787500E+00        50      9.099875E+04      1.258945E+04
     1.788000E+00        50      8.598965E+04      1.223481E+04
     1.788500E+00        50      8.927533E+04      1.303689E+04
     1.789000E+00        50      8.101773E+04      1.212057E+04
     1.789500E+00        50      7.764796E+04      1.188135E+04
     1.790000E+00        50      7.407755E+04      1.157654E+04
     1.790500E+00        50      6.870459E+04      1.095115E+04
     1.791000E+00        50      5.954311E+04      9.668676E+03
     1.791500E+00        50      5.374515E+04      8.881022E+03
     1.792000E+00        50      4.814473E+04      8.087773E+03
     1.792500E+00        50      4.279751E+04      7.302307E+03
     1.793000E+00        50      3.527558E+04      6.108222E+03
     1.793500E+00        50      3.013545E+04      5.291564E+03
     1.794000E+00        50      2.578146E+04      4.587457E+03
     1.794500E+00        50      2.041810E+04      3.679204E+03
     1.795000E+00        50      1.661063E+04      3.029252E+03
     1.795500E+00        50      1.328150E+04      2.449982E+03
     1.796000E+00        50      9.973423E+03      1.859941E+03
     1.796500E+00        50      7.662010E+03      1.443860E+03
     1.797000E+00        50      5.326217E+03      1.013750E+03
     1.797500E+00        50      3.565787E+03      6.851926E+02
     1.798000E+00        50      2.309847E+03      4.479323E+02
     1.798500E+00        50      1.196714E+03      2.341151E+02
     1.799000E+00        50      5.229709E+02      1.031749E+02
     1.799500E+00        50      8.861732E+01      1.762500E+01
