     8.650000E-02         6     -1.581628E+00      0.000000E+00
     8.700000E-02         6     -4.463533E+01      0.000000E+00
     8.750000E-02         6     -1.513727E+02      0.000000E+00
     8.800000E-02         6     -2.823011E+02      0.000000E+00
     8.850000E-02         6     -4.910040E+02      0.000000E+00
     8.900000E-02         6     -7.752543E+02      0.000000E+00
     8.950000E-02         6     -1.131634E+03      0.000000E+00
     9.000000E-02         6     -1.639955E+03      0.000000E+00
     9.050000E-02         6     -2.165341E+03      0.000000E+00
     9.100000E-02         6     -2.771025E+03      0.000000E+00
     9.150000E-02         6     -3.824292E+03      0.000000E+00
     9.200000E-02         6     -4.745753E+03      0.000000E+00
     9.250000E-02         6     -5.391267E+03      0.000000E+00
     9.300000E-02         6     -7.307268E+03      0.000000E+00
     9.350000E-02         6     -8.010915E+03      0.000000E+00
     9.400000E-02         6     -9.450786E+03      0.000000E+00
     9.450000E-02         6     -9.943429E+03      0.000000E+00
     9.500000E-02         6     -1.054001E+04      0.000000E+00
     9.550000E-02         6     -1.121889E+04      0.000000E+00
     9.600000E-02         6     -1.101656E+04      0.000000E+00
     9.650000E-02         6     -1.077405E+04      0.000000E+00
     9.700000E-02         6     -1.000399E+04      0.000000E+00
     9.750000E-02         6     -9.278380E+03      0.000000E+00
     9.800000E-02         6     -7.869117E+03      0.000000E+00
     9.850000E-02         6     -7.389675E+03      0.000000E+00
     9.900000E-02         6     -5.858925E+03      0.000000E+00
     9.950000E-02         6     -5.060202E+03      0.000000E+00
     1.000000E-01         6     -5.622943E+03      0.000000E+00
     1.005000E-01         6     -4.102422E+03      0.000000E+00
     1.010000E-01         6     -5.123399E+03      0.000000E+00
     1.015000E-01         6     -5.812883E+03      0.000000E+00
     1.020000E-01         6     -5.421964E+03      0.000000E+00
     1.025000E-01         6     -6.849886E+03      0.000000E+00
     1.030000E-01         6     -7.081986E+03      0.000000E+00
     1.035000E-01         6     -8.687844E+03      0.000000E+00
     1.040000E-01         6     -9.286184E+03      0.000000E+00
     1.045000E-01         6     -9.493497E+03      0.000000E+00
     1.050000E-01         6     -9.658249E+03      0.000000E+00
     1.055000E-01         6     -9.044110E+03      0.000000E+00
     1.060000E-01         6     -8.289808E+03      0.000000E+00
     1.065000E-01         6     -7.028845E+03      0.000000E+00
     1.070000E-01         6     -4.886090E+03      0.000000E+00
     1.075000E-01         6     -2.613063E+03      0.000000E+00
     1.080000E-01         6      2.000219E+05      4.796688E+01
     1.085000E-01         6      1.955828E+05      2.639275E+03
     1.090000E-01         6      1.890412E+05      4.844461E+03
     1.095000E-01         6      1.731133E+05      6.365869E+03
     1.100000E-01         6      1.676788E+05      7.889102E+03
     1.105000E-01         6      1.453476E+05      8.219810E+03
     1.110000E-01         6      1.365243E+05      8.924374E+03
     1.115000E-01         6      1.213381E+05      8.926578E+03
     1.120000E-01         6      1.092928E+05      8.876055E+03
     1.125000E-01         6      1.007347E+05      8.900895E+03
     1.130000E-01         6      9.382520E+04      8.918458E+03
     1.135000E-01         6      8.187586E+04      8.297108E+03
     1.140000E-01         6      8.218087E+04      8.813692E+03
     1.145000E-01         6      7.361038E+04      8.304419E+03
     1.150000E-01         6      7.622712E+04      9.000255E+03
     1.155000E-01         6      7.571230E+04      9.315654E+03
     1.160000E-01         6      7.502489E+04      9.584025E+03
     1.165000E-01         6      7.554828E+04      9.987890E+03
     1.170000E-01         6      7.730560E+04      1.054765E+04
     1.175000E-01         6      7.866050E+04      1.104928E+04
     1.180000E-01         6      8.089741E+04      1.167361E+04
     1.185000E-01         6      7.923245E+04      1.172284E+04
     1.190000E-01         6      7.418154E+04      1.123413E+04
     1.195000E-01         6      7.063313E+04      1.093195E+04
     1.200000E-01         6      6.945070E+04      1.097005E+04
     1.205000E-01         6      6.306573E+04      1.015369E+04
     1.210000E-01         6      5.605611E+04      9.188767E+03
     1.215000E-01         6      5.040474E+04      8.403477E+03
     1.220000E-01         6      4.405663E+04      7.463468E+03
     1.225000E-01         6      3.827263E+04      6.582370E+03
     1.230000E-01         6      3.162963E+04      5.518310E+03
     1.235000E-01         6      2.723708E+04      4.816941E+03
     1.240000E-01         6      2.208604E+04      3.956697E+03
     1.245000E-01         6      1.793080E+04      3.251965E+03
     1.250000E-01         6      1.347420E+04      2.472450E+03
     1.255000E-01         6      1.116071E+04      2.070904E+03
     1.260000E-01         6      8.156640E+03      1.529691E+03
     1.265000E-01         6      6.412978E+03      1.214990E+03
     1.270000E-01         6      4.700170E+03      8.992001E+02
     1.275000E-01         6      2.956660E+03      5.709467E+02
     1.280000E-01         6      1.853541E+03      3.611442E+02
     1.285000E-01         6      9.097947E+02      1.787925E+02
     1.290000E-01         6      2.614912E+02      5.181351E+01
     1.295000E-01         6      6.516113E+00      1.301415E+00
     1.765000E-01         6     -1.812269E+00      0.000000E+00
     1.770000E-01         6     -4.610389E+01      0.000000E+00
     1.775000E-01         6     -1.535131E+02      0.000000E+00
     1.780000E-01         6     -2.872723E+02      0.000000E+00
     1.785000E-01         6     -4.949897E+02      0.000000E+00
     1.790000E-01         6     -7.760341E+02      0.000000E+00
     1.795000E-01         6     -1.144239E+03      0.000000E+00
     1.800000E-01         6     -1.622681E+03      0.000000E+00
     1.805000E-01         6     -2.137462E+03      0.000000E+00
     1.810000E-01         6     -2.672028E+03      0.000000E+00
     1.815000E-01         6     -3.613949E+03      0.000000E+00
     1.820000E-01         6     -4.447033E+03      0.000000E+00
     1.825000E-01         6     -4.898169E+03      0.000000E+00
     1.830000E-01         6     -6.666074E+03      0.000000E+00
     1.835000E-01         6     -7.183680E+03      0.000000E+00
     1.840000E-01         6     -8.409737E+03      0.000000E+00
     1.845000E-01         6     -8.757700E+03      0.000000E+00
     1.850000E-01         6     -9.266935E+03      0.000000E+00
     1.855000E-01         6     -9.919384E+03      0.000000E+00
     1.860000E-01         6     -9.845915E+03      0.000000E+00
     1.865000E-01         6     -9.725963E+03      0.000000E+00
     1.870000E-01         6     -9.132530E+03      0.000000E+00
     1.875000E-01         6     -8.721415E+03      0.000000E+00
     1.880000E-01         6     -7.424955E+03      0.000000E+00
     1.885000E-01         6     -7.302564E+03      0.000000E+00
     1.890000E-01         6     -5.946212E+03      0.000000E+00
     1.895000E-01         6     -5.285832E+03      0.000000E+00
     1.900000E-01         6     -6.178814E+03      0.000000E+00
     1.905000E-01         6     -4.547143E+03      0.000000E+00
     1.910000E-01         6     -5.818773E+03      0.000000E+00
     1.915000E-01         6     -6.463917E+03      0.000000E+00
     1.920000E-01         6     -5.989894E+03      0.000000E+00
     1.925000E-01         6     -7.572378E+03      0.000000E+00
     1.930000E-01         6     -7.510236E+03      0.000000E+00
     1.935000E-01         6     -9.210842E+03      0.000000E+00
     1.940000E-01         6     -9.683115E+03      0.000000E+00
     1.945000E-01         6     -9.714291E+03      0.000000E+00
     1.950000E-01         6     -9.932689E+03      0.000000E+00
     1.955000E-01         6     -9.114770E+03      0.000000E+00
     1.960000E-01         6     -8.360799E+03      0.000000E+00
     1.965000E-01         6     -7.053905E+03      0.000000E+00
     1.970000E-01         6     -4.853461E+03      0.000000E+00
     1.975000E-01         6     -2.580870E+03      0.000000E+00
     1.980000E-01         6      1.995414E+05      8.766962E+01
     1.985000E-01         6      1.950619E+05      2.667805E+03
     1.990000E-01         6      1.879160E+05      4.847044E+03
     1.995000E-01         6      1.730596E+05      6.390523E+03
     2.000000E-01         6      1.661360E+05      7.840125E+03
     2.005000E-01         6      1.446861E+05      8.201447E+03
     2.010000E-01         6      1.366249E+05      8.947650E+03
     2.015000E-01         6      1.192805E+05      8.788789E+03
     2.020000E-01         6      1.103477E+05      8.973458E+03
     2.025000E-01         6      9.955146E+04      8.806250E+03
     2.030000E-01         6      9.322337E+04      8.869949E+03
     2.035000E-01         6      8.288486E+04      8.406624E+03
     2.040000E-01         6      8.016821E+04      8.604455E+03
     2.045000E-01         6      7.443205E+04      8.402909E+03
     2.050000E-01         6      7.546718E+04      8.916076E+03
     2.055000E-01         6      7.446877E+04      9.167831E+03
     2.060000E-01         6      7.563688E+04      9.667189E+03
     2.065000E-01         6      7.361652E+04      9.737104E+03
     2.070000E-01         6      7.713866E+04      1.052946E+04
     2.075000E-01         6      7.793008E+04      1.095109E+04
     2.080000E-01         6      7.950792E+04      1.147739E+04
     2.085000E-01         6      7.913745E+04      1.171284E+04
     2.090000E-01         6      7.294729E+04      1.105079E+04
     2.095000E-01         6      7.008116E+04      1.084980E+04
     2.100000E-01         6      6.901332E+04      1.090406E+04
     2.105000E-01         6      6.235576E+04      1.004206E+04
     2.110000E-01         6      5.578901E+04      9.147280E+03
     2.115000E-01         6      5.014672E+04      8.362439E+03
     2.120000E-01         6      4.371678E+04      7.407551E+03
     2.125000E-01         6      3.825831E+04      6.581300E+03
     2.130000E-01         6      3.150809E+04      5.498208E+03
     2.135000E-01         6      2.713898E+04      4.800506E+03
     2.140000E-01         6      2.218079E+04      3.974390E+03
     2.145000E-01         6      1.784691E+04      3.237308E+03
     2.150000E-01         6      1.352888E+04      2.482892E+03
     2.155000E-01         6      1.118704E+04      2.076113E+03
     2.160000E-01         6      8.129516E+03      1.524833E+03
     2.165000E-01         6      6.447776E+03      1.221758E+03
     2.170000E-01         6      4.675609E+03      8.946238E+02
     2.175000E-01         6      2.951545E+03      5.700340E+02
     2.180000E-01         6      1.844465E+03      3.594211E+02
     2.185000E-01         6      8.977663E+02      1.764500E+02
     2.190000E-01         6      2.558289E+02      5.069743E+01
     2.195000E-01         6      5.501877E+00      1.098972E+00
     7.165000E-01         6     -3.113766E+00      0.000000E+00
     7.170000E-01         6     -5.006890E+01      0.000000E+00
     7.175000E-01         6     -1.628090E+02      0.000000E+00
     7.180000E-01         6     -2.936421E+02      0.000000E+00
     7.185000E-01         6     -5.060075E+02      0.000000E+00
     7.190000E-01         6     -8.081015E+02      0.000000E+00
     7.195000E-01         6     -1.150980E+03      0.000000E+00
     7.200000E-01         6     -1.690941E+03      0.000000E+00
     7.205000E-01         6     -2.228446E+03      0.000000E+00
     7.210000E-01         6     -2.805540E+03      0.000000E+00
     7.215000E-01         6     -3.947679E+03      0.000000E+00
     7.220000E-01         6     -4.808199E+03      0.000000E+00
     7.225000E-01         6     -6.207778E+03      0.000000E+00
     7.230000E-01         6     -7.036071E+03      0.000000E+00
     7.235000E-01         6     -7.896606E+03      0.000000E+00
     7.240000E-01         6     -9.413385E+03      0.000000E+00
     7.245000E-01         6     -1.000703E+04      0.000000E+00
     7.250000E-01         6     -1.139524E+04      0.000000E+00
     7.255000E-01         6     -1.111383E+04      0.000000E+00
     7.260000E-01         6     -1.136478E+04      0.000000E+00
     7.265000E-01         6     -1.125797E+04      0.000000E+00
     7.270000E-01         6     -1.101549E+04      0.000000E+00
     7.275000E-01         6     -1.025175E+04      0.000000E+00
     7.280000E-01         6     -8.979869E+03      0.000000E+00
     7.285000E-01         6     -8.565325E+03      0.000000E+00
     7.290000E-01         6     -6.750608E+03      0.000000E+00
     7.295000E-01         6     -6.024304E+03      0.000000E+00
     7.300000E-01         6     -6.317213E+03      0.000000E+00
     7.305000E-01         6     -4.621834E+03      0.000000E+00
     7.310000E-01         6     -5.586154E+03      0.000000E+00
     7.315000E-01         6     -4.169417E+03      0.000000E+00
     7.320000E-01         6     -6.499679E+03      0.000000E+00
     7.325000E-01         6     -7.160657E+03      0.000000E+00
     7.330000E-01         6     -7.261031E+03      0.000000E+00
     7.335000E-01         6     -8.633202E+03      0.000000E+00
     7.340000E-01         6     -8.639359E+03      0.000000E+00
     7.345000E-01         6     -9.578259E+03      0.000000E+00
     7.350000E-01         6     -9.457527E+03      0.000000E+00
     7.355000E-01         6     -8.836793E+03      0.000000E+00
     7.360000E-01         6     -8.006536E+03      0.000000E+00
     7.365000E-01         6     -6.740107E+03      0.000000E+00
     7.370000E-01         6     -4.600147E+03      0.000000E+00
     7.375000E-01         6     -2.324013E+03      0.000000E+00
     7.380000E-01         6      1.975433E+05      3.222096E+02
     7.385000E-01         6      1.931709E+05      2.852291E+03
     7.390000E-01         6      1.869285E+05      5.008291E+03
     7.395000E-01         6      1.708341E+05      6.465431E+03
     7.400000E-01         6      1.665198E+05      7.999665E+03
     7.405000E-01         6      1.432978E+05      8.235502E+03
     7.410000E-01         6      1.357704E+05      8.990938E+03
     7.415000E-01         6      1.204262E+05      8.955202E+03
     7.420000E-01         6      1.080197E+05      8.852820E+03
     7.425000E-01         6      1.012245E+05      9.014473E+03
     7.430000E-01         6      8.647418E+04      8.276034E+03
     7.435000E-01         6      8.560268E+04      8.727167E+03
     7.440000E-01         6      8.287497E+04      8.935886E+03
     7.445000E-01         6      7.424123E+04      8.415936E+03
     7.450000E-01         6      7.728886E+04      9.165297E+03
     7.455000E-01         6      7.525978E+04      9.296535E+03
     7.460000E-01         6      7.594251E+04      9.736204E+03
     7.465000E-01         6      7.528267E+04      9.985660E+03
     7.470000E-01         6      7.713002E+04      1.055571E+04
     7.475000E-01         6      7.891063E+04      1.111558E+04
     7.480000E-01         6      8.005693E+04      1.158245E+04
     7.485000E-01         6      7.917795E+04      1.174318E+04
     7.490000E-01         6      7.366418E+04      1.118101E+04
     7.495000E-01         6      7.292748E+04      1.131092E+04
     7.500000E-01         6      6.779648E+04      1.072999E+04
     7.505000E-01         6      6.172597E+04      9.956498E+03
     7.510000E-01         6      5.504369E+04      9.038632E+03
     7.515000E-01         6      4.979273E+04      8.315173E+03
     7.520000E-01         6      4.313646E+04      7.319005E+03
     7.525000E-01         6      3.781185E+04      6.512741E+03
     7.530000E-01         6      3.106619E+04      5.427610E+03
     7.535000E-01         6      2.672552E+04      4.732763E+03
     7.540000E-01         6      2.177886E+04      3.906605E+03
     7.545000E-01         6      1.654332E+04      3.003945E+03
     7.550000E-01         6      1.367028E+04      2.511312E+03
     7.555000E-01         6      1.103279E+04      2.049411E+03
     7.560000E-01         6      8.007240E+03      1.503245E+03
     7.565000E-01         6      6.276833E+03      1.190387E+03
     7.570000E-01         6      4.534040E+03      8.682491E+02
     7.575000E-01         6      2.838888E+03      5.487080E+02
     7.580000E-01         6      1.746645E+03      3.406165E+02
     7.585000E-01         6      7.807958E+02      1.535715E+02
     7.590000E-01         6      2.276187E+02      4.513847E+01
     7.595000E-01         6      1.265834E+00      2.530133E-01
     8.065000E-01         6     -3.450584E+00      0.000000E+00
     8.070000E-01         6     -5.184316E+01      0.000000E+00
     8.075000E-01         6     -1.669438E+02      0.000000E+00
     8.080000E-01         6     -3.007020E+02      0.000000E+00
     8.085000E-01         6     -5.507412E+02      0.000000E+00
     8.090000E-01         6     -7.899006E+02      0.000000E+00
     8.095000E-01         6     -1.139940E+03      0.000000E+00
     8.100000E-01         6     -1.677786E+03      0.000000E+00
     8.105000E-01         6     -2.194680E+03      0.000000E+00
     8.110000E-01         6     -2.683671E+03      0.000000E+00
     8.115000E-01         6     -3.756395E+03      0.000000E+00
     8.120000E-01         6     -4.473688E+03      0.000000E+00
     8.125000E-01         6     -5.717913E+03      0.000000E+00
     8.130000E-01         6     -6.383095E+03      0.000000E+00
     8.135000E-01         6     -7.050662E+03      0.000000E+00
     8.140000E-01         6     -8.361624E+03      0.000000E+00
     8.145000E-01         6     -8.802553E+03      0.000000E+00
     8.150000E-01         6     -9.984456E+03      0.000000E+00
     8.155000E-01         6     -9.550400E+03      0.000000E+00
     8.160000E-01         6     -9.747260E+03      0.000000E+00
     8.165000E-01         6     -9.411962E+03      0.000000E+00
     8.170000E-01         6     -9.293940E+03      0.000000E+00
     8.175000E-01         6     -8.502206E+03      0.000000E+00
     8.180000E-01         6     -7.432733E+03      0.000000E+00
     8.185000E-01         6     -7.441726E+03      0.000000E+00
     8.190000E-01         6     -5.715453E+03      0.000000E+00
     8.195000E-01         6     -5.576186E+03      0.000000E+00
     8.200000E-01         6     -6.047301E+03      0.000000E+00
     8.205000E-01         6     -4.612903E+03      0.000000E+00
     8.210000E-01         6     -6.012557E+03      0.000000E+00
     8.215000E-01         6     -4.487157E+03      0.000000E+00
     8.220000E-01         6     -7.207716E+03      0.000000E+00
     8.225000E-01         6     -7.827325E+03      0.000000E+00
     8.230000E-01         6     -7.875033E+03      0.000000E+00
     8.235000E-01         6     -9.407319E+03      0.000000E+00
     8.240000E-01         6     -9.136186E+03      0.000000E+00
     8.245000E-01         6     -1.013231E+04      0.000000E+00
     8.250000E-01         6     -9.893725E+03      0.000000E+00
     8.255000E-01         6     -9.099548E+03      0.000000E+00
     8.260000E-01         6     -8.253076E+03      0.000000E+00
     8.265000E-01         6     -6.844538E+03      0.000000E+00
     8.270000E-01         6     -4.646610E+03      0.000000E+00
     8.275000E-01         6     -2.320603E+03      0.000000E+00
     8.280000E-01         6      1.992925E+05      3.644628E+02
     8.285000E-01         6      1.941620E+05      2.902007E+03
     8.290000E-01         6      1.875922E+05      5.057171E+03
     8.295000E-01         6      1.716283E+05      6.521685E+03
     8.300000E-01         6      1.651903E+05      7.959087E+03
     8.305000E-01         6      1.444484E+05      8.320497E+03
     8.310000E-01         6      1.344028E+05      8.916684E+03
     8.315000E-01         6      1.197202E+05      8.916239E+03
     8.320000E-01         6      1.087945E+05      8.927813E+03
     8.325000E-01         6      9.856516E+04      8.787390E+03
     8.330000E-01         6      8.743989E+04      8.376565E+03
     8.335000E-01         6      8.420900E+04      8.592418E+03
     8.340000E-01         6      8.155643E+04      8.800407E+03
     8.345000E-01         6      7.482402E+04      8.487790E+03
     8.350000E-01         6      7.495068E+04      8.893503E+03
     8.355000E-01         6      7.033757E+04      8.693381E+03
     8.360000E-01         6      7.745731E+04      9.935488E+03
     8.365000E-01         6      7.448785E+04      9.884867E+03
     8.370000E-01         6      7.807811E+04      1.069008E+04
     8.375000E-01         6      7.756050E+04      1.092976E+04
     8.380000E-01         6      7.965706E+04      1.152886E+04
     8.385000E-01         6      7.896181E+04      1.171516E+04
     8.390000E-01         6      7.246193E+04      1.100206E+04
     8.395000E-01         6      7.276653E+04      1.128935E+04
     8.400000E-01         6      6.723280E+04      1.064378E+04
     8.405000E-01         6      6.105294E+04      9.850546E+03
     8.410000E-01         6      5.499223E+04      9.032436E+03
     8.415000E-01         6      4.930575E+04      8.235787E+03
     8.420000E-01         6      4.289942E+04      7.280406E+03
     8.425000E-01         6      3.782684E+04      6.516695E+03
     8.430000E-01         6      3.077797E+04      5.378328E+03
     8.435000E-01         6      2.679056E+04      4.745180E+03
     8.440000E-01         6      2.176299E+04      3.904461E+03
     8.445000E-01         6      1.646364E+04      2.989988E+03
     8.450000E-01         6      1.377081E+04      2.530193E+03
     8.455000E-01         6      1.098568E+04      2.040978E+03
     8.460000E-01         6      8.021292E+03      1.506108E+03
     8.465000E-01         6      6.300507E+03      1.195047E+03
     8.470000E-01         6      4.505499E+03      8.629015E+02
     8.475000E-01         6      2.845200E+03      5.500001E+02
     8.480000E-01         6      1.732901E+03      3.379787E+02
     8.485000E-01         6      7.719694E+02      1.518538E+02
     8.490000E-01         6      2.221075E+02      4.405067E+01
     8.495000E-01         6      8.433942E-01      1.685954E-01
