     1.080000E-01         7     -1.919443E-02      0.000000E+00
     1.085000E-01         7     -6.365398E+01      0.000000E+00
     1.090000E-01         7     -2.373191E+02      0.000000E+00
     1.095000E-01         7     -4.780475E+02      0.000000E+00
     1.100000E-01         7     -8.089156E+02      0.000000E+00
     1.105000E-01         7     -1.080196E+03      0.000000E+00
     1.110000E-01         7     -1.444365E+03      0.000000E+00
     1.115000E-01         7     -1.731386E+03      0.000000E+00
     1.120000E-01         7     -2.022834E+03      0.000000E+00
     1.125000E-01         7     -2.348261E+03      0.000000E+00
     1.130000E-01         7     -2.692606E+03      0.000000E+00
     1.135000E-01         7     -2.840697E+03      0.000000E+00
     1.140000E-01         7     -3.397020E+03      0.000000E+00
     1.145000E-01         7     -3.581960E+03      0.000000E+00
     1.150000E-01         7     -4.323586E+03      0.000000E+00
     1.155000E-01         7     -4.964493E+03      0.000000E+00
     1.160000E-01         7     -5.648055E+03      0.000000E+00
     1.165000E-01         7     -6.492417E+03      0.000000E+00
     1.170000E-01         7     -7.547478E+03      0.000000E+00
     1.175000E-01         7     -8.690390E+03      0.000000E+00
     1.180000E-01         7     -1.008116E+04      0.000000E+00
     1.185000E-01         7     -1.110867E+04      0.000000E+00
     1.190000E-01         7     -1.167864E+04      0.000000E+00
     1.195000E-01         7     -1.246941E+04      0.000000E+00
     1.200000E-01         7     -1.373728E+04      0.000000E+00
     1.205000E-01         7     -1.397294E+04      0.000000E+00
     1.210000E-01         7     -1.391600E+04      0.000000E+00
     1.215000E-01         7     -1.403272E+04      0.000000E+00
     1.220000E-01         7     -1.377577E+04      0.000000E+00
     1.225000E-01         7     -1.347055E+04      0.000000E+00
     1.230000E-01         7     -1.256858E+04      0.000000E+00
     1.235000E-01         7     -1.226744E+04      0.000000E+00
     1.240000E-01         7     -1.133193E+04      0.000000E+00
     1.245000E-01         7     -1.054802E+04      0.000000E+00
     1.250000E-01         7     -9.162609E+03      0.000000E+00
     1.255000E-01         7     -8.866005E+03      0.000000E+00
     1.260000E-01         7     -7.674226E+03      0.000000E+00
     1.265000E-01         7     -7.278472E+03      0.000000E+00
     1.270000E-01         7     -6.600383E+03      0.000000E+00
     1.275000E-01         7     -5.330311E+03      0.000000E+00
     1.280000E-01         7     -4.545707E+03      0.000000E+00
     1.285000E-01         7     -3.365162E+03      0.000000E+00
     1.290000E-01         7     -1.846117E+03      0.000000E+00
     1.295000E-01         7     -3.122925E+02      0.000000E+00
     1.300000E-01         7      1.300338E+05      1.428116E+03
     1.305000E-01         7      1.249984E+05      2.915438E+03
     1.310000E-01         7      1.308305E+05      4.533821E+03
     1.315000E-01         7      1.263687E+05      5.698347E+03
     1.320000E-01         7      1.231392E+05      6.740846E+03
     1.325000E-01         7      1.230569E+05      7.837060E+03
     1.330000E-01         7      1.140769E+05      8.213747E+03
     1.335000E-01         7      1.160216E+05      9.252935E+03
     1.340000E-01         7      9.832913E+04      8.553881E+03
     1.345000E-01         7      9.964113E+04      9.343539E+03
     1.350000E-01         7      8.899247E+04      8.911105E+03
     1.355000E-01         7      8.902244E+04      9.446516E+03
     1.360000E-01         7      8.625439E+04      9.638669E+03
     1.365000E-01         7      7.195907E+04      8.423674E+03
     1.370000E-01         7      7.739045E+04      9.448226E+03
     1.375000E-01         7      7.464742E+04      9.468266E+03
     1.380000E-01         7      6.621261E+04      8.696826E+03
     1.385000E-01         7      6.677511E+04      9.056403E+03
     1.390000E-01         7      5.942726E+04      8.301525E+03
     1.395000E-01         7      6.710005E+04      9.633057E+03
     1.400000E-01         7      6.776057E+04      9.977778E+03
     1.405000E-01         7      6.169796E+04      9.302111E+03
     1.410000E-01         7      6.349748E+04      9.786750E+03
     1.415000E-01         7      5.736298E+04      9.025483E+03
     1.420000E-01         7      6.045291E+04      9.697444E+03
     1.425000E-01         7      5.641795E+04      9.216259E+03
     1.430000E-01         7      5.138009E+04      8.538291E+03
     1.435000E-01         7      4.799001E+04      8.104882E+03
     1.440000E-01         7      4.100227E+04      7.031370E+03
     1.445000E-01         7      3.869446E+04      6.732319E+03
     1.450000E-01         7      3.283169E+04      5.791203E+03
     1.455000E-01         7      2.703712E+04      4.831657E+03
     1.460000E-01         7      2.297697E+04      4.157304E+03
     1.465000E-01         7      1.866120E+04      3.416530E+03
     1.470000E-01         7      1.392933E+04      2.579075E+03
     1.475000E-01         7      1.087842E+04      2.035944E+03
     1.480000E-01         7      7.405050E+03      1.400192E+03
     1.485000E-01         7      5.584810E+03      1.066435E+03
     1.490000E-01         7      3.710769E+03      7.152788E+02
     1.495000E-01         7      2.002463E+03      3.894864E+02
     1.500000E-01         7      1.073453E+03      2.106048E+02
     1.505000E-01         7      3.332241E+02      6.592193E+01
     1.510000E-01         7      2.783010E+01      5.549784E+00
     1.980000E-01         7     -6.433823E-02      0.000000E+00
     1.985000E-01         7     -6.527506E+01      0.000000E+00
     1.990000E-01         7     -2.392242E+02      0.000000E+00
     1.995000E-01         7     -4.823620E+02      0.000000E+00
     2.000000E-01         7     -8.070716E+02      0.000000E+00
     2.005000E-01         7     -1.081283E+03      0.000000E+00
     2.010000E-01         7     -1.452160E+03      0.000000E+00
     2.015000E-01         7     -1.708839E+03      0.000000E+00
     2.020000E-01         7     -2.049543E+03      0.000000E+00
     2.025000E-01         7     -2.327982E+03      0.000000E+00
     2.030000E-01         7     -2.682974E+03      0.000000E+00
     2.035000E-01         7     -2.883244E+03      0.000000E+00
     2.040000E-01         7     -3.321883E+03      0.000000E+00
     2.045000E-01         7     -3.630184E+03      0.000000E+00
     2.050000E-01         7     -4.289665E+03      0.000000E+00
     2.055000E-01         7     -4.892900E+03      0.000000E+00
     2.060000E-01         7     -5.705209E+03      0.000000E+00
     2.065000E-01         7     -6.338240E+03      0.000000E+00
     2.070000E-01         7     -7.544795E+03      0.000000E+00
     2.075000E-01         7     -8.624816E+03      0.000000E+00
     2.080000E-01         7     -9.925002E+03      0.000000E+00
     2.085000E-01         7     -1.111402E+04      0.000000E+00
     2.090000E-01         7     -1.150338E+04      0.000000E+00
     2.095000E-01         7     -1.239230E+04      0.000000E+00
     2.100000E-01         7     -1.367309E+04      0.000000E+00
     2.105000E-01         7     -1.383823E+04      0.000000E+00
     2.110000E-01         7     -1.387247E+04      0.000000E+00
     2.115000E-01         7     -1.398408E+04      0.000000E+00
     2.120000E-01         7     -1.369257E+04      0.000000E+00
     2.125000E-01         7     -1.348874E+04      0.000000E+00
     2.130000E-01         7     -1.254251E+04      0.000000E+00
     2.135000E-01         7     -1.224574E+04      0.000000E+00
     2.140000E-01         7     -1.140241E+04      0.000000E+00
     2.145000E-01         7     -1.051993E+04      0.000000E+00
     2.150000E-01         7     -9.219661E+03      0.000000E+00
     2.155000E-01         7     -8.907645E+03      0.000000E+00
     2.160000E-01         7     -7.668291E+03      0.000000E+00
     2.165000E-01         7     -7.338963E+03      0.000000E+00
     2.170000E-01         7     -6.587594E+03      0.000000E+00
     2.175000E-01         7     -5.342159E+03      0.000000E+00
     2.180000E-01         7     -4.546236E+03      0.000000E+00
     2.185000E-01         7     -3.344336E+03      0.000000E+00
     2.190000E-01         7     -1.829306E+03      0.000000E+00
     2.195000E-01         7     -2.868413E+02      0.000000E+00
     2.200000E-01         7      1.298949E+05      1.450688E+03
     2.205000E-01         7      1.243021E+05      2.920331E+03
     2.210000E-01         7      1.304581E+05      4.541317E+03
     2.215000E-01         7      1.252078E+05      5.664067E+03
     2.220000E-01         7      1.222525E+05      6.708635E+03
     2.225000E-01         7      1.220473E+05      7.787901E+03
     2.230000E-01         7      1.123455E+05      8.102051E+03
     2.235000E-01         7      1.152354E+05      9.202653E+03
     2.240000E-01         7      9.641837E+04      8.397376E+03
     2.245000E-01         7      9.830617E+04      9.227644E+03
     2.250000E-01         7      8.763842E+04      8.783295E+03
     2.255000E-01         7      8.702466E+04      9.241791E+03
     2.260000E-01         7      8.537276E+04      9.546870E+03
     2.265000E-01         7      7.016561E+04      8.218944E+03
     2.270000E-01         7      7.620576E+04      9.308951E+03
     2.275000E-01         7      7.379676E+04      9.365284E+03
     2.280000E-01         7      6.470135E+04      8.502414E+03
     2.285000E-01         7      6.670074E+04      9.050321E+03
     2.290000E-01         7      5.833364E+04      8.152085E+03
     2.295000E-01         7      6.695191E+04      9.615430E+03
     2.300000E-01         7      6.782695E+04      9.991068E+03
     2.305000E-01         7      6.113199E+04      9.219806E+03
     2.310000E-01         7      6.428225E+04      9.910744E+03
     2.315000E-01         7      5.709505E+04      8.985908E+03
     2.320000E-01         7      6.094854E+04      9.779587E+03
     2.325000E-01         7      5.692576E+04      9.301575E+03
     2.330000E-01         7      5.135880E+04      8.536795E+03
     2.335000E-01         7      4.873627E+04      8.232776E+03
     2.340000E-01         7      4.102929E+04      7.037509E+03
     2.345000E-01         7      3.897391E+04      6.782315E+03
     2.350000E-01         7      3.308692E+04      5.837345E+03
     2.355000E-01         7      2.693503E+04      4.814293E+03
     2.360000E-01         7      2.314688E+04      4.188774E+03
     2.365000E-01         7      1.854236E+04      3.395335E+03
     2.370000E-01         7      1.385851E+04      2.566369E+03
     2.375000E-01         7      1.081290E+04      2.023988E+03
     2.380000E-01         7      7.264163E+03      1.373751E+03
     2.385000E-01         7      5.508615E+03      1.052031E+03
     2.390000E-01         7      3.620459E+03      6.979633E+02
     2.395000E-01         7      1.944759E+03      3.783109E+02
     2.400000E-01         7      1.038653E+03      2.038021E+02
     2.405000E-01         7      3.179446E+02      6.290655E+01
     2.410000E-01         7      2.515084E+01      5.016062E+00
     7.380000E-01         7     -8.831201E-01      0.000000E+00
     7.385000E-01         7     -7.578845E+01      0.000000E+00
     7.390000E-01         7     -2.582353E+02      0.000000E+00
     7.395000E-01         7     -5.030049E+02      0.000000E+00
     7.400000E-01         7     -8.430008E+02      0.000000E+00
     7.405000E-01         7     -1.106921E+03      0.000000E+00
     7.410000E-01         7     -1.483535E+03      0.000000E+00
     7.415000E-01         7     -1.766809E+03      0.000000E+00
     7.420000E-01         7     -2.048773E+03      0.000000E+00
     7.425000E-01         7     -2.411921E+03      0.000000E+00
     7.430000E-01         7     -2.531480E+03      0.000000E+00
     7.435000E-01         7     -3.024747E+03      0.000000E+00
     7.440000E-01         7     -3.484267E+03      0.000000E+00
     7.445000E-01         7     -3.670427E+03      0.000000E+00
     7.450000E-01         7     -4.449900E+03      0.000000E+00
     7.455000E-01         7     -5.005460E+03      0.000000E+00
     7.460000E-01         7     -5.795335E+03      0.000000E+00
     7.465000E-01         7     -6.554648E+03      0.000000E+00
     7.470000E-01         7     -7.626025E+03      0.000000E+00
     7.475000E-01         7     -8.825659E+03      0.000000E+00
     7.480000E-01         7     -1.009670E+04      0.000000E+00
     7.485000E-01         7     -1.123236E+04      0.000000E+00
     7.490000E-01         7     -1.173246E+04      0.000000E+00
     7.495000E-01         7     -1.302323E+04      0.000000E+00
     7.500000E-01         7     -1.356433E+04      0.000000E+00
     7.505000E-01         7     -1.383347E+04      0.000000E+00
     7.510000E-01         7     -1.382276E+04      0.000000E+00
     7.515000E-01         7     -1.402443E+04      0.000000E+00
     7.520000E-01         7     -1.364835E+04      0.000000E+00
     7.525000E-01         7     -1.347010E+04      0.000000E+00
     7.530000E-01         7     -1.249910E+04      0.000000E+00
     7.535000E-01         7     -1.219314E+04      0.000000E+00
     7.540000E-01         7     -1.132580E+04      0.000000E+00
     7.545000E-01         7     -9.871023E+03      0.000000E+00
     7.550000E-01         7     -9.437833E+03      0.000000E+00
     7.555000E-01         7     -8.909027E+03      0.000000E+00
     7.560000E-01         7     -7.670342E+03      0.000000E+00
     7.565000E-01         7     -7.269074E+03      0.000000E+00
     7.570000E-01         7     -6.516915E+03      0.000000E+00
     7.575000E-01         7     -5.262851E+03      0.000000E+00
     7.580000E-01         7     -4.438849E+03      0.000000E+00
     7.585000E-01         7     -3.038078E+03      0.000000E+00
     7.590000E-01         7     -1.762811E+03      0.000000E+00
     7.595000E-01         7     -1.390203E+02      0.000000E+00
     7.600000E-01         7      1.307884E+05      1.605587E+03
     7.605000E-01         7      1.255626E+05      3.077474E+03
     7.610000E-01         7      1.312222E+05      4.690526E+03
     7.615000E-01         7      1.260603E+05      5.811358E+03
     7.620000E-01         7      1.232788E+05      6.863396E+03
     7.625000E-01         7      1.228286E+05      7.928830E+03
     7.630000E-01         7      1.132080E+05      8.242405E+03
     7.635000E-01         7      1.035250E+05      8.334159E+03
     7.640000E-01         7      1.040706E+05      9.126550E+03
     7.645000E-01         7      1.016178E+05      9.595906E+03
     7.650000E-01         7      9.092449E+04      9.160889E+03
     7.655000E-01         7      8.840421E+04      9.432453E+03
     7.660000E-01         7      8.736851E+04      9.811192E+03
     7.665000E-01         7      7.192073E+04      8.456520E+03
     7.670000E-01         7      7.650991E+04      9.378293E+03
     7.675000E-01         7      6.138392E+04      7.814480E+03
     7.680000E-01         7      7.171762E+04      9.451542E+03
     7.685000E-01         7      6.906079E+04      9.395352E+03
     7.690000E-01         7      6.208445E+04      8.697471E+03
     7.695000E-01         7      6.611102E+04      9.516176E+03
     7.700000E-01         7      5.888981E+04      8.692878E+03
     7.705000E-01         7      6.615750E+04      9.997335E+03
     7.710000E-01         7      6.436461E+04      9.941657E+03
     7.715000E-01         7      5.995093E+04      9.451608E+03
     7.720000E-01         7      5.919049E+04      9.512836E+03
     7.725000E-01         7      5.274113E+04      8.630911E+03
     7.730000E-01         7      5.315138E+04      8.847417E+03
     7.735000E-01         7      4.760956E+04      8.053335E+03
     7.740000E-01         7      4.195501E+04      7.205509E+03
     7.745000E-01         7      3.767169E+04      6.563659E+03
     7.750000E-01         7      3.269363E+04      5.774605E+03
     7.755000E-01         7      2.670213E+04      4.777892E+03
     7.760000E-01         7      2.223511E+04      4.027970E+03
     7.765000E-01         7      1.702189E+04      3.120013E+03
     7.770000E-01         7      1.405831E+04      2.605835E+03
     7.775000E-01         7      1.072429E+04      2.009219E+03
     7.780000E-01         7      7.281059E+03      1.378138E+03
     7.785000E-01         7      5.347729E+03      1.022151E+03
     7.790000E-01         7      3.147251E+03      6.072186E+02
     7.795000E-01         7      2.026481E+03      3.945082E+02
     7.800000E-01         7      1.005749E+03      1.974899E+02
     7.805000E-01         7      2.905962E+02      5.753593E+01
     7.810000E-01         7      1.505788E+01      3.005157E+00
     8.280000E-01         7     -1.121124E+00      0.000000E+00
     8.285000E-01         7     -7.812924E+01      0.000000E+00
     8.290000E-01         7     -2.626204E+02      0.000000E+00
     8.295000E-01         7     -5.099076E+02      0.000000E+00
     8.300000E-01         7     -8.419675E+02      0.000000E+00
     8.305000E-01         7     -1.121916E+03      0.000000E+00
     8.310000E-01         7     -1.475318E+03      0.000000E+00
     8.315000E-01         7     -1.763384E+03      0.000000E+00
     8.320000E-01         7     -2.070642E+03      0.000000E+00
     8.325000E-01         7     -2.355871E+03      0.000000E+00
     8.330000E-01         7     -2.566994E+03      0.000000E+00
     8.335000E-01         7     -2.983240E+03      0.000000E+00
     8.340000E-01         7     -3.437111E+03      0.000000E+00
     8.345000E-01         7     -3.707603E+03      0.000000E+00
     8.350000E-01         7     -4.324485E+03      0.000000E+00
     8.355000E-01         7     -4.687570E+03      0.000000E+00
     8.360000E-01         7     -5.922388E+03      0.000000E+00
     8.365000E-01         7     -6.497533E+03      0.000000E+00
     8.370000E-01         7     -7.733678E+03      0.000000E+00
     8.375000E-01         7     -8.689853E+03      0.000000E+00
     8.380000E-01         7     -1.006346E+04      0.000000E+00
     8.385000E-01         7     -1.122051E+04      0.000000E+00
     8.390000E-01         7     -1.156010E+04      0.000000E+00
     8.395000E-01         7     -1.301582E+04      0.000000E+00
     8.400000E-01         7     -1.347355E+04      0.000000E+00
     8.405000E-01         7     -1.370502E+04      0.000000E+00
     8.410000E-01         7     -1.383256E+04      0.000000E+00
     8.415000E-01         7     -1.391037E+04      0.000000E+00
     8.420000E-01         7     -1.359631E+04      0.000000E+00
     8.425000E-01         7     -1.349875E+04      0.000000E+00
     8.430000E-01         7     -1.240519E+04      0.000000E+00
     8.435000E-01         7     -1.224538E+04      0.000000E+00
     8.440000E-01         7     -1.133940E+04      0.000000E+00
     8.445000E-01         7     -9.843498E+03      0.000000E+00
     8.450000E-01         7     -9.527916E+03      0.000000E+00
     8.455000E-01         7     -8.891855E+03      0.000000E+00
     8.460000E-01         7     -7.703683E+03      0.000000E+00
     8.465000E-01         7     -7.317697E+03      0.000000E+00
     8.470000E-01         7     -6.497646E+03      0.000000E+00
     8.475000E-01         7     -5.295882E+03      0.000000E+00
     8.480000E-01         7     -4.426759E+03      0.000000E+00
     8.485000E-01         7     -3.026112E+03      0.000000E+00
     8.490000E-01         7     -1.744204E+03      0.000000E+00
     8.495000E-01         7     -1.134912E+02      0.000000E+00
     8.500000E-01         7      1.305792E+05      1.627025E+03
     8.505000E-01         7      1.251515E+05      3.088493E+03
     8.510000E-01         7      1.309988E+05      4.702855E+03
     8.515000E-01         7      1.248224E+05      5.772160E+03
     8.520000E-01         7      1.230294E+05      6.865827E+03
     8.525000E-01         7      1.214665E+05      7.855863E+03
     8.530000E-01         7      1.119225E+05      8.161639E+03
     8.535000E-01         7      1.029270E+05      8.297035E+03
     8.540000E-01         7      1.018160E+05      8.939024E+03
     8.545000E-01         7      1.010465E+05      9.551448E+03
     8.550000E-01         7      8.915330E+04      8.990298E+03
     8.555000E-01         7      8.668506E+04      9.256220E+03
     8.560000E-01         7      8.673886E+04      9.747272E+03
     8.565000E-01         7      6.962063E+04      8.191219E+03
     8.570000E-01         7      7.615970E+04      9.340692E+03
     8.575000E-01         7      5.990690E+04      7.630417E+03
     8.580000E-01         7      7.076370E+04      9.330274E+03
     8.585000E-01         7      6.901426E+04      9.393143E+03
     8.590000E-01         7      6.077605E+04      8.517628E+03
     8.595000E-01         7      6.658661E+04      9.588237E+03
     8.600000E-01         7      5.832368E+04      8.612319E+03
     8.605000E-01         7      6.615711E+04      1.000053E+04
     8.610000E-01         7      6.494270E+04      1.003400E+04
     8.615000E-01         7      5.962577E+04      9.403029E+03
     8.620000E-01         7      6.004630E+04      9.652966E+03
     8.625000E-01         7      5.285047E+04      8.650987E+03
     8.630000E-01         7      5.346772E+04      8.902192E+03
     8.635000E-01         7      4.824389E+04      8.162468E+03
     8.640000E-01         7      4.189336E+04      7.196452E+03
     8.645000E-01         7      3.820105E+04      6.657232E+03
     8.650000E-01         7      3.272565E+04      5.781367E+03
     8.655000E-01         7      2.677272E+04      4.791395E+03
     8.660000E-01         7      2.237437E+04      4.053900E+03
     8.665000E-01         7      1.686652E+04      3.092045E+03
     8.670000E-01         7      1.408030E+04      2.610322E+03
     8.675000E-01         7      1.058845E+04      1.984067E+03
     8.680000E-01         7      7.190355E+03      1.361165E+03
     8.685000E-01         7      5.264336E+03      1.006350E+03
     8.690000E-01         7      3.062497E+03      5.909444E+02
     8.695000E-01         7      1.977141E+03      3.849516E+02
     8.700000E-01         7      9.712098E+02      1.907310E+02
     8.705000E-01         7      2.776917E+02      5.498735E+01
     8.710000E-01         7      1.321502E+01      2.637667E+00
