     2.160000E-01        12     -6.533797E-02      0.000000E+00
     2.165000E-01        12     -5.638651E+01      0.000000E+00
     2.170000E-01        12     -2.089341E+02      0.000000E+00
     2.175000E-01        12     -4.426624E+02      0.000000E+00
     2.180000E-01        12     -7.350265E+02      0.000000E+00
     2.185000E-01        12     -1.089255E+03      0.000000E+00
     2.190000E-01        12     -1.445473E+03      0.000000E+00
     2.195000E-01        12     -1.853921E+03      0.000000E+00
     2.200000E-01        12     -2.222537E+03      0.000000E+00
     2.205000E-01        12     -2.598752E+03      0.000000E+00
     2.210000E-01        12     -3.061969E+03      0.000000E+00
     2.215000E-01        12     -3.207884E+03      0.000000E+00
     2.220000E-01        12     -3.662915E+03      0.000000E+00
     2.225000E-01        12     -3.694840E+03      0.000000E+00
     2.230000E-01        12     -4.180767E+03      0.000000E+00
     2.235000E-01        12     -4.721458E+03      0.000000E+00
     2.240000E-01        12     -4.375037E+03      0.000000E+00
     2.245000E-01        12     -5.164161E+03      0.000000E+00
     2.250000E-01        12     -4.781526E+03      0.000000E+00
     2.255000E-01        12     -6.074039E+03      0.000000E+00
     2.260000E-01        12     -6.964534E+03      0.000000E+00
     2.265000E-01        12     -6.786018E+03      0.000000E+00
     2.270000E-01        12     -8.327508E+03      0.000000E+00
     2.275000E-01        12     -9.635047E+03      0.000000E+00
     2.280000E-01        12     -9.769754E+03      0.000000E+00
     2.285000E-01        12     -1.148328E+04      0.000000E+00
     2.290000E-01        12     -1.237229E+04      0.000000E+00
     2.295000E-01        12     -1.422827E+04      0.000000E+00
     2.300000E-01        12     -1.502617E+04      0.000000E+00
     2.305000E-01        12     -1.584571E+04      0.000000E+00
     2.310000E-01        12     -1.638069E+04      0.000000E+00
     2.315000E-01        12     -1.706875E+04      0.000000E+00
     2.320000E-01        12     -1.649133E+04      0.000000E+00
     2.325000E-01        12     -1.603450E+04      0.000000E+00
     2.330000E-01        12     -1.579698E+04      0.000000E+00
     2.335000E-01        12     -1.429553E+04      0.000000E+00
     2.340000E-01        12     -1.265492E+04      0.000000E+00
     2.345000E-01        12     -1.103983E+04      0.000000E+00
     2.350000E-01        12     -8.878152E+03      0.000000E+00
     2.355000E-01        12     -6.966663E+03      0.000000E+00
     2.360000E-01        12     -4.971342E+03      0.000000E+00
     2.365000E-01        12     -3.442985E+03      0.000000E+00
     2.370000E-01        12     -1.536194E+03      0.000000E+00
     2.375000E-01        12     -2.269492E+02      0.000000E+00
     2.380000E-01        12      8.565994E+04      9.598399E+02
     2.385000E-01        12      8.500000E+04      1.999862E+03
     2.390000E-01        12      8.575946E+04      2.988013E+03
     2.395000E-01        12      7.276496E+04      3.293793E+03
     2.400000E-01        12      8.205561E+04      4.505014E+03
     2.405000E-01        12      7.646132E+04      4.880933E+03
     2.410000E-01        12      8.742912E+04      6.307168E+03
     2.415000E-01        12      1.017111E+05      8.124799E+03
     2.420000E-01        12      9.909638E+04      8.632608E+03
     2.425000E-01        12      1.089255E+05      1.022650E+04
     2.430000E-01        12      1.117041E+05      1.119719E+04
     2.435000E-01        12      1.171200E+05      1.243979E+04
     2.440000E-01        12      1.235130E+05      1.381387E+04
     2.445000E-01        12      1.228889E+05      1.439659E+04
     2.450000E-01        12      1.168752E+05      1.427858E+04
     2.455000E-01        12      1.184315E+05      1.503130E+04
     2.460000E-01        12      1.061868E+05      1.395536E+04
     2.465000E-01        12      1.041048E+05      1.412675E+04
     2.470000E-01        12      9.284225E+04      1.297570E+04
     2.475000E-01        12      8.638370E+04      1.240710E+04
     2.480000E-01        12      7.920652E+04      1.166813E+04
     2.485000E-01        12      7.362173E+04      1.110421E+04
     2.490000E-01        12      6.554882E+04      1.010664E+04
     2.495000E-01        12      5.715481E+04      8.995831E+03
     2.500000E-01        12      5.248014E+04      8.421232E+03
     2.505000E-01        12      4.680261E+04      7.647858E+03
     2.510000E-01        12      4.295779E+04      7.140733E+03
     2.515000E-01        12      3.937796E+04      6.652225E+03
     2.520000E-01        12      3.603534E+04      6.181191E+03
     2.525000E-01        12      3.217858E+04      5.600006E+03
     2.530000E-01        12      2.901049E+04      5.118359E+03
     2.535000E-01        12      2.593167E+04      4.635125E+03
     2.540000E-01        12      2.191106E+04      3.965272E+03
     2.545000E-01        12      1.903615E+04      3.485869E+03
     2.550000E-01        12      1.515590E+04      2.806713E+03
     2.555000E-01        12      1.156459E+04      2.164757E+03
     2.560000E-01        12      9.553060E+03      1.806664E+03
     2.565000E-01        12      6.421351E+03      1.226378E+03
     2.570000E-01        12      4.149255E+03      7.999274E+02
     2.575000E-01        12      2.446365E+03      4.758996E+02
     2.580000E-01        12      1.184287E+03      2.323838E+02
     2.585000E-01        12      3.922464E+02      7.760926E+01
     2.590000E-01        12      2.563406E+01      5.112550E+00
     3.060000E-01        12     -1.299361E-01      0.000000E+00
     3.065000E-01        12     -5.744827E+01      0.000000E+00
     3.070000E-01        12     -2.095756E+02      0.000000E+00
     3.075000E-01        12     -4.403734E+02      0.000000E+00
     3.080000E-01        12     -7.400598E+02      0.000000E+00
     3.085000E-01        12     -1.074638E+03      0.000000E+00
     3.090000E-01        12     -1.450599E+03      0.000000E+00
     3.095000E-01        12     -1.857052E+03      0.000000E+00
     3.100000E-01        12     -2.195228E+03      0.000000E+00
     3.105000E-01        12     -2.645536E+03      0.000000E+00
     3.110000E-01        12     -3.039261E+03      0.000000E+00
     3.115000E-01        12     -3.229752E+03      0.000000E+00
     3.120000E-01        12     -3.730665E+03      0.000000E+00
     3.125000E-01        12     -3.675170E+03      0.000000E+00
     3.130000E-01        12     -4.284592E+03      0.000000E+00
     3.135000E-01        12     -4.776326E+03      0.000000E+00
     3.140000E-01        12     -4.410720E+03      0.000000E+00
     3.145000E-01        12     -5.325591E+03      0.000000E+00
     3.150000E-01        12     -4.821543E+03      0.000000E+00
     3.155000E-01        12     -6.183306E+03      0.000000E+00
     3.160000E-01        12     -7.125060E+03      0.000000E+00
     3.165000E-01        12     -6.802565E+03      0.000000E+00
     3.170000E-01        12     -8.524075E+03      0.000000E+00
     3.175000E-01        12     -8.617158E+03      0.000000E+00
     3.180000E-01        12     -1.042591E+04      0.000000E+00
     3.185000E-01        12     -1.181340E+04      0.000000E+00
     3.190000E-01        12     -1.269115E+04      0.000000E+00
     3.195000E-01        12     -1.436637E+04      0.000000E+00
     3.200000E-01        12     -1.520201E+04      0.000000E+00
     3.205000E-01        12     -1.600753E+04      0.000000E+00
     3.210000E-01        12     -1.638237E+04      0.000000E+00
     3.215000E-01        12     -1.725572E+04      0.000000E+00
     3.220000E-01        12     -1.645063E+04      0.000000E+00
     3.225000E-01        12     -1.607850E+04      0.000000E+00
     3.230000E-01        12     -1.586474E+04      0.000000E+00
     3.235000E-01        12     -1.420556E+04      0.000000E+00
     3.240000E-01        12     -1.273729E+04      0.000000E+00
     3.245000E-01        12     -1.099211E+04      0.000000E+00
     3.250000E-01        12     -8.848521E+03      0.000000E+00
     3.255000E-01        12     -6.987752E+03      0.000000E+00
     3.260000E-01        12     -4.920254E+03      0.000000E+00
     3.265000E-01        12     -3.242221E+03      0.000000E+00
     3.270000E-01        12     -1.582368E+03      0.000000E+00
     3.275000E-01        12     -2.103152E+02      0.000000E+00
     3.280000E-01        12      8.652648E+04      9.855761E+02
     3.285000E-01        12      8.668237E+04      2.054159E+03
     3.290000E-01        12      8.655671E+04      3.029306E+03
     3.295000E-01        12      7.353957E+04      3.339455E+03
     3.300000E-01        12      8.460867E+04      4.656471E+03
     3.305000E-01        12      7.623359E+04      4.875839E+03
     3.310000E-01        12      9.015346E+04      6.514099E+03
     3.315000E-01        12      1.032962E+05      8.262537E+03
     3.320000E-01        12      9.952180E+04      8.679686E+03
     3.325000E-01        12      1.128688E+05      1.060737E+04
     3.330000E-01        12      1.117343E+05      1.121012E+04
     3.335000E-01        12      1.198115E+05      1.273566E+04
     3.340000E-01        12      1.260792E+05      1.411080E+04
     3.345000E-01        12      1.230512E+05      1.442473E+04
     3.350000E-01        12      1.205229E+05      1.473269E+04
     3.355000E-01        12      1.142095E+05      1.450305E+04
     3.360000E-01        12      1.099702E+05      1.445953E+04
     3.365000E-01        12      1.070931E+05      1.453868E+04
     3.370000E-01        12      9.346394E+04      1.306792E+04
     3.375000E-01        12      8.851730E+04      1.271836E+04
     3.380000E-01        12      7.980142E+04      1.175990E+04
     3.385000E-01        12      7.406502E+04      1.117473E+04
     3.390000E-01        12      6.655576E+04      1.026504E+04
     3.395000E-01        12      5.688962E+04      8.956662E+03
     3.400000E-01        12      5.291452E+04      8.493223E+03
     3.405000E-01        12      4.696517E+04      7.676368E+03
     3.410000E-01        12      4.273499E+04      7.105396E+03
     3.415000E-01        12      3.968796E+04      6.706108E+03
     3.420000E-01        12      3.594253E+04      6.166589E+03
     3.425000E-01        12      3.217304E+04      5.600176E+03
     3.430000E-01        12      2.925762E+04      5.162953E+03
     3.435000E-01        12      2.585423E+04      4.622127E+03
     3.440000E-01        12      2.209684E+04      3.999588E+03
     3.445000E-01        12      1.917370E+04      3.511638E+03
     3.450000E-01        12      1.517421E+04      2.810547E+03
     3.455000E-01        12      1.176415E+04      2.202444E+03
     3.460000E-01        12      9.582178E+03      1.812432E+03
     3.465000E-01        12      6.498961E+03      1.241372E+03
     3.470000E-01        12      4.206256E+03      8.110240E+02
     3.475000E-01        12      2.457390E+03      4.781049E+02
     3.480000E-01        12      1.199444E+03      2.353866E+02
     3.485000E-01        12      3.909266E+02      7.735718E+01
     3.490000E-01        12      2.415508E+01      4.818118E+00
     8.460000E-01        12     -9.999387E-01      0.000000E+00
     8.465000E-01        12     -6.768629E+01      0.000000E+00
     8.470000E-01        12     -2.292327E+02      0.000000E+00
     8.475000E-01        12     -4.681552E+02      0.000000E+00
     8.480000E-01        12     -7.721242E+02      0.000000E+00
     8.485000E-01        12     -1.121230E+03      0.000000E+00
     8.490000E-01        12     -1.485009E+03      0.000000E+00
     8.495000E-01        12     -1.906910E+03      0.000000E+00
     8.500000E-01        12     -2.245086E+03      0.000000E+00
     8.505000E-01        12     -2.660484E+03      0.000000E+00
     8.510000E-01        12     -2.949005E+03      0.000000E+00
     8.515000E-01        12     -3.322770E+03      0.000000E+00
     8.520000E-01        12     -3.787897E+03      0.000000E+00
     8.525000E-01        12     -3.741349E+03      0.000000E+00
     8.530000E-01        12     -4.250624E+03      0.000000E+00
     8.535000E-01        12     -4.071986E+03      0.000000E+00
     8.540000E-01        12     -4.805944E+03      0.000000E+00
     8.545000E-01        12     -5.438000E+03      0.000000E+00
     8.550000E-01        12     -5.042399E+03      0.000000E+00
     8.555000E-01        12     -6.143657E+03      0.000000E+00
     8.560000E-01        12     -7.182103E+03      0.000000E+00
     8.565000E-01        12     -6.860011E+03      0.000000E+00
     8.570000E-01        12     -8.391835E+03      0.000000E+00
     8.575000E-01        12     -8.688824E+03      0.000000E+00
     8.580000E-01        12     -1.032082E+04      0.000000E+00
     8.585000E-01        12     -1.175859E+04      0.000000E+00
     8.590000E-01        12     -1.267861E+04      0.000000E+00
     8.595000E-01        12     -1.422671E+04      0.000000E+00
     8.600000E-01        12     -1.455263E+04      0.000000E+00
     8.605000E-01        12     -1.620624E+04      0.000000E+00
     8.610000E-01        12     -1.640245E+04      0.000000E+00
     8.615000E-01        12     -1.725491E+04      0.000000E+00
     8.620000E-01        12     -1.638299E+04      0.000000E+00
     8.625000E-01        12     -1.656509E+04      0.000000E+00
     8.630000E-01        12     -1.545506E+04      0.000000E+00
     8.635000E-01        12     -1.401689E+04      0.000000E+00
     8.640000E-01        12     -1.247833E+04      0.000000E+00
     8.645000E-01        12     -1.085417E+04      0.000000E+00
     8.650000E-01        12     -8.664872E+03      0.000000E+00
     8.655000E-01        12     -6.811020E+03      0.000000E+00
     8.660000E-01        12     -4.801017E+03      0.000000E+00
     8.665000E-01        12     -3.089354E+03      0.000000E+00
     8.670000E-01        12     -1.465196E+03      0.000000E+00
     8.675000E-01        12     -8.697404E+01      0.000000E+00
     8.680000E-01        12      8.617650E+04      1.076931E+03
     8.685000E-01        12      8.541703E+04      2.110801E+03
     8.690000E-01        12      7.226276E+04      2.596472E+03
     8.695000E-01        12      8.050256E+04      3.724983E+03
     8.700000E-01        12      8.586121E+04      4.793879E+03
     8.705000E-01        12      7.829348E+04      5.065567E+03
     8.710000E-01        12      8.815361E+04      6.430379E+03
     8.715000E-01        12      9.117963E+04      7.352020E+03
     8.720000E-01        12      1.054618E+05      9.261221E+03
     8.725000E-01        12      1.121144E+05      1.059974E+04
     8.730000E-01        12      1.144639E+05      1.154466E+04
     8.735000E-01        12      1.164707E+05      1.243866E+04
     8.740000E-01        12      1.254654E+05      1.410113E+04
     8.745000E-01        12      1.224337E+05      1.440675E+04
     8.750000E-01        12      1.160223E+05      1.423130E+04
     8.755000E-01        12      1.147479E+05      1.461710E+04
     8.760000E-01        12      1.062263E+05      1.400740E+04
     8.765000E-01        12      1.051089E+05      1.430704E+04
     8.770000E-01        12      9.291563E+04      1.302297E+04
     8.775000E-01        12      8.475659E+04      1.220557E+04
     8.780000E-01        12      7.644490E+04      1.128896E+04
     8.785000E-01        12      7.356511E+04      1.112108E+04
     8.790000E-01        12      6.569574E+04      1.015097E+04
     8.795000E-01        12      5.756707E+04      9.078889E+03
     8.800000E-01        12      5.108802E+04      8.213284E+03
     8.805000E-01        12      4.724824E+04      7.734360E+03
     8.810000E-01        12      4.204138E+04      7.000078E+03
     8.815000E-01        12      3.880290E+04      6.565426E+03
     8.820000E-01        12      3.594284E+04      6.174533E+03
     8.825000E-01        12      3.121605E+04      5.440188E+03
     8.830000E-01        12      2.887797E+04      5.101825E+03
     8.835000E-01        12      2.539041E+04      4.544174E+03
     8.840000E-01        12      2.138205E+04      3.874241E+03
     8.845000E-01        12      1.882761E+04      3.451675E+03
     8.850000E-01        12      1.464512E+04      2.715120E+03
     8.855000E-01        12      1.133103E+04      2.123276E+03
     8.860000E-01        12      9.265848E+03      1.754116E+03
     8.865000E-01        12      6.157417E+03      1.177107E+03
     8.870000E-01        12      4.189383E+03      8.084116E+02
     8.875000E-01        12      2.226343E+03      4.334825E+02
     8.880000E-01        12      1.077451E+03      2.116003E+02
     8.885000E-01        12      3.351426E+02      6.636509E+01
     8.890000E-01        12      1.318147E+01      2.631030E+00
     9.360000E-01        12     -1.214679E+00      0.000000E+00
     9.365000E-01        12     -6.903576E+01      0.000000E+00
     9.370000E-01        12     -2.301127E+02      0.000000E+00
     9.375000E-01        12     -4.691761E+02      0.000000E+00
     9.380000E-01        12     -7.757003E+02      0.000000E+00
     9.385000E-01        12     -1.111947E+03      0.000000E+00
     9.390000E-01        12     -1.496882E+03      0.000000E+00
     9.395000E-01        12     -1.901000E+03      0.000000E+00
     9.400000E-01        12     -2.238821E+03      0.000000E+00
     9.405000E-01        12     -2.699714E+03      0.000000E+00
     9.410000E-01        12     -2.926995E+03      0.000000E+00
     9.415000E-01        12     -3.370892E+03      0.000000E+00
     9.420000E-01        12     -3.831025E+03      0.000000E+00
     9.425000E-01        12     -3.741423E+03      0.000000E+00
     9.430000E-01        12     -4.371419E+03      0.000000E+00
     9.435000E-01        12     -4.100830E+03      0.000000E+00
     9.440000E-01        12     -4.885295E+03      0.000000E+00
     9.445000E-01        12     -5.576881E+03      0.000000E+00
     9.450000E-01        12     -5.073980E+03      0.000000E+00
     9.455000E-01        12     -6.289672E+03      0.000000E+00
     9.460000E-01        12     -7.306892E+03      0.000000E+00
     9.465000E-01        12     -6.904753E+03      0.000000E+00
     9.470000E-01        12     -8.568890E+03      0.000000E+00
     9.475000E-01        12     -8.756976E+03      0.000000E+00
     9.480000E-01        12     -1.036136E+04      0.000000E+00
     9.485000E-01        12     -1.193053E+04      0.000000E+00
     9.490000E-01        12     -1.263287E+04      0.000000E+00
     9.495000E-01        12     -1.435598E+04      0.000000E+00
     9.500000E-01        12     -1.462150E+04      0.000000E+00
     9.505000E-01        12     -1.618763E+04      0.000000E+00
     9.510000E-01        12     -1.652997E+04      0.000000E+00
     9.515000E-01        12     -1.724707E+04      0.000000E+00
     9.520000E-01        12     -1.642465E+04      0.000000E+00
     9.525000E-01        12     -1.664092E+04      0.000000E+00
     9.530000E-01        12     -1.545396E+04      0.000000E+00
     9.535000E-01        12     -1.404207E+04      0.000000E+00
     9.540000E-01        12     -1.253577E+04      0.000000E+00
     9.545000E-01        12     -1.082545E+04      0.000000E+00
     9.550000E-01        12     -8.701796E+03      0.000000E+00
     9.555000E-01        12     -6.816848E+03      0.000000E+00
     9.560000E-01        12     -4.782531E+03      0.000000E+00
     9.565000E-01        12     -3.097537E+03      0.000000E+00
     9.570000E-01        12     -1.447947E+03      0.000000E+00
     9.575000E-01        12     -6.692858E+01      0.000000E+00
     9.580000E-01        12      8.661964E+04      1.098369E+03
     9.585000E-01        12      8.665553E+04      2.155991E+03
     9.590000E-01        12      7.225034E+04      2.607216E+03
     9.595000E-01        12      8.222420E+04      3.816402E+03
     9.600000E-01        12      8.700627E+04      4.869331E+03
     9.605000E-01        12      7.856988E+04      5.093112E+03
     9.610000E-01        12      9.147901E+04      6.683426E+03
     9.615000E-01        12      9.112141E+04      7.357065E+03
     9.620000E-01        12      1.080559E+05      9.499838E+03
     9.625000E-01        12      1.146131E+05      1.084673E+04
     9.630000E-01        12      1.147632E+05      1.158496E+04
     9.635000E-01        12      1.204633E+05      1.287504E+04
     9.640000E-01        12      1.262778E+05      1.420230E+04
     9.645000E-01        12      1.243498E+05      1.464141E+04
     9.650000E-01        12      1.190919E+05      1.461614E+04
     9.655000E-01        12      1.147633E+05      1.462666E+04
     9.660000E-01        12      1.090377E+05      1.438496E+04
     9.665000E-01        12      1.059970E+05      1.443425E+04
     9.670000E-01        12      9.334136E+04      1.308794E+04
     9.675000E-01        12      8.686512E+04      1.251391E+04
     9.680000E-01        12      7.589637E+04      1.121187E+04
     9.685000E-01        12      7.470022E+04      1.129635E+04
     9.690000E-01        12      6.613412E+04      1.022182E+04
     9.695000E-01        12      5.714109E+04      9.014278E+03
     9.700000E-01        12      5.203877E+04      8.368376E+03
     9.705000E-01        12      4.676027E+04      7.656411E+03
     9.710000E-01        12      4.230588E+04      7.045795E+03
     9.715000E-01        12      3.909689E+04      6.616655E+03
     9.720000E-01        12      3.566558E+04      6.128206E+03
     9.725000E-01        12      3.163302E+04      5.513966E+03
     9.730000E-01        12      2.886825E+04      5.101082E+03
     9.735000E-01        12      2.545821E+04      4.557137E+03
     9.740000E-01        12      2.168334E+04      3.929511E+03
     9.745000E-01        12      1.882001E+04      3.450851E+03
     9.750000E-01        12      1.483740E+04      2.751200E+03
     9.755000E-01        12      1.146652E+04      2.148988E+03
     9.760000E-01        12      9.305558E+03      1.761886E+03
     9.765000E-01        12      6.269728E+03      1.198742E+03
     9.770000E-01        12      4.216369E+03      8.137262E+02
     9.775000E-01        12      2.251669E+03      4.384690E+02
     9.780000E-01        12      1.089459E+03      2.139845E+02
     9.785000E-01        12      3.333659E+02      6.602097E+01
     9.790000E-01        12      1.203349E+01      2.402162E+00
