     2.595000E-01        14     -1.653683E+01      0.000000E+00
     2.600000E-01        14     -9.941198E+01      0.000000E+00
     2.605000E-01        14     -2.301113E+02      0.000000E+00
     2.610000E-01        14     -4.081101E+02      0.000000E+00
     2.615000E-01        14     -6.804441E+02      0.000000E+00
     2.620000E-01        14     -9.501417E+02      0.000000E+00
     2.625000E-01        14     -1.183142E+03      0.000000E+00
     2.630000E-01        14     -1.636252E+03      0.000000E+00
     2.635000E-01        14     -1.962227E+03      0.000000E+00
     2.640000E-01        14     -2.565361E+03      0.000000E+00
     2.645000E-01        14     -3.222374E+03      0.000000E+00
     2.650000E-01        14     -3.433092E+03      0.000000E+00
     2.655000E-01        14     -4.425748E+03      0.000000E+00
     2.660000E-01        14     -4.973690E+03      0.000000E+00
     2.665000E-01        14     -5.375838E+03      0.000000E+00
     2.670000E-01        14     -6.615163E+03      0.000000E+00
     2.675000E-01        14     -6.826042E+03      0.000000E+00
     2.680000E-01        14     -7.856289E+03      0.000000E+00
     2.685000E-01        14     -8.949424E+03      0.000000E+00
     2.690000E-01        14     -9.573759E+03      0.000000E+00
     2.695000E-01        14     -1.070155E+04      0.000000E+00
     2.700000E-01        14     -1.083302E+04      0.000000E+00
     2.705000E-01        14     -1.249598E+04      0.000000E+00
     2.710000E-01        14     -1.262094E+04      0.000000E+00
     2.715000E-01        14     -1.363267E+04      0.000000E+00
     2.720000E-01        14     -1.466136E+04      0.000000E+00
     2.725000E-01        14     -1.507279E+04      0.000000E+00
     2.730000E-01        14     -1.543227E+04      0.000000E+00
     2.735000E-01        14     -1.510254E+04      0.000000E+00
     2.740000E-01        14     -1.609786E+04      0.000000E+00
     2.745000E-01        14     -1.489029E+04      0.000000E+00
     2.750000E-01        14     -1.448941E+04      0.000000E+00
     2.755000E-01        14     -1.496794E+04      0.000000E+00
     2.760000E-01        14     -1.337240E+04      0.000000E+00
     2.765000E-01        14     -1.319491E+04      0.000000E+00
     2.770000E-01        14     -1.172585E+04      0.000000E+00
     2.775000E-01        14     -9.933541E+03      0.000000E+00
     2.780000E-01        14     -9.582465E+03      0.000000E+00
     2.785000E-01        14     -7.301303E+03      0.000000E+00
     2.790000E-01        14     -6.489750E+03      0.000000E+00
     2.795000E-01        14     -4.495112E+03      0.000000E+00
     2.800000E-01        14     -2.739621E+03      0.000000E+00
     2.805000E-01        14     -1.152231E+03      0.000000E+00
     2.810000E-01        14      1.362576E+05      8.250756E+02
     2.815000E-01        14      1.497656E+05      2.817318E+03
     2.820000E-01        14      1.396697E+05      4.260853E+03
     2.825000E-01        14      1.256971E+05      5.187239E+03
     2.830000E-01        14      1.506790E+05      7.715145E+03
     2.835000E-01        14      1.327994E+05      8.021421E+03
     2.840000E-01        14      1.243359E+05      8.572510E+03
     2.845000E-01        14      1.468635E+05      1.129408E+04
     2.850000E-01        14      1.268897E+05      1.070033E+04
     2.855000E-01        14      1.443304E+05      1.317380E+04
     2.860000E-01        14      1.224242E+05      1.197176E+04
     2.865000E-01        14      1.118692E+05      1.162419E+04
     2.870000E-01        14      1.246200E+05      1.366693E+04
     2.875000E-01        14      1.038057E+05      1.194805E+04
     2.880000E-01        14      1.131230E+05      1.360078E+04
     2.885000E-01        14      9.040025E+04      1.130754E+04
     2.890000E-01        14      8.171608E+04      1.059702E+04
     2.895000E-01        14      8.441833E+04      1.131571E+04
     2.900000E-01        14      6.907615E+04      9.545475E+03
     2.905000E-01        14      7.340507E+04      1.043308E+04
     2.910000E-01        14      5.733328E+04      8.364074E+03
     2.915000E-01        14      5.349070E+04      7.995020E+03
     2.920000E-01        14      5.403446E+04      8.260977E+03
     2.925000E-01        14      4.588328E+04      7.164655E+03
     2.930000E-01        14      4.374417E+04      6.967303E+03
     2.935000E-01        14      4.378652E+04      7.105032E+03
     2.940000E-01        14      4.011978E+04      6.625066E+03
     2.945000E-01        14      4.212932E+04      7.072761E+03
     2.950000E-01        14      3.531636E+04      6.022225E+03
     2.955000E-01        14      3.309264E+04      5.726974E+03
     2.960000E-01        14      3.357636E+04      5.892585E+03
     2.965000E-01        14      2.823827E+04      5.022041E+03
     2.970000E-01        14      2.885345E+04      5.196666E+03
     2.975000E-01        14      2.172107E+04      3.959397E+03
     2.980000E-01        14      1.794840E+04      3.309400E+03
     2.985000E-01        14      1.670831E+04      3.114612E+03
     2.990000E-01        14      1.158342E+04      2.181944E+03
     2.995000E-01        14      1.000927E+04      1.904351E+03
     3.000000E-01        14      5.847401E+03      1.123206E+03
     3.005000E-01        14      3.459299E+03      6.705994E+02
     3.010000E-01        14      2.178215E+03      4.259826E+02
     3.015000E-01        14      7.387919E+02      1.457057E+02
     3.020000E-01        14      1.236393E+02      2.458275E+01
     3.495000E-01        14     -1.765075E+01      0.000000E+00
     3.500000E-01        14     -1.036589E+02      0.000000E+00
     3.505000E-01        14     -2.368724E+02      0.000000E+00
     3.510000E-01        14     -4.218831E+02      0.000000E+00
     3.515000E-01        14     -6.997995E+02      0.000000E+00
     3.520000E-01        14     -9.650037E+02      0.000000E+00
     3.525000E-01        14     -1.226843E+03      0.000000E+00
     3.530000E-01        14     -1.650586E+03      0.000000E+00
     3.535000E-01        14     -2.000984E+03      0.000000E+00
     3.540000E-01        14     -2.619432E+03      0.000000E+00
     3.545000E-01        14     -3.215843E+03      0.000000E+00
     3.550000E-01        14     -3.520266E+03      0.000000E+00
     3.555000E-01        14     -4.426236E+03      0.000000E+00
     3.560000E-01        14     -4.989465E+03      0.000000E+00
     3.565000E-01        14     -5.470244E+03      0.000000E+00
     3.570000E-01        14     -6.550865E+03      0.000000E+00
     3.575000E-01        14     -6.938294E+03      0.000000E+00
     3.580000E-01        14     -7.866686E+03      0.000000E+00
     3.585000E-01        14     -8.950152E+03      0.000000E+00
     3.590000E-01        14     -9.732258E+03      0.000000E+00
     3.595000E-01        14     -1.065004E+04      0.000000E+00
     3.600000E-01        14     -1.099589E+04      0.000000E+00
     3.605000E-01        14     -1.257378E+04      0.000000E+00
     3.610000E-01        14     -1.269482E+04      0.000000E+00
     3.615000E-01        14     -1.384062E+04      0.000000E+00
     3.620000E-01        14     -1.473606E+04      0.000000E+00
     3.625000E-01        14     -1.527673E+04      0.000000E+00
     3.630000E-01        14     -1.559483E+04      0.000000E+00
     3.635000E-01        14     -1.527137E+04      0.000000E+00
     3.640000E-01        14     -1.628911E+04      0.000000E+00
     3.645000E-01        14     -1.506138E+04      0.000000E+00
     3.650000E-01        14     -1.465983E+04      0.000000E+00
     3.655000E-01        14     -1.512130E+04      0.000000E+00
     3.660000E-01        14     -1.352516E+04      0.000000E+00
     3.665000E-01        14     -1.329888E+04      0.000000E+00
     3.670000E-01        14     -1.184876E+04      0.000000E+00
     3.675000E-01        14     -1.000955E+04      0.000000E+00
     3.680000E-01        14     -9.646998E+03      0.000000E+00
     3.685000E-01        14     -7.359274E+03      0.000000E+00
     3.690000E-01        14     -6.506322E+03      0.000000E+00
     3.695000E-01        14     -4.511456E+03      0.000000E+00
     3.700000E-01        14     -2.731284E+03      0.000000E+00
     3.705000E-01        14     -1.129588E+03      0.000000E+00
     3.710000E-01        14      1.369758E+05      8.557073E+02
     3.715000E-01        14      1.506982E+05      2.861323E+03
     3.720000E-01        14      1.402154E+05      4.300119E+03
     3.725000E-01        14      1.264537E+05      5.237266E+03
     3.730000E-01        14      1.514458E+05      7.775230E+03
     3.735000E-01        14      1.330837E+05      8.055559E+03
     3.740000E-01        14      1.255243E+05      8.669333E+03
     3.745000E-01        14      1.468712E+05      1.131091E+04
     3.750000E-01        14      1.278246E+05      1.079238E+04
     3.755000E-01        14      1.448023E+05      1.323088E+04
     3.760000E-01        14      1.225438E+05      1.199459E+04
     3.765000E-01        14      1.129513E+05      1.174627E+04
     3.770000E-01        14      1.241943E+05      1.363023E+04
     3.775000E-01        14      1.048780E+05      1.207944E+04
     3.780000E-01        14      1.130833E+05      1.360414E+04
     3.785000E-01        14      9.058661E+04      1.133701E+04
     3.790000E-01        14      8.251744E+04      1.070626E+04
     3.795000E-01        14      8.389519E+04      1.125072E+04
     3.800000E-01        14      7.003412E+04      9.681927E+03
     3.805000E-01        14      7.319921E+04      1.040787E+04
     3.810000E-01        14      5.764735E+04      8.412933E+03
     3.815000E-01        14      5.405996E+04      8.082826E+03
     3.820000E-01        14      5.383450E+04      8.232995E+03
     3.825000E-01        14      4.662720E+04      7.282963E+03
     3.830000E-01        14      4.375660E+04      6.971208E+03
     3.835000E-01        14      4.411566E+04      7.160299E+03
     3.840000E-01        14      4.060586E+04      6.706974E+03
     3.845000E-01        14      4.213261E+04      7.074946E+03
     3.850000E-01        14      3.586844E+04      6.117703E+03
     3.855000E-01        14      3.324309E+04      5.754202E+03
     3.860000E-01        14      3.380872E+04      5.934528E+03
     3.865000E-01        14      2.857826E+04      5.083453E+03
     3.870000E-01        14      2.889470E+04      5.205018E+03
     3.875000E-01        14      2.198255E+04      4.007737E+03
     3.880000E-01        14      1.803636E+04      3.326154E+03
     3.885000E-01        14      1.678385E+04      3.129175E+03
     3.890000E-01        14      1.167925E+04      2.200319E+03
     3.895000E-01        14      1.001152E+04      1.905047E+03
     3.900000E-01        14      5.878897E+03      1.129408E+03
     3.905000E-01        14      3.461278E+03      6.710698E+02
     3.910000E-01        14      2.170393E+03      4.245055E+02
     3.915000E-01        14      7.329628E+02      1.445733E+02
     3.920000E-01        14      1.196797E+02      2.379821E+01
     8.895000E-01        14     -2.202244E+01      0.000000E+00
     8.900000E-01        14     -1.116576E+02      0.000000E+00
     8.905000E-01        14     -2.468107E+02      0.000000E+00
     8.910000E-01        14     -4.287777E+02      0.000000E+00
     8.915000E-01        14     -7.129209E+02      0.000000E+00
     8.920000E-01        14     -9.766193E+02      0.000000E+00
     8.925000E-01        14     -1.224136E+03      0.000000E+00
     8.930000E-01        14     -1.681074E+03      0.000000E+00
     8.935000E-01        14     -1.993071E+03      0.000000E+00
     8.940000E-01        14     -2.640954E+03      0.000000E+00
     8.945000E-01        14     -3.260662E+03      0.000000E+00
     8.950000E-01        14     -3.491071E+03      0.000000E+00
     8.955000E-01        14     -4.515500E+03      0.000000E+00
     8.960000E-01        14     -4.706733E+03      0.000000E+00
     8.965000E-01        14     -5.654498E+03      0.000000E+00
     8.970000E-01        14     -6.715534E+03      0.000000E+00
     8.975000E-01        14     -6.967478E+03      0.000000E+00
     8.980000E-01        14     -7.990868E+03      0.000000E+00
     8.985000E-01        14     -8.567066E+03      0.000000E+00
     8.990000E-01        14     -9.974427E+03      0.000000E+00
     8.995000E-01        14     -1.080766E+04      0.000000E+00
     9.000000E-01        14     -1.106064E+04      0.000000E+00
     9.005000E-01        14     -1.257650E+04      0.000000E+00
     9.010000E-01        14     -1.269846E+04      0.000000E+00
     9.015000E-01        14     -1.375597E+04      0.000000E+00
     9.020000E-01        14     -1.462049E+04      0.000000E+00
     9.025000E-01        14     -1.517399E+04      0.000000E+00
     9.030000E-01        14     -1.537230E+04      0.000000E+00
     9.035000E-01        14     -1.510164E+04      0.000000E+00
     9.040000E-01        14     -1.608008E+04      0.000000E+00
     9.045000E-01        14     -1.478907E+04      0.000000E+00
     9.050000E-01        14     -1.567106E+04      0.000000E+00
     9.055000E-01        14     -1.421506E+04      0.000000E+00
     9.060000E-01        14     -1.310962E+04      0.000000E+00
     9.065000E-01        14     -1.289365E+04      0.000000E+00
     9.070000E-01        14     -1.153123E+04      0.000000E+00
     9.075000E-01        14     -1.068537E+04      0.000000E+00
     9.080000E-01        14     -8.903784E+03      0.000000E+00
     9.085000E-01        14     -7.034361E+03      0.000000E+00
     9.090000E-01        14     -6.226306E+03      0.000000E+00
     9.095000E-01        14     -4.294789E+03      0.000000E+00
     9.100000E-01        14     -2.555595E+03      0.000000E+00
     9.105000E-01        14     -9.425275E+02      0.000000E+00
     9.110000E-01        14      1.359312E+05      1.004966E+03
     9.115000E-01        14      1.498954E+05      3.003317E+03
     9.120000E-01        14      1.397887E+05      4.421752E+03
     9.125000E-01        14      1.258083E+05      5.322313E+03
     9.130000E-01        14      1.518191E+05      7.919140E+03
     9.135000E-01        14      1.323848E+05      8.114157E+03
     9.140000E-01        14      1.522018E+05      1.061971E+04
     9.145000E-01        14      1.325029E+05      1.029196E+04
     9.150000E-01        14      1.220832E+05      1.038305E+04
     9.155000E-01        14      1.413672E+05      1.299883E+04
     9.160000E-01        14      1.198550E+05      1.179652E+04
     9.165000E-01        14      1.335315E+05      1.395472E+04
     9.170000E-01        14      1.107872E+05      1.221214E+04
     9.175000E-01        14      9.958003E+04      1.151448E+04
     9.180000E-01        14      1.077264E+05      1.300596E+04
     9.185000E-01        14      8.873540E+04      1.114142E+04
     9.190000E-01        14      7.995275E+04      1.040433E+04
     9.195000E-01        14      8.219625E+04      1.105298E+04
     9.200000E-01        14      6.944140E+04      9.624160E+03
     9.205000E-01        14      7.195680E+04      1.025506E+04
     9.210000E-01        14      5.745686E+04      8.403279E+03
     9.215000E-01        14      5.368837E+04      8.043445E+03
     9.220000E-01        14      5.354798E+04      8.204589E+03
     9.225000E-01        14      4.650481E+04      7.276644E+03
     9.230000E-01        14      4.992063E+04      7.966395E+03
     9.235000E-01        14      4.081364E+04      6.634656E+03
     9.240000E-01        14      3.949754E+04      6.533466E+03
     9.245000E-01        14      4.060500E+04      6.827858E+03
     9.250000E-01        14      3.517753E+04      6.007706E+03
     9.255000E-01        14      3.807650E+04      6.599001E+03
     9.260000E-01        14      3.030743E+04      5.326187E+03
     9.265000E-01        14      2.732138E+04      4.865305E+03
     9.270000E-01        14      2.741108E+04      4.943004E+03
     9.275000E-01        14      2.124786E+04      3.877710E+03
     9.280000E-01        14      1.737848E+04      3.207924E+03
     9.285000E-01        14      1.610999E+04      3.006307E+03
     9.290000E-01        14      1.132843E+04      2.136105E+03
     9.295000E-01        14      9.599977E+03      1.828274E+03
     9.300000E-01        14      5.627339E+03      1.081953E+03
     9.305000E-01        14      3.292043E+03      6.387522E+02
     9.310000E-01        14      2.023329E+03      3.960350E+02
     9.315000E-01        14      6.619942E+02      1.306681E+02
     9.320000E-01        14      1.187215E+02      2.362385E+01
     9.795000E-01        14     -2.336777E+01      0.000000E+00
     9.800000E-01        14     -1.161084E+02      0.000000E+00
     9.805000E-01        14     -2.538130E+02      0.000000E+00
     9.810000E-01        14     -4.451510E+02      0.000000E+00
     9.815000E-01        14     -7.270286E+02      0.000000E+00
     9.820000E-01        14     -9.982993E+02      0.000000E+00
     9.825000E-01        14     -1.266299E+03      0.000000E+00
     9.830000E-01        14     -1.684146E+03      0.000000E+00
     9.835000E-01        14     -2.059253E+03      0.000000E+00
     9.840000E-01        14     -2.662957E+03      0.000000E+00
     9.845000E-01        14     -3.273449E+03      0.000000E+00
     9.850000E-01        14     -3.598154E+03      0.000000E+00
     9.855000E-01        14     -4.458393E+03      0.000000E+00
     9.860000E-01        14     -4.812174E+03      0.000000E+00
     9.865000E-01        14     -5.679810E+03      0.000000E+00
     9.870000E-01        14     -6.680523E+03      0.000000E+00
     9.875000E-01        14     -7.135338E+03      0.000000E+00
     9.880000E-01        14     -7.888936E+03      0.000000E+00
     9.885000E-01        14     -8.694784E+03      0.000000E+00
     9.890000E-01        14     -1.003620E+04      0.000000E+00
     9.895000E-01        14     -1.078486E+04      0.000000E+00
     9.900000E-01        14     -1.127857E+04      0.000000E+00
     9.905000E-01        14     -1.255193E+04      0.000000E+00
     9.910000E-01        14     -1.287499E+04      0.000000E+00
     9.915000E-01        14     -1.389463E+04      0.000000E+00
     9.920000E-01        14     -1.472619E+04      0.000000E+00
     9.925000E-01        14     -1.539635E+04      0.000000E+00
     9.930000E-01        14     -1.551500E+04      0.000000E+00
     9.935000E-01        14     -1.530711E+04      0.000000E+00
     9.940000E-01        14     -1.625795E+04      0.000000E+00
     9.945000E-01        14     -1.498712E+04      0.000000E+00
     9.950000E-01        14     -1.582093E+04      0.000000E+00
     9.955000E-01        14     -1.440167E+04      0.000000E+00
     9.960000E-01        14     -1.323874E+04      0.000000E+00
     9.965000E-01        14     -1.300971E+04      0.000000E+00
     9.970000E-01        14     -1.166079E+04      0.000000E+00
     9.975000E-01        14     -1.073769E+04      0.000000E+00
     9.980000E-01        14     -8.994161E+03      0.000000E+00
     9.985000E-01        14     -7.071483E+03      0.000000E+00
     9.990000E-01        14     -6.249189E+03      0.000000E+00
     9.995000E-01        14     -4.309542E+03      0.000000E+00
     1.000000E+00        14     -2.545806E+03      0.000000E+00
     1.000500E+00        14     -9.188526E+02      0.000000E+00
     1.001000E+00        14      1.367079E+05      1.036703E+03
     1.001500E+00        14      1.508055E+05      3.047802E+03
     1.002000E+00        14      1.402267E+05      4.458035E+03
     1.002500E+00        14      1.269109E+05      5.387677E+03
     1.003000E+00        14      1.520220E+05      7.950466E+03
     1.003500E+00        14      1.332446E+05      8.183718E+03
     1.004000E+00        14      1.529603E+05      1.069064E+04
     1.004500E+00        14      1.325867E+05      1.031303E+04
     1.005000E+00        14      1.233233E+05      1.050118E+04
     1.005500E+00        14      1.412012E+05      1.299714E+04
     1.006000E+00        14      1.207686E+05      1.189734E+04
     1.006500E+00        14      1.341472E+05      1.403045E+04
     1.007000E+00        14      1.107004E+05      1.221144E+04
     1.007500E+00        14      1.008317E+05      1.166682E+04
     1.008000E+00        14      1.073294E+05      1.296570E+04
     1.008500E+00        14      8.944937E+04      1.123711E+04
     1.009000E+00        14      9.468387E+04      1.232737E+04
     1.009500E+00        14      7.479167E+04      1.006183E+04
     1.010000E+00        14      6.831430E+04      9.471904E+03
     1.010500E+00        14      6.833393E+04      9.742507E+03
     1.011000E+00        14      5.776814E+04      8.451838E+03
     1.011500E+00        14      5.269902E+04      7.897864E+03
     1.012000E+00        14      5.257084E+04      8.057388E+03
     1.012500E+00        14      4.758461E+04      7.447778E+03
     1.013000E+00        14      4.874065E+04      7.780229E+03
     1.013500E+00        14      4.186976E+04      6.808094E+03
     1.014000E+00        14      3.954080E+04      6.542213E+03
     1.014500E+00        14      4.070852E+04      6.846836E+03
     1.015000E+00        14      3.607652E+04      6.162576E+03
     1.015500E+00        14      3.795944E+04      6.580067E+03
     1.016000E+00        14      3.097599E+04      5.444742E+03
     1.016500E+00        14      2.760341E+04      4.916440E+03
     1.017000E+00        14      2.757282E+04      4.973049E+03
     1.017500E+00        14      2.165713E+04      3.953066E+03
     1.018000E+00        14      2.102919E+04      3.882437E+03
     1.018500E+00        14      1.470624E+04      2.744770E+03
     1.019000E+00        14      1.099350E+04      2.073254E+03
     1.019500E+00        14      9.365164E+03      1.783804E+03
     1.020000E+00        14      5.581152E+03      1.073216E+03
     1.020500E+00        14      3.237300E+03      6.282113E+02
     1.021000E+00        14      1.994357E+03      3.904125E+02
     1.021500E+00        14      6.521030E+02      1.287310E+02
     1.022000E+00        14      1.134084E+02      2.256919E+01
