     4.320000E-01        22     -2.004469E-01      0.000000E+00
     4.325000E-01        22     -5.226886E+01      0.000000E+00
     4.330000E-01        22     -2.053141E+02      0.000000E+00
     4.335000E-01        22     -4.253284E+02      0.000000E+00
     4.340000E-01        22     -7.763560E+02      0.000000E+00
     4.345000E-01        22     -1.162168E+03      0.000000E+00
     4.350000E-01        22     -1.671438E+03      0.000000E+00
     4.355000E-01        22     -2.238288E+03      0.000000E+00
     4.360000E-01        22     -2.709189E+03      0.000000E+00
     4.365000E-01        22     -3.271013E+03      0.000000E+00
     4.370000E-01        22     -3.852796E+03      0.000000E+00
     4.375000E-01        22     -4.050176E+03      0.000000E+00
     4.380000E-01        22     -4.522351E+03      0.000000E+00
     4.385000E-01        22     -4.452700E+03      0.000000E+00
     4.390000E-01        22     -4.902855E+03      0.000000E+00
     4.395000E-01        22     -5.328933E+03      0.000000E+00
     4.400000E-01        22     -4.835040E+03      0.000000E+00
     4.405000E-01        22     -5.479935E+03      0.000000E+00
     4.410000E-01        22     -4.875224E+03      0.000000E+00
     4.415000E-01        22     -6.140126E+03      0.000000E+00
     4.420000E-01        22     -6.979942E+03      0.000000E+00
     4.425000E-01        22     -6.699527E+03      0.000000E+00
     4.430000E-01        22     -8.202215E+03      0.000000E+00
     4.435000E-01        22     -7.771079E+03      0.000000E+00
     4.440000E-01        22     -1.008524E+04      0.000000E+00
     4.445000E-01        22     -1.104504E+04      0.000000E+00
     4.450000E-01        22     -1.086283E+04      0.000000E+00
     4.455000E-01        22     -1.233828E+04      0.000000E+00
     4.460000E-01        22     -1.310905E+04      0.000000E+00
     4.465000E-01        22     -1.215737E+04      0.000000E+00
     4.470000E-01        22     -1.277118E+04      0.000000E+00
     4.475000E-01        22     -1.108936E+04      0.000000E+00
     4.480000E-01        22     -1.213208E+04      0.000000E+00
     4.485000E-01        22     -1.175274E+04      0.000000E+00
     4.490000E-01        22     -9.542847E+03      0.000000E+00
     4.495000E-01        22     -9.829982E+03      0.000000E+00
     4.500000E-01        22     -7.305319E+03      0.000000E+00
     4.505000E-01        22     -8.020219E+03      0.000000E+00
     4.510000E-01        22     -7.305370E+03      0.000000E+00
     4.515000E-01        22     -5.140571E+03      0.000000E+00
     4.520000E-01        22     -4.913573E+03      0.000000E+00
     4.525000E-01        22     -3.020881E+03      0.000000E+00
     4.530000E-01        22     -2.063644E+03      0.000000E+00
     4.535000E-01        22     -2.660952E+02      0.000000E+00
     4.540000E-01        22      1.374196E+05      1.600851E+03
     4.545000E-01        22      1.561125E+05      3.736530E+03
     4.550000E-01        22      1.699098E+05      5.983585E+03
     4.555000E-01        22      1.584711E+05      7.228151E+03
     4.560000E-01        22      1.684073E+05      9.299776E+03
     4.565000E-01        22      1.622714E+05      1.040685E+04
     4.570000E-01        22      1.609160E+05      1.165304E+04
     4.575000E-01        22      1.660899E+05      1.331032E+04
     4.580000E-01        22      1.546424E+05      1.350874E+04
     4.585000E-01        22      1.519358E+05      1.429892E+04
     4.590000E-01        22      1.356431E+05      1.362566E+04
     4.595000E-01        22      1.315966E+05      1.400374E+04
     4.600000E-01        22      1.266828E+05      1.419229E+04
     4.605000E-01        22      1.143909E+05      1.342140E+04
     4.610000E-01        22      1.070786E+05      1.309979E+04
     4.615000E-01        22      9.291330E+04      1.180736E+04
     4.620000E-01        22      8.959476E+04      1.178836E+04
     4.625000E-01        22      8.397951E+04      1.140789E+04
     4.630000E-01        22      7.677735E+04      1.074096E+04
     4.635000E-01        22      7.094360E+04      1.019872E+04
     4.640000E-01        22      6.797269E+04      1.002169E+04
     4.645000E-01        22      6.026525E+04      9.096828E+03
     4.650000E-01        22      5.924204E+04      9.140940E+03
     4.655000E-01        22      5.263611E+04      8.290318E+03
     4.660000E-01        22      5.133416E+04      8.242668E+03
     4.665000E-01        22      4.602882E+04      7.525991E+03
     4.670000E-01        22      4.263911E+04      7.091825E+03
     4.675000E-01        22      3.915875E+04      6.618777E+03
     4.680000E-01        22      3.490299E+04      5.990027E+03
     4.685000E-01        22      3.041661E+04      5.295945E+03
     4.690000E-01        22      2.605767E+04      4.599509E+03
     4.695000E-01        22      2.297020E+04      4.107580E+03
     4.700000E-01        22      1.902737E+04      3.444844E+03
     4.705000E-01        22      1.436877E+04      2.632232E+03
     4.710000E-01        22      1.246234E+04      2.308769E+03
     4.715000E-01        22      9.414852E+03      1.762989E+03
     4.720000E-01        22      6.824185E+03      1.291029E+03
     4.725000E-01        22      5.032573E+03      9.614617E+02
     4.730000E-01        22      3.652474E+03      7.043778E+02
     4.735000E-01        22      1.931866E+03      3.759269E+02
     4.740000E-01        22      1.027024E+03      2.015842E+02
     4.745000E-01        22      3.320717E+02      6.572166E+01
     4.750000E-01        22      2.135331E+01      4.259931E+00
     5.220000E-01        22     -2.892889E-01      0.000000E+00
     5.225000E-01        22     -5.280799E+01      0.000000E+00
     5.230000E-01        22     -2.045798E+02      0.000000E+00
     5.235000E-01        22     -4.196948E+02      0.000000E+00
     5.240000E-01        22     -7.621842E+02      0.000000E+00
     5.245000E-01        22     -1.145071E+03      0.000000E+00
     5.250000E-01        22     -1.630445E+03      0.000000E+00
     5.255000E-01        22     -2.203104E+03      0.000000E+00
     5.260000E-01        22     -2.654313E+03      0.000000E+00
     5.265000E-01        22     -3.193879E+03      0.000000E+00
     5.270000E-01        22     -3.585823E+03      0.000000E+00
     5.275000E-01        22     -4.045185E+03      0.000000E+00
     5.280000E-01        22     -4.530682E+03      0.000000E+00
     5.285000E-01        22     -4.455145E+03      0.000000E+00
     5.290000E-01        22     -4.835971E+03      0.000000E+00
     5.295000E-01        22     -5.332576E+03      0.000000E+00
     5.300000E-01        22     -4.747299E+03      0.000000E+00
     5.305000E-01        22     -5.410582E+03      0.000000E+00
     5.310000E-01        22     -4.791519E+03      0.000000E+00
     5.315000E-01        22     -5.998927E+03      0.000000E+00
     5.320000E-01        22     -6.842050E+03      0.000000E+00
     5.325000E-01        22     -6.546067E+03      0.000000E+00
     5.330000E-01        22     -7.980441E+03      0.000000E+00
     5.335000E-01        22     -7.589298E+03      0.000000E+00
     5.340000E-01        22     -9.864741E+03      0.000000E+00
     5.345000E-01        22     -1.074940E+04      0.000000E+00
     5.350000E-01        22     -1.069799E+04      0.000000E+00
     5.355000E-01        22     -1.198931E+04      0.000000E+00
     5.360000E-01        22     -1.094408E+04      0.000000E+00
     5.365000E-01        22     -1.286469E+04      0.000000E+00
     5.370000E-01        22     -1.273862E+04      0.000000E+00
     5.375000E-01        22     -1.142476E+04      0.000000E+00
     5.380000E-01        22     -1.191030E+04      0.000000E+00
     5.385000E-01        22     -1.175859E+04      0.000000E+00
     5.390000E-01        22     -9.524963E+03      0.000000E+00
     5.395000E-01        22     -9.536110E+03      0.000000E+00
     5.400000E-01        22     -7.319275E+03      0.000000E+00
     5.405000E-01        22     -7.774761E+03      0.000000E+00
     5.410000E-01        22     -7.155530E+03      0.000000E+00
     5.415000E-01        22     -5.041978E+03      0.000000E+00
     5.420000E-01        22     -4.748447E+03      0.000000E+00
     5.425000E-01        22     -2.950109E+03      0.000000E+00
     5.430000E-01        22     -1.995713E+03      0.000000E+00
     5.435000E-01        22     -2.320758E+02      0.000000E+00
     5.440000E-01        22      1.348535E+05      1.595858E+03
     5.445000E-01        22      1.544149E+05      3.722034E+03
     5.450000E-01        22      1.532945E+05      5.422325E+03
     5.455000E-01        22      1.647643E+05      7.538878E+03
     5.460000E-01        22      1.706444E+05      9.446023E+03
     5.465000E-01        22      1.612126E+05      1.035887E+04
     5.470000E-01        22      1.622552E+05      1.176869E+04
     5.475000E-01        22      1.657608E+05      1.330174E+04
     5.480000E-01        22      1.538116E+05      1.345162E+04
     5.485000E-01        22      1.528010E+05      1.439474E+04
     5.490000E-01        22      1.339272E+05      1.346514E+04
     5.495000E-01        22      1.312896E+05      1.398200E+04
     5.500000E-01        22      1.259999E+05      1.412567E+04
     5.505000E-01        22      1.123964E+05      1.319573E+04
     5.510000E-01        22      1.066249E+05      1.305176E+04
     5.515000E-01        22      9.112701E+04      1.158642E+04
     5.520000E-01        22      8.787645E+04      1.156781E+04
     5.525000E-01        22      8.300626E+04      1.128065E+04
     5.530000E-01        22      7.483432E+04      1.047340E+04
     5.535000E-01        22      6.972899E+04      1.002789E+04
     5.540000E-01        22      6.340131E+04      9.350973E+03
     5.545000E-01        22      6.041062E+04      9.121753E+03
     5.550000E-01        22      5.899278E+04      9.105262E+03
     5.555000E-01        22      5.257807E+04      8.283549E+03
     5.560000E-01        22      5.028665E+04      8.076642E+03
     5.565000E-01        22      4.607736E+04      7.535835E+03
     5.570000E-01        22      4.206905E+04      6.998681E+03
     5.575000E-01        22      3.855412E+04      6.518050E+03
     5.580000E-01        22      3.506616E+04      6.019315E+03
     5.585000E-01        22      2.961911E+04      5.158130E+03
     5.590000E-01        22      2.610401E+04      4.608573E+03
     5.595000E-01        22      2.271879E+04      4.063364E+03
     5.600000E-01        22      1.867581E+04      3.381782E+03
     5.605000E-01        22      1.445946E+04      2.649284E+03
     5.610000E-01        22      1.216279E+04      2.253630E+03
     5.615000E-01        22      9.387693E+03      1.758169E+03
     5.620000E-01        22      6.765169E+03      1.280049E+03
     5.625000E-01        22      4.941418E+03      9.441771E+02
     5.630000E-01        22      3.248585E+03      6.265708E+02
     5.635000E-01        22      2.036852E+03      3.964065E+02
     5.640000E-01        22      1.038719E+03      2.039045E+02
     5.645000E-01        22      3.297404E+02      6.526788E+01
     5.650000E-01        22      1.973503E+01      3.937533E+00
     1.062000E+00        22     -1.247095E+00      0.000000E+00
     1.062500E+00        22     -6.373367E+01      0.000000E+00
     1.063000E+00        22     -2.084521E+02      0.000000E+00
     1.063500E+00        22     -4.704466E+02      0.000000E+00
     1.064000E+00        22     -8.335714E+02      0.000000E+00
     1.064500E+00        22     -1.219073E+03      0.000000E+00
     1.065000E+00        22     -1.736354E+03      0.000000E+00
     1.065500E+00        22     -2.304279E+03      0.000000E+00
     1.066000E+00        22     -2.757352E+03      0.000000E+00
     1.066500E+00        22     -3.329153E+03      0.000000E+00
     1.067000E+00        22     -3.668724E+03      0.000000E+00
     1.067500E+00        22     -4.175769E+03      0.000000E+00
     1.068000E+00        22     -4.631964E+03      0.000000E+00
     1.068500E+00        22     -4.540348E+03      0.000000E+00
     1.069000E+00        22     -4.962554E+03      0.000000E+00
     1.069500E+00        22     -4.550436E+03      0.000000E+00
     1.070000E+00        22     -5.255243E+03      0.000000E+00
     1.070500E+00        22     -5.727001E+03      0.000000E+00
     1.071000E+00        22     -5.249444E+03      0.000000E+00
     1.071500E+00        22     -6.248710E+03      0.000000E+00
     1.072000E+00        22     -5.665776E+03      0.000000E+00
     1.072500E+00        22     -7.564770E+03      0.000000E+00
     1.073000E+00        22     -8.523188E+03      0.000000E+00
     1.073500E+00        22     -8.483663E+03      0.000000E+00
     1.074000E+00        22     -1.016046E+04      0.000000E+00
     1.074500E+00        22     -1.136850E+04      0.000000E+00
     1.075000E+00        22     -1.108775E+04      0.000000E+00
     1.075500E+00        22     -1.221272E+04      0.000000E+00
     1.076000E+00        22     -1.139085E+04      0.000000E+00
     1.076500E+00        22     -1.291232E+04      0.000000E+00
     1.077000E+00        22     -1.304510E+04      0.000000E+00
     1.077500E+00        22     -1.151638E+04      0.000000E+00
     1.078000E+00        22     -1.200449E+04      0.000000E+00
     1.078500E+00        22     -9.626250E+03      0.000000E+00
     1.079000E+00        22     -1.066873E+04      0.000000E+00
     1.079500E+00        22     -1.005264E+04      0.000000E+00
     1.080000E+00        22     -7.682499E+03      0.000000E+00
     1.080500E+00        22     -7.976841E+03      0.000000E+00
     1.081000E+00        22     -5.632283E+03      0.000000E+00
     1.081500E+00        22     -5.929101E+03      0.000000E+00
     1.082000E+00        22     -4.988180E+03      0.000000E+00
     1.082500E+00        22     -3.008918E+03      0.000000E+00
     1.083000E+00        22     -1.930214E+03      0.000000E+00
     1.083500E+00        22     -5.647758E+01      0.000000E+00
     1.084000E+00        22      1.385233E+05      1.792072E+03
     1.084500E+00        22      1.569000E+05      3.940590E+03
     1.085000E+00        22      1.549595E+05      5.625397E+03
     1.085500E+00        22      1.657818E+05      7.727834E+03
     1.086000E+00        22      1.711757E+05      9.611590E+03
     1.086500E+00        22      1.612034E+05      1.047736E+04
     1.087000E+00        22      1.617687E+05      1.184467E+04
     1.087500E+00        22      1.592225E+05      1.287929E+04
     1.088000E+00        22      1.560390E+05      1.374014E+04
     1.088500E+00        22      1.538392E+05      1.457917E+04
     1.089000E+00        22      1.343044E+05      1.357412E+04
     1.089500E+00        22      1.310264E+05      1.401922E+04
     1.090000E+00        22      1.217110E+05      1.370199E+04
     1.090500E+00        22      1.147678E+05      1.352503E+04
     1.091000E+00        22      1.085429E+05      1.333208E+04
     1.091500E+00        22      9.276546E+04      1.183161E+04
     1.092000E+00        22      8.853469E+04      1.168785E+04
     1.092500E+00        22      8.485695E+04      1.156256E+04
     1.093000E+00        22      7.535719E+04      1.057226E+04
     1.093500E+00        22      7.091747E+04      1.022183E+04
     1.094000E+00        22      6.429141E+04      9.502151E+03
     1.094500E+00        22      6.077204E+04      9.194281E+03
     1.095000E+00        22      6.007532E+04      9.289307E+03
     1.095500E+00        22      5.247826E+04      8.281997E+03
     1.096000E+00        22      5.093321E+04      8.193658E+03
     1.096500E+00        22      4.618246E+04      7.564468E+03
     1.097000E+00        22      4.195758E+04      6.990110E+03
     1.097500E+00        22      3.899382E+04      6.601284E+03
     1.098000E+00        22      3.459045E+04      5.945239E+03
     1.098500E+00        22      2.985983E+04      5.206347E+03
     1.099000E+00        22      2.589143E+04      4.576296E+03
     1.099500E+00        22      2.248813E+04      4.026503E+03
     1.100000E+00        22      1.872079E+04      3.393451E+03
     1.100500E+00        22      1.412310E+04      2.590220E+03
     1.101000E+00        22      1.212990E+04      2.249661E+03
     1.101500E+00        22      9.202045E+03      1.724956E+03
     1.102000E+00        22      6.608333E+03      1.251454E+03
     1.102500E+00        22      4.847613E+03      9.270193E+02
     1.103000E+00        22      3.110808E+03      6.004724E+02
     1.103500E+00        22      1.948894E+03      3.795766E+02
     1.104000E+00        22      9.652254E+02      1.896156E+02
     1.104500E+00        22      2.879726E+02      5.704043E+01
     1.105000E+00        22      1.027610E+01      2.051668E+00
     1.152000E+00        22     -1.445849E+00      0.000000E+00
     1.152500E+00        22     -6.418534E+01      0.000000E+00
     1.153000E+00        22     -2.084154E+02      0.000000E+00
     1.153500E+00        22     -4.653594E+02      0.000000E+00
     1.154000E+00        22     -8.256086E+02      0.000000E+00
     1.154500E+00        22     -1.208866E+03      0.000000E+00
     1.155000E+00        22     -1.702859E+03      0.000000E+00
     1.155500E+00        22     -2.289696E+03      0.000000E+00
     1.156000E+00        22     -2.704707E+03      0.000000E+00
     1.156500E+00        22     -3.284964E+03      0.000000E+00
     1.157000E+00        22     -3.622388E+03      0.000000E+00
     1.157500E+00        22     -4.090194E+03      0.000000E+00
     1.158000E+00        22     -4.587232E+03      0.000000E+00
     1.158500E+00        22     -4.435145E+03      0.000000E+00
     1.159000E+00        22     -4.891755E+03      0.000000E+00
     1.159500E+00        22     -4.437543E+03      0.000000E+00
     1.160000E+00        22     -5.159160E+03      0.000000E+00
     1.160500E+00        22     -5.598414E+03      0.000000E+00
     1.161000E+00        22     -5.115000E+03      0.000000E+00
     1.161500E+00        22     -6.127398E+03      0.000000E+00
     1.162000E+00        22     -5.459301E+03      0.000000E+00
     1.162500E+00        22     -7.459027E+03      0.000000E+00
     1.163000E+00        22     -8.263459E+03      0.000000E+00
     1.163500E+00        22     -8.333136E+03      0.000000E+00
     1.164000E+00        22     -9.956109E+03      0.000000E+00
     1.164500E+00        22     -1.108122E+04      0.000000E+00
     1.165000E+00        22     -1.097305E+04      0.000000E+00
     1.165500E+00        22     -1.184996E+04      0.000000E+00
     1.166000E+00        22     -1.124215E+04      0.000000E+00
     1.166500E+00        22     -1.265339E+04      0.000000E+00
     1.167000E+00        22     -1.272360E+04      0.000000E+00
     1.167500E+00        22     -1.140536E+04      0.000000E+00
     1.168000E+00        22     -1.162943E+04      0.000000E+00
     1.168500E+00        22     -9.480131E+03      0.000000E+00
     1.169000E+00        22     -1.043262E+04      0.000000E+00
     1.169500E+00        22     -9.781586E+03      0.000000E+00
     1.170000E+00        22     -7.569126E+03      0.000000E+00
     1.170500E+00        22     -7.734356E+03      0.000000E+00
     1.171000E+00        22     -5.507742E+03      0.000000E+00
     1.171500E+00        22     -5.807968E+03      0.000000E+00
     1.172000E+00        22     -4.860859E+03      0.000000E+00
     1.172500E+00        22     -2.947420E+03      0.000000E+00
     1.173000E+00        22     -1.873476E+03      0.000000E+00
     1.173500E+00        22     -2.566418E+01      0.000000E+00
     1.174000E+00        22      1.367405E+05      1.794032E+03
     1.174500E+00        22      1.558449E+05      3.940243E+03
     1.175000E+00        22      1.530518E+05      5.579781E+03
     1.175500E+00        22      1.650023E+05      7.715024E+03
     1.176000E+00        22      1.702627E+05      9.582810E+03
     1.176500E+00        22      1.593996E+05      1.037967E+04
     1.177000E+00        22      1.620707E+05      1.188530E+04
     1.177500E+00        22      1.574073E+05      1.274924E+04
     1.178000E+00        22      1.555688E+05      1.371425E+04
     1.178500E+00        22      1.533181E+05      1.454413E+04
     1.179000E+00        22      1.325129E+05      1.340470E+04
     1.179500E+00        22      1.308924E+05      1.401571E+04
     1.180000E+00        22      1.201206E+05      1.353232E+04
     1.180500E+00        22      1.136136E+05      1.339739E+04
     1.181000E+00        22      1.075030E+05      1.321184E+04
     1.181500E+00        22      9.116620E+04      1.163366E+04
     1.182000E+00        22      8.718635E+04      1.151531E+04
     1.182500E+00        22      8.367010E+04      1.140582E+04
     1.183000E+00        22      7.386441E+04      1.036701E+04
     1.183500E+00        22      6.960090E+04      1.003582E+04
     1.184000E+00        22      6.355674E+04      9.396839E+03
     1.184500E+00        22      5.908645E+04      8.942168E+03
     1.185000E+00        22      5.960878E+04      9.219967E+03
     1.185500E+00        22      5.152006E+04      8.133090E+03
     1.186000E+00        22      4.994361E+04      8.036608E+03
     1.186500E+00        22      4.614380E+04      7.560038E+03
     1.187000E+00        22      4.089003E+04      6.813874E+03
     1.187500E+00        22      3.886241E+04      6.580513E+03
     1.188000E+00        22      3.424495E+04      5.887105E+03
     1.188500E+00        22      2.930873E+04      5.111285E+03
     1.189000E+00        22      2.599152E+04      4.594865E+03
     1.189500E+00        22      2.206026E+04      3.950610E+03
     1.190000E+00        22      1.861594E+04      3.375030E+03
     1.190500E+00        22      1.407494E+04      2.581812E+03
     1.191000E+00        22      1.188932E+04      2.205390E+03
     1.191500E+00        22      9.222145E+03      1.728984E+03
     1.192000E+00        22      6.506925E+03      1.232427E+03
     1.192500E+00        22      4.794944E+03      9.170732E+02
     1.193000E+00        22      3.102307E+03      5.989103E+02
     1.193500E+00        22      1.913243E+03      3.726801E+02
     1.194000E+00        22      9.550209E+02      1.876337E+02
     1.194500E+00        22      2.808539E+02      5.563686E+01
     1.195000E+00        22      8.994594E+00      1.796011E+00
