     5.620000E-01        28     -3.629870E+01      0.000000E+00
     5.625000E-01        28     -1.619506E+02      0.000000E+00
     5.630000E-01        28     -4.109952E+02      0.000000E+00
     5.635000E-01        28     -7.367126E+02      0.000000E+00
     5.640000E-01        28     -1.087239E+03      0.000000E+00
     5.645000E-01        28     -1.714745E+03      0.000000E+00
     5.650000E-01        28     -2.202116E+03      0.000000E+00
     5.655000E-01        28     -2.715857E+03      0.000000E+00
     5.660000E-01        28     -3.575215E+03      0.000000E+00
     5.665000E-01        28     -4.014410E+03      0.000000E+00
     5.670000E-01        28     -4.880490E+03      0.000000E+00
     5.675000E-01        28     -5.218545E+03      0.000000E+00
     5.680000E-01        28     -5.433498E+03      0.000000E+00
     5.685000E-01        28     -6.426475E+03      0.000000E+00
     5.690000E-01        28     -6.438648E+03      0.000000E+00
     5.695000E-01        28     -7.339673E+03      0.000000E+00
     5.700000E-01        28     -7.012466E+03      0.000000E+00
     5.705000E-01        28     -7.190553E+03      0.000000E+00
     5.710000E-01        28     -7.849251E+03      0.000000E+00
     5.715000E-01        28     -7.674011E+03      0.000000E+00
     5.720000E-01        28     -8.446530E+03      0.000000E+00
     5.725000E-01        28     -7.810851E+03      0.000000E+00
     5.730000E-01        28     -8.158308E+03      0.000000E+00
     5.735000E-01        28     -8.411619E+03      0.000000E+00
     5.740000E-01        28     -8.381431E+03      0.000000E+00
     5.745000E-01        28     -8.612184E+03      0.000000E+00
     5.750000E-01        28     -8.702125E+03      0.000000E+00
     5.755000E-01        28     -9.150431E+03      0.000000E+00
     5.760000E-01        28     -9.282600E+03      0.000000E+00
     5.765000E-01        28     -9.404582E+03      0.000000E+00
     5.770000E-01        28     -9.841937E+03      0.000000E+00
     5.775000E-01        28     -9.952324E+03      0.000000E+00
     5.780000E-01        28     -1.024030E+04      0.000000E+00
     5.785000E-01        28     -1.058703E+04      0.000000E+00
     5.790000E-01        28     -1.021839E+04      0.000000E+00
     5.795000E-01        28     -1.002449E+04      0.000000E+00
     5.800000E-01        28     -9.962115E+03      0.000000E+00
     5.805000E-01        28     -8.904861E+03      0.000000E+00
     5.810000E-01        28     -8.415422E+03      0.000000E+00
     5.815000E-01        28     -6.556613E+03      0.000000E+00
     5.820000E-01        28     -4.790218E+03      0.000000E+00
     5.825000E-01        28     -3.114009E+03      0.000000E+00
     5.830000E-01        28     -7.143991E+02      0.000000E+00
     5.835000E-01        28      1.632118E+05      1.522846E+03
     5.840000E-01        28      1.748858E+05      3.814275E+03
     5.845000E-01        28      1.563962E+05      5.202083E+03
     5.850000E-01        28      1.610940E+05      7.057321E+03
     5.855000E-01        28      1.424348E+05      7.627804E+03
     5.860000E-01        28      1.283494E+05      8.032500E+03
     5.865000E-01        28      1.309098E+05      9.291308E+03
     5.870000E-01        28      1.137947E+05      8.966306E+03
     5.875000E-01        28      1.114625E+05      9.596508E+03
     5.880000E-01        28      9.898815E+04      9.199175E+03
     5.885000E-01        28      8.943994E+04      8.885369E+03
     5.890000E-01        28      8.892948E+04      9.370654E+03
     5.895000E-01        28      8.133333E+04      9.031857E+03
     5.900000E-01        28      7.972511E+04      9.280120E+03
     5.905000E-01        28      7.488562E+04      9.095642E+03
     5.910000E-01        28      7.145337E+04      9.020853E+03
     5.915000E-01        28      7.154313E+04      9.356820E+03
     5.920000E-01        28      6.902172E+04      9.324306E+03
     5.925000E-01        28      6.615518E+04      9.207822E+03
     5.930000E-01        28      6.656905E+04      9.524688E+03
     5.935000E-01        28      6.373982E+04      9.356385E+03
     5.940000E-01        28      6.256828E+04      9.405845E+03
     5.945000E-01        28      5.926446E+04      9.109451E+03
     5.950000E-01        28      5.590517E+04      8.773672E+03
     5.955000E-01        28      5.413889E+04      8.663789E+03
     5.960000E-01        28      5.016323E+04      8.176039E+03
     5.965000E-01        28      4.780655E+04      7.927561E+03
     5.970000E-01        28      4.282633E+04      7.218287E+03
     5.975000E-01        28      3.859702E+04      6.606331E+03
     5.980000E-01        28      3.591180E+04      6.236930E+03
     5.985000E-01        28      3.099498E+04      5.457888E+03
     5.990000E-01        28      2.821649E+04      5.034232E+03
     5.995000E-01        28      2.291844E+04      4.140308E+03
     6.000000E-01        28      1.885901E+04      3.447662E+03
     6.005000E-01        28      1.603329E+04      2.964464E+03
     6.010000E-01        28      1.203836E+04      2.250010E+03
     6.015000E-01        28      8.839231E+03      1.669232E+03
     6.020000E-01        28      6.622777E+03      1.263085E+03
     6.025000E-01        28      4.208590E+03      8.102837E+02
     6.030000E-01        28      2.577263E+03      5.007218E+02
     6.035000E-01        28      1.232477E+03      2.415427E+02
     6.040000E-01        28      4.269412E+02      8.437422E+01
     6.045000E-01        28      4.733143E+01      9.429238E+00
     6.520000E-01        28     -3.844167E+01      0.000000E+00
     6.525000E-01        28     -1.684165E+02      0.000000E+00
     6.530000E-01        28     -4.229734E+02      0.000000E+00
     6.535000E-01        28     -7.565793E+02      0.000000E+00
     6.540000E-01        28     -1.112388E+03      0.000000E+00
     6.545000E-01        28     -1.745997E+03      0.000000E+00
     6.550000E-01        28     -2.244943E+03      0.000000E+00
     6.555000E-01        28     -2.752163E+03      0.000000E+00
     6.560000E-01        28     -3.623299E+03      0.000000E+00
     6.565000E-01        28     -4.072098E+03      0.000000E+00
     6.570000E-01        28     -4.900502E+03      0.000000E+00
     6.575000E-01        28     -5.295875E+03      0.000000E+00
     6.580000E-01        28     -5.463705E+03      0.000000E+00
     6.585000E-01        28     -6.438223E+03      0.000000E+00
     6.590000E-01        28     -6.551936E+03      0.000000E+00
     6.595000E-01        28     -7.273704E+03      0.000000E+00
     6.600000E-01        28     -7.134938E+03      0.000000E+00
     6.605000E-01        28     -7.246822E+03      0.000000E+00
     6.610000E-01        28     -7.800915E+03      0.000000E+00
     6.615000E-01        28     -7.944531E+03      0.000000E+00
     6.620000E-01        28     -8.354816E+03      0.000000E+00
     6.625000E-01        28     -8.026541E+03      0.000000E+00
     6.630000E-01        28     -8.406523E+03      0.000000E+00
     6.635000E-01        28     -8.331599E+03      0.000000E+00
     6.640000E-01        28     -8.913975E+03      0.000000E+00
     6.645000E-01        28     -8.571273E+03      0.000000E+00
     6.650000E-01        28     -8.988170E+03      0.000000E+00
     6.655000E-01        28     -9.579806E+03      0.000000E+00
     6.660000E-01        28     -9.147365E+03      0.000000E+00
     6.665000E-01        28     -1.002207E+04      0.000000E+00
     6.670000E-01        28     -9.817390E+03      0.000000E+00
     6.675000E-01        28     -1.015246E+04      0.000000E+00
     6.680000E-01        28     -1.059890E+04      0.000000E+00
     6.685000E-01        28     -1.043992E+04      0.000000E+00
     6.690000E-01        28     -1.056079E+04      0.000000E+00
     6.695000E-01        28     -1.001805E+04      0.000000E+00
     6.700000E-01        28     -9.981274E+03      0.000000E+00
     6.705000E-01        28     -9.042627E+03      0.000000E+00
     6.710000E-01        28     -8.337552E+03      0.000000E+00
     6.715000E-01        28     -6.595409E+03      0.000000E+00
     6.720000E-01        28     -4.775163E+03      0.000000E+00
     6.725000E-01        28     -3.081719E+03      0.000000E+00
     6.730000E-01        28     -6.830210E+02      0.000000E+00
     6.735000E-01        28      1.635270E+05      1.556470E+03
     6.740000E-01        28      1.751240E+05      3.849568E+03
     6.745000E-01        28      1.559638E+05      5.212344E+03
     6.750000E-01        28      1.629098E+05      7.160616E+03
     6.755000E-01        28      1.413252E+05      7.587443E+03
     6.760000E-01        28      1.298642E+05      8.143561E+03
     6.765000E-01        28      1.321791E+05      9.396797E+03
     6.770000E-01        28      1.128443E+05      8.903680E+03
     6.775000E-01        28      1.146578E+05      9.883257E+03
     6.780000E-01        28      9.843465E+04      9.157112E+03
     6.785000E-01        28      9.084808E+04      9.033384E+03
     6.790000E-01        28      9.133721E+04      9.632046E+03
     6.795000E-01        28      8.075657E+04      8.974214E+03
     6.800000E-01        28      8.283356E+04      9.648150E+03
     6.805000E-01        28      7.549201E+04      9.174640E+03
     6.810000E-01        28      7.233347E+04      9.136816E+03
     6.815000E-01        28      7.389268E+04      9.668808E+03
     6.820000E-01        28      6.870472E+04      9.285632E+03
     6.825000E-01        28      6.776662E+04      9.436004E+03
     6.830000E-01        28      6.708439E+04      9.602093E+03
     6.835000E-01        28      6.343614E+04      9.315114E+03
     6.840000E-01        28      6.346417E+04      9.543681E+03
     6.845000E-01        28      5.849411E+04      8.993822E+03
     6.850000E-01        28      5.563072E+04      8.733130E+03
     6.855000E-01        28      5.398685E+04      8.641807E+03
     6.860000E-01        28      4.894862E+04      7.980111E+03
     6.865000E-01        28      4.765100E+04      7.903673E+03
     6.870000E-01        28      4.195853E+04      7.073633E+03
     6.875000E-01        28      3.787342E+04      6.483875E+03
     6.880000E-01        28      3.566791E+04      6.195838E+03
     6.885000E-01        28      3.024089E+04      5.326132E+03
     6.890000E-01        28      2.805387E+04      5.006139E+03
     6.895000E-01        28      2.263605E+04      4.090009E+03
     6.900000E-01        28      1.860735E+04      3.402224E+03
     6.905000E-01        28      1.605868E+04      2.969631E+03
     6.910000E-01        28      1.192935E+04      2.229975E+03
     6.915000E-01        28      8.869633E+03      1.675217E+03
     6.920000E-01        28      6.655933E+03      1.269585E+03
     6.925000E-01        28      4.209235E+03      8.105158E+02
     6.930000E-01        28      2.604815E+03      5.061393E+02
     6.935000E-01        28      1.234391E+03      2.419474E+02
     6.940000E-01        28      4.258530E+02      8.416907E+01
     6.945000E-01        28      4.548004E+01      9.061436E+00
     1.192000E+00        28     -4.484009E+01      0.000000E+00
     1.192500E+00        28     -1.791025E+02      0.000000E+00
     1.193000E+00        28     -4.392874E+02      0.000000E+00
     1.193500E+00        28     -7.761033E+02      0.000000E+00
     1.194000E+00        28     -1.126847E+03      0.000000E+00
     1.194500E+00        28     -1.778551E+03      0.000000E+00
     1.195000E+00        28     -2.263787E+03      0.000000E+00
     1.195500E+00        28     -3.010111E+03      0.000000E+00
     1.196000E+00        28     -3.517642E+03      0.000000E+00
     1.196500E+00        28     -4.001365E+03      0.000000E+00
     1.197000E+00        28     -4.907055E+03      0.000000E+00
     1.197500E+00        28     -5.280548E+03      0.000000E+00
     1.198000E+00        28     -6.077418E+03      0.000000E+00
     1.198500E+00        28     -6.125943E+03      0.000000E+00
     1.199000E+00        28     -6.324249E+03      0.000000E+00
     1.199500E+00        28     -7.159263E+03      0.000000E+00
     1.200000E+00        28     -7.085418E+03      0.000000E+00
     1.200500E+00        28     -7.063089E+03      0.000000E+00
     1.201000E+00        28     -7.858716E+03      0.000000E+00
     1.201500E+00        28     -7.757367E+03      0.000000E+00
     1.202000E+00        28     -8.346213E+03      0.000000E+00
     1.202500E+00        28     -7.986340E+03      0.000000E+00
     1.203000E+00        28     -8.146546E+03      0.000000E+00
     1.203500E+00        28     -8.465604E+03      0.000000E+00
     1.204000E+00        28     -8.548670E+03      0.000000E+00
     1.204500E+00        28     -8.925272E+03      0.000000E+00
     1.205000E+00        28     -8.679021E+03      0.000000E+00
     1.205500E+00        28     -9.157605E+03      0.000000E+00
     1.206000E+00        28     -9.207785E+03      0.000000E+00
     1.206500E+00        28     -9.527068E+03      0.000000E+00
     1.207000E+00        28     -9.967802E+03      0.000000E+00
     1.207500E+00        28     -9.863260E+03      0.000000E+00
     1.208000E+00        28     -1.024444E+04      0.000000E+00
     1.208500E+00        28     -1.045669E+04      0.000000E+00
     1.209000E+00        28     -1.020934E+04      0.000000E+00
     1.209500E+00        28     -9.935924E+03      0.000000E+00
     1.210000E+00        28     -9.833131E+03      0.000000E+00
     1.210500E+00        28     -8.822984E+03      0.000000E+00
     1.211000E+00        28     -8.238753E+03      0.000000E+00
     1.211500E+00        28     -6.396316E+03      0.000000E+00
     1.212000E+00        28     -4.609019E+03      0.000000E+00
     1.212500E+00        28     -2.884444E+03      0.000000E+00
     1.213000E+00        28     -4.821863E+02      0.000000E+00
     1.213500E+00        28      1.811837E+05      1.927585E+03
     1.214000E+00        28      1.643389E+05      3.781232E+03
     1.214500E+00        28      1.520755E+05      5.225981E+03
     1.215000E+00        28      1.595329E+05      7.151162E+03
     1.215500E+00        28      1.398492E+05      7.620957E+03
     1.216000E+00        28      1.397004E+05      8.864927E+03
     1.216500E+00        28      1.231572E+05      8.841196E+03
     1.217000E+00        28      1.098477E+05      8.738633E+03
     1.217500E+00        28      1.097616E+05      9.527927E+03
     1.218000E+00        28      9.727499E+04      9.104639E+03
     1.218500E+00        28      8.814313E+04      8.811571E+03
     1.219000E+00        28      8.863322E+04      9.391506E+03
     1.219500E+00        28      8.041992E+04      8.974958E+03
     1.220000E+00        28      7.970120E+04      9.319010E+03
     1.220500E+00        28      7.489571E+04      9.133902E+03
     1.221000E+00        28      7.109009E+04      9.008285E+03
     1.221500E+00        28      7.206841E+04      9.457534E+03
     1.222000E+00        28      6.876675E+04      9.318878E+03
     1.222500E+00        28      6.862606E+04      9.579270E+03
     1.223000E+00        28      6.565266E+04      9.418658E+03
     1.223500E+00        28      6.299908E+04      9.270599E+03
     1.224000E+00        28      6.232013E+04      9.390207E+03
     1.224500E+00        28      5.883346E+04      9.062744E+03
     1.225000E+00        28      5.745381E+04      9.034965E+03
     1.225500E+00        28      5.293001E+04      8.486429E+03
     1.226000E+00        28      4.937544E+04      8.062026E+03
     1.226500E+00        28      4.709726E+04      7.823104E+03
     1.227000E+00        28      4.231884E+04      7.144104E+03
     1.227500E+00        28      3.803673E+04      6.520232E+03
     1.228000E+00        28      3.540554E+04      6.157779E+03
     1.228500E+00        28      3.055889E+04      5.388380E+03
     1.229000E+00        28      2.772800E+04      4.953441E+03
     1.229500E+00        28      2.254039E+04      4.076997E+03
     1.230000E+00        28      1.848507E+04      3.383244E+03
     1.230500E+00        28      1.568152E+04      2.902649E+03
     1.231000E+00        28      1.175251E+04      2.198919E+03
     1.231500E+00        28      9.214313E+03      1.741832E+03
     1.232000E+00        28      6.140403E+03      1.172226E+03
     1.232500E+00        28      3.966118E+03      7.643116E+02
     1.233000E+00        28      2.411037E+03      4.688452E+02
     1.233500E+00        28      1.128483E+03      2.213514E+02
     1.234000E+00        28      3.814381E+02      7.544375E+01
     1.234500E+00        28      2.958869E+01      5.899245E+00
     1.281500E+00        28     -1.183001E-03      0.000000E+00
     1.282000E+00        28     -4.449397E+01      0.000000E+00
     1.282500E+00        28     -1.812971E+02      0.000000E+00
     1.283000E+00        28     -4.481480E+02      0.000000E+00
     1.283500E+00        28     -7.867126E+02      0.000000E+00
     1.284000E+00        28     -1.142602E+03      0.000000E+00
     1.284500E+00        28     -1.809076E+03      0.000000E+00
     1.285000E+00        28     -2.287961E+03      0.000000E+00
     1.285500E+00        28     -3.051344E+03      0.000000E+00
     1.286000E+00        28     -3.570542E+03      0.000000E+00
     1.286500E+00        28     -4.039498E+03      0.000000E+00
     1.287000E+00        28     -4.971436E+03      0.000000E+00
     1.287500E+00        28     -5.344733E+03      0.000000E+00
     1.288000E+00        28     -6.106903E+03      0.000000E+00
     1.288500E+00        28     -6.216296E+03      0.000000E+00
     1.289000E+00        28     -6.380447E+03      0.000000E+00
     1.289500E+00        28     -7.177930E+03      0.000000E+00
     1.290000E+00        28     -7.239626E+03      0.000000E+00
     1.290500E+00        28     -7.854037E+03      0.000000E+00
     1.291000E+00        28     -7.528409E+03      0.000000E+00
     1.291500E+00        28     -7.782045E+03      0.000000E+00
     1.292000E+00        28     -8.016001E+03      0.000000E+00
     1.292500E+00        28     -8.333791E+03      0.000000E+00
     1.293000E+00        28     -8.005565E+03      0.000000E+00
     1.293500E+00        28     -8.549069E+03      0.000000E+00
     1.294000E+00        28     -8.982542E+03      0.000000E+00
     1.294500E+00        28     -8.646217E+03      0.000000E+00
     1.295000E+00        28     -9.326608E+03      0.000000E+00
     1.295500E+00        28     -9.136545E+03      0.000000E+00
     1.296000E+00        28     -9.381613E+03      0.000000E+00
     1.296500E+00        28     -1.005518E+04      0.000000E+00
     1.297000E+00        28     -9.761029E+03      0.000000E+00
     1.297500E+00        28     -1.039166E+04      0.000000E+00
     1.298000E+00        28     -1.028793E+04      0.000000E+00
     1.298500E+00        28     -1.050756E+04      0.000000E+00
     1.299000E+00        28     -1.054204E+04      0.000000E+00
     1.299500E+00        28     -1.041185E+04      0.000000E+00
     1.300000E+00        28     -9.702259E+03      0.000000E+00
     1.300500E+00        28     -8.762551E+03      0.000000E+00
     1.301000E+00        28     -8.135432E+03      0.000000E+00
     1.301500E+00        28     -6.419656E+03      0.000000E+00
     1.302000E+00        28     -4.549304E+03      0.000000E+00
     1.302500E+00        28     -2.851567E+03      0.000000E+00
     1.303000E+00        28     -4.485185E+02      0.000000E+00
     1.303500E+00        28      1.815002E+05      1.964702E+03
     1.304000E+00        28      1.637631E+05      3.795886E+03
     1.304500E+00        28      1.528134E+05      5.275287E+03
     1.305000E+00        28      1.604739E+05      7.216550E+03
     1.305500E+00        28      1.386163E+05      7.572330E+03
     1.306000E+00        28      1.424592E+05      9.057693E+03
     1.306500E+00        28      1.223609E+05      8.798190E+03
     1.307000E+00        28      1.107520E+05      8.822527E+03
     1.307500E+00        28      1.122339E+05      9.753867E+03
     1.308000E+00        28      9.599276E+04      8.993710E+03
     1.308500E+00        28      9.725449E+04      9.731066E+03
     1.309000E+00        28      8.604334E+04      9.124281E+03
     1.309500E+00        28      7.988321E+04      8.921359E+03
     1.310000E+00        28      8.165224E+04      9.553213E+03
     1.310500E+00        28      7.421175E+04      9.055715E+03
     1.311000E+00        28      7.274654E+04      9.223037E+03
     1.311500E+00        28      7.298712E+04      9.582715E+03
     1.312000E+00        28      6.863159E+04      9.304686E+03
     1.312500E+00        28      7.027138E+04      9.812952E+03
     1.313000E+00        28      6.538908E+04      9.384403E+03
     1.313500E+00        28      6.318677E+04      9.301498E+03
     1.314000E+00        28      6.293896E+04      9.486567E+03
     1.314500E+00        28      5.779827E+04      8.906019E+03
     1.315000E+00        28      5.769606E+04      9.075671E+03
     1.315500E+00        28      5.227129E+04      8.383080E+03
     1.316000E+00        28      4.842282E+04      7.908492E+03
     1.316500E+00        28      4.702166E+04      7.812419E+03
     1.317000E+00        28      4.116630E+04      6.951109E+03
     1.317500E+00        28      3.976733E+04      6.818351E+03
     1.318000E+00        28      3.397908E+04      5.910886E+03
     1.318500E+00        28      2.951850E+04      5.205933E+03
     1.319000E+00        28      2.740007E+04      4.895755E+03
     1.319500E+00        28      2.201467E+04      3.982601E+03
     1.320000E+00        28      1.827750E+04      3.345808E+03
     1.320500E+00        28      1.560040E+04      2.888092E+03
     1.321000E+00        28      1.160665E+04      2.171956E+03
     1.321500E+00        28      9.265544E+03      1.751770E+03
     1.322000E+00        28      6.119865E+03      1.168467E+03
     1.322500E+00        28      3.980696E+03      7.672227E+02
     1.323000E+00        28      2.429101E+03      4.724179E+02
     1.323500E+00        28      1.128317E+03      2.213458E+02
     1.324000E+00        28      3.809114E+02      7.534843E+01
     1.324500E+00        28      2.798811E+01      5.580759E+00
