     6.480000E-01        32     -3.946136E-01      0.000000E+00
     6.485000E-01        32     -5.085629E+01      0.000000E+00
     6.490000E-01        32     -1.955257E+02      0.000000E+00
     6.495000E-01        32     -3.800776E+02      0.000000E+00
     6.500000E-01        32     -7.304350E+02      0.000000E+00
     6.505000E-01        32     -9.867091E+02      0.000000E+00
     6.510000E-01        32     -1.520907E+03      0.000000E+00
     6.515000E-01        32     -2.058560E+03      0.000000E+00
     6.520000E-01        32     -2.162196E+03      0.000000E+00
     6.525000E-01        32     -2.942338E+03      0.000000E+00
     6.530000E-01        32     -2.696115E+03      0.000000E+00
     6.535000E-01        32     -3.636122E+03      0.000000E+00
     6.540000E-01        32     -4.227683E+03      0.000000E+00
     6.545000E-01        32     -3.378490E+03      0.000000E+00
     6.550000E-01        32     -4.651147E+03      0.000000E+00
     6.555000E-01        32     -5.210228E+03      0.000000E+00
     6.560000E-01        32     -4.101857E+03      0.000000E+00
     6.565000E-01        32     -5.659368E+03      0.000000E+00
     6.570000E-01        32     -4.162935E+03      0.000000E+00
     6.575000E-01        32     -6.959831E+03      0.000000E+00
     6.580000E-01        32     -7.912232E+03      0.000000E+00
     6.585000E-01        32     -7.177715E+03      0.000000E+00
     6.590000E-01        32     -9.744623E+03      0.000000E+00
     6.595000E-01        32     -8.396318E+03      0.000000E+00
     6.600000E-01        32     -1.225642E+04      0.000000E+00
     6.605000E-01        32     -1.305809E+04      0.000000E+00
     6.610000E-01        32     -1.264007E+04      0.000000E+00
     6.615000E-01        32     -1.483213E+04      0.000000E+00
     6.620000E-01        32     -1.296673E+04      0.000000E+00
     6.625000E-01        32     -1.580877E+04      0.000000E+00
     6.630000E-01        32     -1.546764E+04      0.000000E+00
     6.635000E-01        32     -1.375753E+04      0.000000E+00
     6.640000E-01        32     -1.434911E+04      0.000000E+00
     6.645000E-01        32     -1.417283E+04      0.000000E+00
     6.650000E-01        32     -1.114670E+04      0.000000E+00
     6.655000E-01        32     -1.116286E+04      0.000000E+00
     6.660000E-01        32     -8.144157E+03      0.000000E+00
     6.665000E-01        32     -8.819374E+03      0.000000E+00
     6.670000E-01        32     -7.377632E+03      0.000000E+00
     6.675000E-01        32     -4.703673E+03      0.000000E+00
     6.680000E-01        32     -4.403345E+03      0.000000E+00
     6.685000E-01        32     -2.116531E+03      0.000000E+00
     6.690000E-01        32     -1.483521E+03      0.000000E+00
     6.695000E-01        32     -1.422254E+02      0.000000E+00
     6.700000E-01        32      7.849797E+04      9.492077E+02
     6.705000E-01        32      1.043589E+05      2.540169E+03
     6.710000E-01        32      8.035762E+04      2.859898E+03
     6.715000E-01        32      1.051110E+05      4.830529E+03
     6.720000E-01        32      1.192024E+05      6.620630E+03
     6.725000E-01        32      9.969665E+04      6.423330E+03
     6.730000E-01        32      1.239816E+05      9.012577E+03
     6.735000E-01        32      1.381690E+05      1.110834E+04
     6.740000E-01        32      1.229815E+05      1.077264E+04
     6.745000E-01        32      1.403172E+05      1.323717E+04
     6.750000E-01        32      1.368464E+05      1.377557E+04
     6.755000E-01        32      1.461347E+05      1.557997E+04
     6.760000E-01        32      1.546156E+05      1.735070E+04
     6.765000E-01        32      1.496258E+05      1.758211E+04
     6.770000E-01        32      1.497456E+05      1.834477E+04
     6.775000E-01        32      1.518448E+05      1.932054E+04
     6.780000E-01        32      1.442181E+05      1.899718E+04
     6.785000E-01        32      1.339003E+05      1.820843E+04
     6.790000E-01        32      1.277247E+05      1.788581E+04
     6.795000E-01        32      1.149106E+05      1.653428E+04
     6.800000E-01        32      1.076958E+05      1.589169E+04
     6.805000E-01        32      9.321831E+04      1.408201E+04
     6.810000E-01        32      7.985719E+04      1.233086E+04
     6.815000E-01        32      7.218023E+04      1.137638E+04
     6.820000E-01        32      5.681969E+04      9.129360E+03
     6.825000E-01        32      4.909486E+04      8.032182E+03
     6.830000E-01        32      4.157859E+04      6.919398E+03
     6.835000E-01        32      3.290611E+04      5.564939E+03
     6.840000E-01        32      2.914078E+04      5.003680E+03
     6.845000E-01        32      2.312842E+04      4.028924E+03
     6.850000E-01        32      1.932895E+04      3.413377E+03
     6.855000E-01        32      1.747893E+04      3.126987E+03
     6.860000E-01        32      1.403332E+04      2.541746E+03
     6.865000E-01        32      1.353861E+04      2.481138E+03
     6.870000E-01        32      1.029618E+04      1.908189E+03
     6.875000E-01        32      8.689095E+03      1.627676E+03
     6.880000E-01        32      7.725990E+03      1.462143E+03
     6.885000E-01        32      5.390517E+03      1.030187E+03
     6.890000E-01        32      4.267175E+03      8.231838E+02
     6.895000E-01        32      2.494338E+03      4.855275E+02
     6.900000E-01        32      1.232597E+03      2.420046E+02
     6.905000E-01        32      4.387480E+02      8.685876E+01
     6.910000E-01        32      2.125129E+01      4.240724E+00
     7.380000E-01        32     -4.909502E-01      0.000000E+00
     7.385000E-01        32     -5.080098E+01      0.000000E+00
     7.390000E-01        32     -1.942861E+02      0.000000E+00
     7.395000E-01        32     -3.794671E+02      0.000000E+00
     7.400000E-01        32     -7.296889E+02      0.000000E+00
     7.405000E-01        32     -9.956747E+02      0.000000E+00
     7.410000E-01        32     -1.537471E+03      0.000000E+00
     7.415000E-01        32     -2.081253E+03      0.000000E+00
     7.420000E-01        32     -2.224994E+03      0.000000E+00
     7.425000E-01        32     -2.981422E+03      0.000000E+00
     7.430000E-01        32     -2.794648E+03      0.000000E+00
     7.435000E-01        32     -3.733771E+03      0.000000E+00
     7.440000E-01        32     -4.303573E+03      0.000000E+00
     7.445000E-01        32     -3.550232E+03      0.000000E+00
     7.450000E-01        32     -4.703593E+03      0.000000E+00
     7.455000E-01        32     -5.345000E+03      0.000000E+00
     7.460000E-01        32     -4.214906E+03      0.000000E+00
     7.465000E-01        32     -5.638164E+03      0.000000E+00
     7.470000E-01        32     -4.314045E+03      0.000000E+00
     7.475000E-01        32     -6.866018E+03      0.000000E+00
     7.480000E-01        32     -7.924214E+03      0.000000E+00
     7.485000E-01        32     -7.173258E+03      0.000000E+00
     7.490000E-01        32     -9.543397E+03      0.000000E+00
     7.495000E-01        32     -8.447040E+03      0.000000E+00
     7.500000E-01        32     -1.203233E+04      0.000000E+00
     7.505000E-01        32     -1.299747E+04      0.000000E+00
     7.510000E-01        32     -1.257592E+04      0.000000E+00
     7.515000E-01        32     -1.464307E+04      0.000000E+00
     7.520000E-01        32     -1.301170E+04      0.000000E+00
     7.525000E-01        32     -1.566441E+04      0.000000E+00
     7.530000E-01        32     -1.548185E+04      0.000000E+00
     7.535000E-01        32     -1.376484E+04      0.000000E+00
     7.540000E-01        32     -1.431301E+04      0.000000E+00
     7.545000E-01        32     -1.197726E+04      0.000000E+00
     7.550000E-01        32     -1.233274E+04      0.000000E+00
     7.555000E-01        32     -1.162406E+04      0.000000E+00
     7.560000E-01        32     -8.518422E+03      0.000000E+00
     7.565000E-01        32     -8.978989E+03      0.000000E+00
     7.570000E-01        32     -7.541568E+03      0.000000E+00
     7.575000E-01        32     -4.806619E+03      0.000000E+00
     7.580000E-01        32     -4.434425E+03      0.000000E+00
     7.585000E-01        32     -2.143693E+03      0.000000E+00
     7.590000E-01        32     -1.473321E+03      0.000000E+00
     7.595000E-01        32     -1.204599E+02      0.000000E+00
     7.600000E-01        32      7.828479E+04      9.610409E+02
     7.605000E-01        32      1.039426E+05      2.547578E+03
     7.610000E-01        32      7.945281E+04      2.840033E+03
     7.615000E-01        32      1.039037E+05      4.789941E+03
     7.620000E-01        32      1.183242E+05      6.587556E+03
     7.625000E-01        32      9.782461E+04      6.314774E+03
     7.630000E-01        32      1.227707E+05      8.938639E+03
     7.635000E-01        32      1.111953E+05      8.951655E+03
     7.640000E-01        32      1.346530E+05      1.180850E+04
     7.645000E-01        32      1.441375E+05      1.361110E+04
     7.650000E-01        32      1.392488E+05      1.402970E+04
     7.655000E-01        32      1.463831E+05      1.561862E+04
     7.660000E-01        32      1.557860E+05      1.749425E+04
     7.665000E-01        32      1.497501E+05      1.760779E+04
     7.670000E-01        32      1.493113E+05      1.830201E+04
     7.675000E-01        32      1.525408E+05      1.941921E+04
     7.680000E-01        32      1.432826E+05      1.888297E+04
     7.685000E-01        32      1.342725E+05      1.826705E+04
     7.690000E-01        32      1.275966E+05      1.787514E+04
     7.695000E-01        32      1.144690E+05      1.647694E+04
     7.700000E-01        32      1.082759E+05      1.598288E+04
     7.705000E-01        32      9.274548E+04      1.401516E+04
     7.710000E-01        32      8.020391E+04      1.238817E+04
     7.715000E-01        32      7.232174E+04      1.140194E+04
     7.720000E-01        32      5.663982E+04      9.102903E+03
     7.725000E-01        32      5.193196E+04      8.498494E+03
     7.730000E-01        32      4.023147E+04      6.696809E+03
     7.735000E-01        32      3.274015E+04      5.538118E+03
     7.740000E-01        32      2.872435E+04      4.933227E+03
     7.745000E-01        32      2.289951E+04      3.989854E+03
     7.750000E-01        32      1.925667E+04      3.401264E+03
     7.755000E-01        32      1.716339E+04      3.071097E+03
     7.760000E-01        32      1.399460E+04      2.535171E+03
     7.765000E-01        32      1.334679E+04      2.446390E+03
     7.770000E-01        32      1.018363E+04      1.887629E+03
     7.775000E-01        32      8.620538E+03      1.615076E+03
     7.780000E-01        32      7.621143E+03      1.442508E+03
     7.785000E-01        32      5.349124E+03      1.022417E+03
     7.790000E-01        32      4.219060E+03      8.140093E+02
     7.795000E-01        32      2.463309E+03      4.795484E+02
     7.800000E-01        32      1.216051E+03      2.387851E+02
     7.805000E-01        32      4.280128E+02      8.474343E+01
     7.810000E-01        32      1.918570E+01      3.828963E+00
     1.278000E+00        32     -1.547302E+00      0.000000E+00
     1.278500E+00        32     -6.104811E+01      0.000000E+00
     1.279000E+00        32     -1.869009E+02      0.000000E+00
     1.279500E+00        32     -4.371495E+02      0.000000E+00
     1.280000E+00        32     -7.756313E+02      0.000000E+00
     1.280500E+00        32     -1.031738E+03      0.000000E+00
     1.281000E+00        32     -1.580971E+03      0.000000E+00
     1.281500E+00        32     -1.762901E+03      0.000000E+00
     1.282000E+00        32     -2.461362E+03      0.000000E+00
     1.282500E+00        32     -3.047422E+03      0.000000E+00
     1.283000E+00        32     -2.818706E+03      0.000000E+00
     1.283500E+00        32     -3.749989E+03      0.000000E+00
     1.284000E+00        32     -4.241533E+03      0.000000E+00
     1.284500E+00        32     -3.515886E+03      0.000000E+00
     1.285000E+00        32     -4.635746E+03      0.000000E+00
     1.285500E+00        32     -3.311373E+03      0.000000E+00
     1.286000E+00        32     -5.285708E+03      0.000000E+00
     1.286500E+00        32     -5.949223E+03      0.000000E+00
     1.287000E+00        32     -4.824854E+03      0.000000E+00
     1.287500E+00        32     -7.057840E+03      0.000000E+00
     1.288000E+00        32     -5.406395E+03      0.000000E+00
     1.288500E+00        32     -9.030036E+03      0.000000E+00
     1.289000E+00        32     -1.004537E+04      0.000000E+00
     1.289500E+00        32     -9.503512E+03      0.000000E+00
     1.290000E+00        32     -1.234770E+04      0.000000E+00
     1.290500E+00        32     -1.073413E+04      0.000000E+00
     1.291000E+00        32     -1.450539E+04      0.000000E+00
     1.291500E+00        32     -1.492510E+04      0.000000E+00
     1.292000E+00        32     -1.393655E+04      0.000000E+00
     1.292500E+00        32     -1.579577E+04      0.000000E+00
     1.293000E+00        32     -1.545618E+04      0.000000E+00
     1.293500E+00        32     -1.411127E+04      0.000000E+00
     1.294000E+00        32     -1.390307E+04      0.000000E+00
     1.294500E+00        32     -1.197717E+04      0.000000E+00
     1.295000E+00        32     -1.216005E+04      0.000000E+00
     1.295500E+00        32     -1.120821E+04      0.000000E+00
     1.296000E+00        32     -8.445911E+03      0.000000E+00
     1.296500E+00        32     -8.618442E+03      0.000000E+00
     1.297000E+00        32     -5.373190E+03      0.000000E+00
     1.297500E+00        32     -5.579905E+03      0.000000E+00
     1.298000E+00        32     -4.469526E+03      0.000000E+00
     1.298500E+00        32     -2.134316E+03      0.000000E+00
     1.299000E+00        32     -1.385769E+03      0.000000E+00
     1.299500E+00        32      7.547767E+04      8.299501E+00
     1.300000E+00        32      1.004854E+05      1.344073E+03
     1.300500E+00        32      1.128684E+05      2.880143E+03
     1.301000E+00        32      8.345348E+04      3.060466E+03
     1.301500E+00        32      1.080527E+05      5.073769E+03
     1.302000E+00        32      1.221665E+05      6.898396E+03
     1.302500E+00        32      9.878782E+04      6.449740E+03
     1.303000E+00        32      1.252808E+05      9.207353E+03
     1.303500E+00        32      1.125955E+05      9.136490E+03
     1.304000E+00        32      1.338335E+05      1.181683E+04
     1.304500E+00        32      1.462817E+05      1.389578E+04
     1.305000E+00        32      1.377295E+05      1.394933E+04
     1.305500E+00        32      1.463042E+05      1.568290E+04
     1.306000E+00        32      1.508990E+05      1.701616E+04
     1.306500E+00        32      1.499330E+05      1.769566E+04
     1.307000E+00        32      1.508916E+05      1.855890E+04
     1.307500E+00        32      1.517850E+05      1.938321E+04
     1.308000E+00        32      1.419226E+05      1.875716E+04
     1.308500E+00        32      1.388254E+05      1.893611E+04
     1.309000E+00        32      1.232173E+05      1.730355E+04
     1.309500E+00        32      1.132636E+05      1.634013E+04
     1.310000E+00        32      1.061928E+05      1.570821E+04
     1.310500E+00        32      9.077228E+04      1.374375E+04
     1.311000E+00        32      7.945757E+04      1.229529E+04
     1.311500E+00        32      7.042565E+04      1.112200E+04
     1.312000E+00        32      5.586535E+04      8.992858E+03
     1.312500E+00        32      5.106696E+04      8.369575E+03
     1.313000E+00        32      3.925700E+04      6.543918E+03
     1.313500E+00        32      3.242392E+04      5.492015E+03
     1.314000E+00        32      2.819243E+04      4.848046E+03
     1.314500E+00        32      2.255323E+04      3.934269E+03
     1.315000E+00        32      2.050574E+04      3.626040E+03
     1.315500E+00        32      1.628654E+04      2.917378E+03
     1.316000E+00        32      1.373072E+04      2.489950E+03
     1.316500E+00        32      1.310526E+04      2.404494E+03
     1.317000E+00        32      9.988794E+03      1.853261E+03
     1.317500E+00        32      9.550260E+03      1.790875E+03
     1.318000E+00        32      7.009109E+03      1.327808E+03
     1.318500E+00        32      5.101807E+03      9.759510E+02
     1.319000E+00        32      4.033567E+03      7.788366E+02
     1.319500E+00        32      2.326429E+03      4.532446E+02
     1.320000E+00        32      1.126227E+03      2.213082E+02
     1.320500E+00        32      3.721080E+02      7.372624E+01
     1.321000E+00        32      9.033916E+00      1.804146E+00
     1.368000E+00        32     -1.754329E+00      0.000000E+00
     1.368500E+00        32     -6.197885E+01      0.000000E+00
     1.369000E+00        32     -1.878607E+02      0.000000E+00
     1.369500E+00        32     -4.385000E+02      0.000000E+00
     1.370000E+00        32     -7.764648E+02      0.000000E+00
     1.370500E+00        32     -1.038547E+03      0.000000E+00
     1.371000E+00        32     -1.581012E+03      0.000000E+00
     1.371500E+00        32     -1.779146E+03      0.000000E+00
     1.372000E+00        32     -2.478152E+03      0.000000E+00
     1.372500E+00        32     -3.054672E+03      0.000000E+00
     1.373000E+00        32     -2.873202E+03      0.000000E+00
     1.373500E+00        32     -3.751668E+03      0.000000E+00
     1.374000E+00        32     -4.289200E+03      0.000000E+00
     1.374500E+00        32     -3.573084E+03      0.000000E+00
     1.375000E+00        32     -4.602218E+03      0.000000E+00
     1.375500E+00        32     -3.414432E+03      0.000000E+00
     1.376000E+00        32     -5.232051E+03      0.000000E+00
     1.376500E+00        32     -5.947562E+03      0.000000E+00
     1.377000E+00        32     -4.878435E+03      0.000000E+00
     1.377500E+00        32     -6.877271E+03      0.000000E+00
     1.378000E+00        32     -5.494098E+03      0.000000E+00
     1.378500E+00        32     -8.867692E+03      0.000000E+00
     1.379000E+00        32     -9.951703E+03      0.000000E+00
     1.379500E+00        32     -9.533713E+03      0.000000E+00
     1.380000E+00        32     -1.208109E+04      0.000000E+00
     1.380500E+00        32     -1.081702E+04      0.000000E+00
     1.381000E+00        32     -1.435772E+04      0.000000E+00
     1.381500E+00        32     -1.484038E+04      0.000000E+00
     1.382000E+00        32     -1.403633E+04      0.000000E+00
     1.382500E+00        32     -1.561619E+04      0.000000E+00
     1.383000E+00        32     -1.559367E+04      0.000000E+00
     1.383500E+00        32     -1.408321E+04      0.000000E+00
     1.384000E+00        32     -1.389168E+04      0.000000E+00
     1.384500E+00        32     -1.211570E+04      0.000000E+00
     1.385000E+00        32     -1.209717E+04      0.000000E+00
     1.385500E+00        32     -1.131297E+04      0.000000E+00
     1.386000E+00        32     -8.466971E+03      0.000000E+00
     1.386500E+00        32     -8.614717E+03      0.000000E+00
     1.387000E+00        32     -5.428955E+03      0.000000E+00
     1.387500E+00        32     -5.555185E+03      0.000000E+00
     1.388000E+00        32     -4.469824E+03      0.000000E+00
     1.388500E+00        32     -2.125164E+03      0.000000E+00
     1.389000E+00        32     -1.364650E+03      0.000000E+00
     1.389500E+00        32      7.540677E+04      2.335197E+01
     1.390000E+00        32      1.001946E+05      1.358463E+03
     1.390500E+00        32      1.124816E+05      2.889093E+03
     1.391000E+00        32      8.255631E+04      3.040278E+03
     1.391500E+00        32      1.077770E+05      5.076150E+03
     1.392000E+00        32      1.208084E+05      6.837619E+03
     1.392500E+00        32      9.789360E+04      6.403336E+03
     1.393000E+00        32      1.245657E+05      9.168991E+03
     1.393500E+00        32      1.106051E+05      8.986749E+03
     1.394000E+00        32      1.335403E+05      1.180425E+04
     1.394500E+00        32      1.444981E+05      1.373983E+04
     1.395000E+00        32      1.366293E+05      1.384989E+04
     1.395500E+00        32      1.456253E+05      1.562216E+04
     1.396000E+00        32      1.490954E+05      1.682439E+04
     1.396500E+00        32      1.497101E+05      1.768036E+04
     1.397000E+00        32      1.497299E+05      1.842644E+04
     1.397500E+00        32      1.511349E+05      1.931015E+04
     1.398000E+00        32      1.418128E+05      1.875152E+04
     1.398500E+00        32      1.380504E+05      1.883860E+04
     1.399000E+00        32      1.234930E+05      1.734926E+04
     1.399500E+00        32      1.131054E+05      1.632340E+04
     1.400000E+00        32      1.062887E+05      1.572786E+04
     1.400500E+00        32      9.115997E+04      1.380692E+04
     1.401000E+00        32      7.951888E+04      1.230850E+04
     1.401500E+00        32      7.086084E+04      1.119390E+04
     1.402000E+00        32      5.607637E+04      9.029235E+03
     1.402500E+00        32      5.128659E+04      8.407682E+03
     1.403000E+00        32      3.946465E+04      6.580091E+03
     1.403500E+00        32      3.253552E+04      5.512152E+03
     1.404000E+00        32      2.823063E+04      4.855642E+03
     1.404500E+00        32      2.255525E+04      3.935411E+03
     1.405000E+00        32      2.044384E+04      3.615781E+03
     1.405500E+00        32      1.616148E+04      2.895500E+03
     1.406000E+00        32      1.365683E+04      2.476979E+03
     1.406500E+00        32      1.293452E+04      2.373558E+03
     1.407000E+00        32      9.881487E+03      1.833640E+03
     1.407500E+00        32      9.439712E+03      1.770410E+03
     1.408000E+00        32      6.895020E+03      1.306382E+03
     1.408500E+00        32      5.045888E+03      9.653864E+02
     1.409000E+00        32      3.969256E+03      7.665195E+02
     1.409500E+00        32      2.291750E+03      4.465447E+02
     1.410000E+00        32      1.105862E+03      2.173327E+02
     1.410500E+00        32      3.610147E+02      7.153662E+01
     1.411000E+00        32      7.681216E+00      1.534172E+00
