     6.700000E-01        33     -2.036094E+01      0.000000E+00
     6.705000E-01        33     -1.173285E+02      0.000000E+00
     6.710000E-01        33     -2.063591E+02      0.000000E+00
     6.715000E-01        33     -4.803709E+02      0.000000E+00
     6.720000E-01        33     -8.484923E+02      0.000000E+00
     6.725000E-01        33     -1.017539E+03      0.000000E+00
     6.730000E-01        33     -1.715404E+03      0.000000E+00
     6.735000E-01        33     -2.488991E+03      0.000000E+00
     6.740000E-01        33     -2.798334E+03      0.000000E+00
     6.745000E-01        33     -3.939459E+03      0.000000E+00
     6.750000E-01        33     -4.653286E+03      0.000000E+00
     6.755000E-01        33     -5.928929E+03      0.000000E+00
     6.760000E-01        33     -7.393596E+03      0.000000E+00
     6.765000E-01        33     -8.348292E+03      0.000000E+00
     6.770000E-01        33     -9.666788E+03      0.000000E+00
     6.775000E-01        33     -1.126203E+04      0.000000E+00
     6.780000E-01        33     -1.221738E+04      0.000000E+00
     6.785000E-01        33     -1.289316E+04      0.000000E+00
     6.790000E-01        33     -1.392250E+04      0.000000E+00
     6.795000E-01        33     -1.413303E+04      0.000000E+00
     6.800000E-01        33     -1.490616E+04      0.000000E+00
     6.805000E-01        33     -1.449060E+04      0.000000E+00
     6.810000E-01        33     -1.392176E+04      0.000000E+00
     6.815000E-01        33     -1.409978E+04      0.000000E+00
     6.820000E-01        33     -1.243266E+04      0.000000E+00
     6.825000E-01        33     -1.203573E+04      0.000000E+00
     6.830000E-01        33     -1.142958E+04      0.000000E+00
     6.835000E-01        33     -1.015745E+04      0.000000E+00
     6.840000E-01        33     -1.012232E+04      0.000000E+00
     6.845000E-01        33     -9.066881E+03      0.000000E+00
     6.850000E-01        33     -8.584433E+03      0.000000E+00
     6.855000E-01        33     -8.837763E+03      0.000000E+00
     6.860000E-01        33     -8.128893E+03      0.000000E+00
     6.865000E-01        33     -9.056357E+03      0.000000E+00
     6.870000E-01        33     -8.035475E+03      0.000000E+00
     6.875000E-01        33     -8.017809E+03      0.000000E+00
     6.880000E-01        33     -8.580045E+03      0.000000E+00
     6.885000E-01        33     -7.382938E+03      0.000000E+00
     6.890000E-01        33     -7.466683E+03      0.000000E+00
     6.895000E-01        33     -5.890408E+03      0.000000E+00
     6.900000E-01        33     -4.324121E+03      0.000000E+00
     6.905000E-01        33     -2.822982E+03      0.000000E+00
     6.910000E-01        33     -6.287031E+02      0.000000E+00
     6.915000E-01        33      1.549543E+05      1.480685E+03
     6.920000E-01        33      1.662508E+05      3.660228E+03
     6.925000E-01        33      1.540186E+05      5.152199E+03
     6.930000E-01        33      1.678192E+05      7.381297E+03
     6.935000E-01        33      1.505097E+05      8.084599E+03
     6.940000E-01        33      1.401606E+05      8.792736E+03
     6.945000E-01        33      1.453279E+05      1.033495E+04
     6.950000E-01        33      1.383825E+05      1.092172E+04
     6.955000E-01        33      1.371784E+05      1.182728E+04
     6.960000E-01        33      1.282414E+05      1.193240E+04
     6.965000E-01        33      1.158115E+05      1.151767E+04
     6.970000E-01        33      1.278311E+05      1.348269E+04
     6.975000E-01        33      1.153848E+05      1.282416E+04
     6.980000E-01        33      1.219167E+05      1.420224E+04
     6.985000E-01        33      1.051463E+05      1.278005E+04
     6.990000E-01        33      9.766612E+04      1.233802E+04
     6.995000E-01        33      1.005793E+05      1.316201E+04
     7.000000E-01        33      8.819570E+04      1.192096E+04
     7.005000E-01        33      7.970130E+04      1.109874E+04
     7.010000E-01        33      7.796941E+04      1.116097E+04
     7.015000E-01        33      7.042981E+04      1.034282E+04
     7.020000E-01        33      6.547565E+04      9.846817E+03
     7.025000E-01        33      5.475843E+04      8.419959E+03
     7.030000E-01        33      4.926284E+04      7.733923E+03
     7.035000E-01        33      4.511891E+04      7.222687E+03
     7.040000E-01        33      3.845477E+04      6.269616E+03
     7.045000E-01        33      3.555387E+04      5.897457E+03
     7.050000E-01        33      3.011177E+04      5.076662E+03
     7.055000E-01        33      2.601955E+04      4.454701E+03
     7.060000E-01        33      2.346625E+04      4.076466E+03
     7.065000E-01        33      2.036903E+04      3.587603E+03
     7.070000E-01        33      1.925899E+04      3.436843E+03
     7.075000E-01        33      1.597222E+04      2.886051E+03
     7.080000E-01        33      1.401017E+04      2.561748E+03
     7.085000E-01        33      1.238799E+04      2.290905E+03
     7.090000E-01        33      9.867622E+03      1.844629E+03
     7.095000E-01        33      8.243214E+03      1.556950E+03
     7.100000E-01        33      6.230207E+03      1.188413E+03
     7.105000E-01        33      4.201908E+03      8.091266E+02
     7.110000E-01        33      2.728657E+03      5.302165E+02
     7.115000E-01        33      1.443660E+03      2.829723E+02
     7.120000E-01        33      5.352058E+02      1.057849E+02
     7.125000E-01        33      6.127052E+01      1.220780E+01
     7.600000E-01        33     -2.094912E+01      0.000000E+00
     7.605000E-01        33     -1.186005E+02      0.000000E+00
     7.610000E-01        33     -2.060144E+02      0.000000E+00
     7.615000E-01        33     -4.782653E+02      0.000000E+00
     7.620000E-01        33     -8.470494E+02      0.000000E+00
     7.625000E-01        33     -1.003168E+03      0.000000E+00
     7.630000E-01        33     -1.705555E+03      0.000000E+00
     7.635000E-01        33     -2.010226E+03      0.000000E+00
     7.640000E-01        33     -3.073662E+03      0.000000E+00
     7.645000E-01        33     -4.058388E+03      0.000000E+00
     7.650000E-01        33     -4.747502E+03      0.000000E+00
     7.655000E-01        33     -5.953563E+03      0.000000E+00
     7.660000E-01        33     -7.466632E+03      0.000000E+00
     7.665000E-01        33     -8.373258E+03      0.000000E+00
     7.670000E-01        33     -9.658490E+03      0.000000E+00
     7.675000E-01        33     -1.133578E+04      0.000000E+00
     7.680000E-01        33     -1.216093E+04      0.000000E+00
     7.685000E-01        33     -1.295245E+04      0.000000E+00
     7.690000E-01        33     -1.393304E+04      0.000000E+00
     7.695000E-01        33     -1.410293E+04      0.000000E+00
     7.700000E-01        33     -1.501172E+04      0.000000E+00
     7.705000E-01        33     -1.444105E+04      0.000000E+00
     7.710000E-01        33     -1.400520E+04      0.000000E+00
     7.715000E-01        33     -1.415053E+04      0.000000E+00
     7.720000E-01        33     -1.241357E+04      0.000000E+00
     7.725000E-01        33     -1.275217E+04      0.000000E+00
     7.730000E-01        33     -1.107761E+04      0.000000E+00
     7.735000E-01        33     -1.012324E+04      0.000000E+00
     7.740000E-01        33     -9.994835E+03      0.000000E+00
     7.745000E-01        33     -8.993022E+03      0.000000E+00
     7.750000E-01        33     -8.567994E+03      0.000000E+00
     7.755000E-01        33     -8.694807E+03      0.000000E+00
     7.760000E-01        33     -8.122780E+03      0.000000E+00
     7.765000E-01        33     -8.947182E+03      0.000000E+00
     7.770000E-01        33     -7.966012E+03      0.000000E+00
     7.775000E-01        33     -7.974689E+03      0.000000E+00
     7.780000E-01        33     -8.487560E+03      0.000000E+00
     7.785000E-01        33     -7.350047E+03      0.000000E+00
     7.790000E-01        33     -7.411077E+03      0.000000E+00
     7.795000E-01        33     -5.845557E+03      0.000000E+00
     7.800000E-01        33     -4.295109E+03      0.000000E+00
     7.805000E-01        33     -2.786293E+03      0.000000E+00
     7.810000E-01        33     -5.975788E+02      0.000000E+00
     7.815000E-01        33      1.694197E+05      1.650650E+03
     7.820000E-01        33      1.577985E+05      3.501222E+03
     7.825000E-01        33      1.507645E+05      5.067134E+03
     7.830000E-01        33      1.664452E+05      7.345090E+03
     7.835000E-01        33      1.488333E+05      8.014602E+03
     7.840000E-01        33      1.390000E+05      8.737310E+03
     7.845000E-01        33      1.447324E+05      1.030944E+04
     7.850000E-01        33      1.369626E+05      1.082452E+04
     7.855000E-01        33      1.369592E+05      1.182228E+04
     7.860000E-01        33      1.273531E+05      1.186186E+04
     7.865000E-01        33      1.147728E+05      1.142462E+04
     7.870000E-01        33      1.280631E+05      1.351792E+04
     7.875000E-01        33      1.137613E+05      1.265274E+04
     7.880000E-01        33      1.222684E+05      1.425235E+04
     7.885000E-01        33      1.043697E+05      1.269304E+04
     7.890000E-01        33      9.692589E+04      1.225100E+04
     7.895000E-01        33      1.011726E+05      1.324608E+04
     7.900000E-01        33      8.703936E+04      1.176991E+04
     7.905000E-01        33      9.256011E+04      1.289469E+04
     7.910000E-01        33      7.185829E+04      1.029011E+04
     7.915000E-01        33      6.818644E+04      1.001692E+04
     7.920000E-01        33      6.374520E+04      9.589746E+03
     7.925000E-01        33      5.375561E+04      8.268314E+03
     7.930000E-01        33      4.892259E+04      7.682729E+03
     7.935000E-01        33      4.446614E+04      7.120125E+03
     7.940000E-01        33      3.832267E+04      6.249676E+03
     7.945000E-01        33      3.555831E+04      5.899614E+03
     7.950000E-01        33      2.978928E+04      5.023436E+03
     7.955000E-01        33      2.622204E+04      4.490336E+03
     7.960000E-01        33      2.336941E+04      4.060471E+03
     7.965000E-01        33      2.031127E+04      3.578123E+03
     7.970000E-01        33      1.942503E+04      3.467111E+03
     7.975000E-01        33      1.580103E+04      2.855620E+03
     7.980000E-01        33      1.410182E+04      2.578935E+03
     7.985000E-01        33      1.234907E+04      2.284073E+03
     7.990000E-01        33      9.820670E+03      1.836131E+03
     7.995000E-01        33      8.267282E+03      1.561722E+03
     8.000000E-01        33      6.179923E+03      1.178985E+03
     8.005000E-01        33      4.191400E+03      8.072106E+02
     8.010000E-01        33      2.710577E+03      5.267706E+02
     8.015000E-01        33      1.426770E+03      2.796959E+02
     8.020000E-01        33      5.261474E+02      1.040068E+02
     8.025000E-01        33      5.769625E+01      1.149695E+01
     1.299500E+00        33     -1.521854E-03      0.000000E+00
     1.300000E+00        33     -3.211095E+01      0.000000E+00
     1.300500E+00        33     -1.404051E+02      0.000000E+00
     1.301000E+00        33     -2.290607E+02      0.000000E+00
     1.301500E+00        33     -5.189071E+02      0.000000E+00
     1.302000E+00        33     -9.046309E+02      0.000000E+00
     1.302500E+00        33     -1.041972E+03      0.000000E+00
     1.303000E+00        33     -1.783002E+03      0.000000E+00
     1.303500E+00        33     -2.079202E+03      0.000000E+00
     1.304000E+00        33     -3.113465E+03      0.000000E+00
     1.304500E+00        33     -4.190225E+03      0.000000E+00
     1.305000E+00        33     -4.770415E+03      0.000000E+00
     1.305500E+00        33     -6.038067E+03      0.000000E+00
     1.306000E+00        33     -7.332061E+03      0.000000E+00
     1.306500E+00        33     -8.492326E+03      0.000000E+00
     1.307000E+00        33     -9.880951E+03      0.000000E+00
     1.307500E+00        33     -1.141230E+04      0.000000E+00
     1.308000E+00        33     -1.218163E+04      0.000000E+00
     1.308500E+00        33     -1.353785E+04      0.000000E+00
     1.309000E+00        33     -1.359749E+04      0.000000E+00
     1.309500E+00        33     -1.409881E+04      0.000000E+00
     1.310000E+00        33     -1.487234E+04      0.000000E+00
     1.310500E+00        33     -1.427518E+04      0.000000E+00
     1.311000E+00        33     -1.401230E+04      0.000000E+00
     1.311500E+00        33     -1.391533E+04      0.000000E+00
     1.312000E+00        33     -1.236447E+04      0.000000E+00
     1.312500E+00        33     -1.266391E+04      0.000000E+00
     1.313000E+00        33     -1.091740E+04      0.000000E+00
     1.313500E+00        33     -1.012731E+04      0.000000E+00
     1.314000E+00        33     -9.911582E+03      0.000000E+00
     1.314500E+00        33     -8.951596E+03      0.000000E+00
     1.315000E+00        33     -9.224662E+03      0.000000E+00
     1.315500E+00        33     -8.345905E+03      0.000000E+00
     1.316000E+00        33     -8.066651E+03      0.000000E+00
     1.316500E+00        33     -8.899246E+03      0.000000E+00
     1.317000E+00        33     -7.923042E+03      0.000000E+00
     1.317500E+00        33     -8.970518E+03      0.000000E+00
     1.318000E+00        33     -7.940278E+03      0.000000E+00
     1.318500E+00        33     -7.149075E+03      0.000000E+00
     1.319000E+00        33     -7.253167E+03      0.000000E+00
     1.319500E+00        33     -5.686894E+03      0.000000E+00
     1.320000E+00        33     -4.146617E+03      0.000000E+00
     1.320500E+00        33     -2.605604E+03      0.000000E+00
     1.321000E+00        33     -4.113590E+02      0.000000E+00
     1.321500E+00        33      1.694252E+05      1.840288E+03
     1.322000E+00        33      1.579325E+05      3.666117E+03
     1.322500E+00        33      1.508538E+05      5.212365E+03
     1.323000E+00        33      1.664309E+05      7.489249E+03
     1.323500E+00        33      1.493444E+05      8.162382E+03
     1.324000E+00        33      1.524163E+05      9.694558E+03
     1.324500E+00        33      1.376277E+05      9.899112E+03
     1.325000E+00        33      1.351048E+05      1.076539E+04
     1.325500E+00        33      1.345406E+05      1.169518E+04
     1.326000E+00        33      1.275991E+05      1.195737E+04
     1.326500E+00        33      1.314199E+05      1.315191E+04
     1.327000E+00        33      1.180682E+05      1.252226E+04
     1.327500E+00        33      1.121021E+05      1.252133E+04
     1.328000E+00        33      1.172924E+05      1.372481E+04
     1.328500E+00        33      1.046866E+05      1.277589E+04
     1.329000E+00        33      9.560103E+04      1.212188E+04
     1.329500E+00        33      9.898488E+04      1.299730E+04
     1.330000E+00        33      8.860302E+04      1.201336E+04
     1.330500E+00        33      9.006552E+04      1.257811E+04
     1.331000E+00        33      7.241458E+04      1.039347E+04
     1.331500E+00        33      6.830285E+04      1.005533E+04
     1.332000E+00        33      6.213503E+04      9.366008E+03
     1.332500E+00        33      5.504668E+04      8.482552E+03
     1.333000E+00        33      5.344603E+04      8.407619E+03
     1.333500E+00        33      4.167430E+04      6.683933E+03
     1.334000E+00        33      3.790084E+04      6.190340E+03
     1.334500E+00        33      3.328342E+04      5.530143E+03
     1.335000E+00        33      3.029149E+04      5.115082E+03
     1.335500E+00        33      2.708837E+04      4.644666E+03
     1.336000E+00        33      2.198625E+04      3.824809E+03
     1.336500E+00        33      2.032116E+04      3.584014E+03
     1.337000E+00        33      1.836502E+04      3.281522E+03
     1.337500E+00        33      1.584639E+04      2.866818E+03
     1.338000E+00        33      1.379088E+04      2.524589E+03
     1.338500E+00        33      1.197761E+04      2.217477E+03
     1.339000E+00        33      9.782570E+03      1.830671E+03
     1.339500E+00        33      7.970961E+03      1.507056E+03
     1.340000E+00        33      6.027389E+03      1.150843E+03
     1.340500E+00        33      4.060987E+03      7.827185E+02
     1.341000E+00        33      2.568430E+03      4.995277E+02
     1.341500E+00        33      1.339487E+03      2.627782E+02
     1.342000E+00        33      4.886923E+02      9.667093E+01
     1.342500E+00        33      3.757764E+01      7.493057E+00
     1.389500E+00        33     -1.207142E-02      0.000000E+00
     1.390000E+00        33     -3.292962E+01      0.000000E+00
     1.390500E+00        33     -1.419010E+02      0.000000E+00
     1.391000E+00        33     -2.287209E+02      0.000000E+00
     1.391500E+00        33     -5.212073E+02      0.000000E+00
     1.392000E+00        33     -8.995781E+02      0.000000E+00
     1.392500E+00        33     -1.037357E+03      0.000000E+00
     1.393000E+00        33     -1.779929E+03      0.000000E+00
     1.393500E+00        33     -2.049642E+03      0.000000E+00
     1.394000E+00        33     -3.116433E+03      0.000000E+00
     1.394500E+00        33     -4.150963E+03      0.000000E+00
     1.395000E+00        33     -4.744726E+03      0.000000E+00
     1.395500E+00        33     -6.024674E+03      0.000000E+00
     1.396000E+00        33     -7.260919E+03      0.000000E+00
     1.396500E+00        33     -8.497900E+03      0.000000E+00
     1.397000E+00        33     -9.824863E+03      0.000000E+00
     1.397500E+00        33     -1.138555E+04      0.000000E+00
     1.398000E+00        33     -1.219499E+04      0.000000E+00
     1.398500E+00        33     -1.348662E+04      0.000000E+00
     1.399000E+00        33     -1.365186E+04      0.000000E+00
     1.399500E+00        33     -1.410327E+04      0.000000E+00
     1.400000E+00        33     -1.491083E+04      0.000000E+00
     1.400500E+00        33     -1.435993E+04      0.000000E+00
     1.401000E+00        33     -1.404615E+04      0.000000E+00
     1.401500E+00        33     -1.402422E+04      0.000000E+00
     1.402000E+00        33     -1.243147E+04      0.000000E+00
     1.402500E+00        33     -1.273929E+04      0.000000E+00
     1.403000E+00        33     -1.099337E+04      0.000000E+00
     1.403500E+00        33     -1.017932E+04      0.000000E+00
     1.404000E+00        33     -9.942129E+03      0.000000E+00
     1.404500E+00        33     -8.968282E+03      0.000000E+00
     1.405000E+00        33     -9.213721E+03      0.000000E+00
     1.405500E+00        33     -8.297723E+03      0.000000E+00
     1.406000E+00        33     -8.039489E+03      0.000000E+00
     1.406500E+00        33     -8.802262E+03      0.000000E+00
     1.407000E+00        33     -7.856195E+03      0.000000E+00
     1.407500E+00        33     -8.889361E+03      0.000000E+00
     1.408000E+00        33     -7.833418E+03      0.000000E+00
     1.408500E+00        33     -7.094052E+03      0.000000E+00
     1.409000E+00        33     -7.165728E+03      0.000000E+00
     1.409500E+00        33     -5.630271E+03      0.000000E+00
     1.410000E+00        33     -4.100535E+03      0.000000E+00
     1.410500E+00        33     -2.560099E+03      0.000000E+00
     1.411000E+00        33     -3.788391E+02      0.000000E+00
     1.411500E+00        33      1.687842E+05      1.864662E+03
     1.412000E+00        33      1.574567E+05      3.681861E+03
     1.412500E+00        33      1.501117E+05      5.210216E+03
     1.413000E+00        33      1.664907E+05      7.515985E+03
     1.413500E+00        33      1.484012E+05      8.130670E+03
     1.414000E+00        33      1.522246E+05      9.701262E+03
     1.414500E+00        33      1.374826E+05      9.904558E+03
     1.415000E+00        33      1.336265E+05      1.066201E+04
     1.415500E+00        33      1.351796E+05      1.176435E+04
     1.416000E+00        33      1.259973E+05      1.181917E+04
     1.416500E+00        33      1.308939E+05      1.311089E+04
     1.417000E+00        33      1.180882E+05      1.253425E+04
     1.417500E+00        33      1.097614E+05      1.226853E+04
     1.418000E+00        33      1.181395E+05      1.383272E+04
     1.418500E+00        33      1.028620E+05      1.256046E+04
     1.419000E+00        33      9.499468E+04      1.205132E+04
     1.419500E+00        33      9.936626E+04      1.305366E+04
     1.420000E+00        33      8.650605E+04      1.173424E+04
     1.420500E+00        33      9.127064E+04      1.275162E+04
     1.421000E+00        33      7.114359E+04      1.021491E+04
     1.421500E+00        33      6.812788E+04      1.003310E+04
     1.422000E+00        33      6.279169E+04      9.468099E+03
     1.422500E+00        33      5.381162E+04      8.294776E+03
     1.423000E+00        33      5.447515E+04      8.571975E+03
     1.423500E+00        33      4.110230E+04      6.593974E+03
     1.424000E+00        33      3.785504E+04      6.184431E+03
     1.424500E+00        33      3.376725E+04      5.611877E+03
     1.425000E+00        33      2.964465E+04      5.006987E+03
     1.425500E+00        33      2.752023E+04      4.719723E+03
     1.426000E+00        33      2.175854E+04      3.785964E+03
     1.426500E+00        33      2.012226E+04      3.549617E+03
     1.427000E+00        33      1.853964E+04      3.313331E+03
     1.427500E+00        33      1.550935E+04      2.806331E+03
     1.428000E+00        33      1.384050E+04      2.534093E+03
     1.428500E+00        33      1.188048E+04      2.199844E+03
     1.429000E+00        33      9.651389E+03      1.806396E+03
     1.429500E+00        33      7.982374E+03      1.509432E+03
     1.430000E+00        33      5.932221E+03      1.132829E+03
     1.430500E+00        33      4.038297E+03      7.784483E+02
     1.431000E+00        33      2.541214E+03      4.942974E+02
     1.431500E+00        33      1.317812E+03      2.585576E+02
     1.432000E+00        33      4.786953E+02      9.470447E+01
     1.432500E+00        33      3.474066E+01      6.928138E+00
