     7.130000E-01        35     -1.270298E+01      0.000000E+00
     7.135000E-01        35     -1.192996E+02      0.000000E+00
     7.140000E-01        35     -3.050398E+02      0.000000E+00
     7.145000E-01        35     -5.623465E+02      0.000000E+00
     7.150000E-01        35     -9.283820E+02      0.000000E+00
     7.155000E-01        35     -1.354345E+03      0.000000E+00
     7.160000E-01        35     -1.805712E+03      0.000000E+00
     7.165000E-01        35     -2.330117E+03      0.000000E+00
     7.170000E-01        35     -2.723880E+03      0.000000E+00
     7.175000E-01        35     -3.465539E+03      0.000000E+00
     7.180000E-01        35     -3.840505E+03      0.000000E+00
     7.185000E-01        35     -4.210234E+03      0.000000E+00
     7.190000E-01        35     -4.921376E+03      0.000000E+00
     7.195000E-01        35     -5.309286E+03      0.000000E+00
     7.200000E-01        35     -5.700361E+03      0.000000E+00
     7.205000E-01        35     -5.968501E+03      0.000000E+00
     7.210000E-01        35     -6.368434E+03      0.000000E+00
     7.215000E-01        35     -6.878271E+03      0.000000E+00
     7.220000E-01        35     -7.641155E+03      0.000000E+00
     7.225000E-01        35     -8.278916E+03      0.000000E+00
     7.230000E-01        35     -9.148542E+03      0.000000E+00
     7.235000E-01        35     -9.993072E+03      0.000000E+00
     7.240000E-01        35     -1.075688E+04      0.000000E+00
     7.245000E-01        35     -1.222948E+04      0.000000E+00
     7.250000E-01        35     -1.318800E+04      0.000000E+00
     7.255000E-01        35     -1.409231E+04      0.000000E+00
     7.260000E-01        35     -1.531987E+04      0.000000E+00
     7.265000E-01        35     -1.667368E+04      0.000000E+00
     7.270000E-01        35     -1.685370E+04      0.000000E+00
     7.275000E-01        35     -1.680940E+04      0.000000E+00
     7.280000E-01        35     -1.821127E+04      0.000000E+00
     7.285000E-01        35     -1.690174E+04      0.000000E+00
     7.290000E-01        35     -1.767349E+04      0.000000E+00
     7.295000E-01        35     -1.535359E+04      0.000000E+00
     7.300000E-01        35     -1.374146E+04      0.000000E+00
     7.305000E-01        35     -1.351514E+04      0.000000E+00
     7.310000E-01        35     -1.086689E+04      0.000000E+00
     7.315000E-01        35     -1.008442E+04      0.000000E+00
     7.320000E-01        35     -7.380844E+03      0.000000E+00
     7.325000E-01        35     -5.509132E+03      0.000000E+00
     7.330000E-01        35     -4.330230E+03      0.000000E+00
     7.335000E-01        35     -2.424978E+03      0.000000E+00
     7.340000E-01        35     -1.065091E+03      0.000000E+00
     7.345000E-01        35      1.011432E+05      4.395798E+02
     7.350000E-01        35      9.395053E+04      1.620447E+03
     7.355000E-01        35      1.035506E+05      3.010288E+03
     7.360000E-01        35      9.612281E+04      3.839580E+03
     7.365000E-01        35      9.344987E+04      4.670546E+03
     7.370000E-01        35      1.093621E+05      6.481692E+03
     7.375000E-01        35      1.039976E+05      7.060569E+03
     7.380000E-01        35      1.176795E+05      8.934078E+03
     7.385000E-01        35      1.134562E+05      9.463286E+03
     7.390000E-01        35      1.104990E+05      9.990764E+03
     7.395000E-01        35      1.241799E+05      1.204319E+04
     7.400000E-01        35      1.162427E+05      1.199039E+04
     7.405000E-01        35      1.225744E+05      1.335493E+04
     7.410000E-01        35      1.124290E+05      1.286473E+04
     7.415000E-01        35      1.052645E+05      1.258882E+04
     7.420000E-01        35      1.060375E+05      1.319947E+04
     7.425000E-01        35      9.584383E+04      1.237425E+04
     7.430000E-01        35      9.265410E+04      1.236931E+04
     7.435000E-01        35      8.135242E+04      1.119988E+04
     7.440000E-01        35      7.472407E+04      1.058381E+04
     7.445000E-01        35      6.905628E+04      1.004193E+04
     7.450000E-01        35      6.237067E+04      9.294392E+03
     7.455000E-01        35      5.658367E+04      8.626553E+03
     7.460000E-01        35      5.203490E+04      8.103993E+03
     7.465000E-01        35      4.828447E+04      7.671597E+03
     7.470000E-01        35      4.423760E+04      7.161676E+03
     7.475000E-01        35      4.043407E+04      6.662462E+03
     7.480000E-01        35      3.727570E+04      6.245095E+03
     7.485000E-01        35      3.413849E+04      5.810087E+03
     7.490000E-01        35      3.131907E+04      5.410092E+03
     7.495000E-01        35      2.848468E+04      4.990300E+03
     7.500000E-01        35      2.473324E+04      4.391411E+03
     7.505000E-01        35      2.177162E+04      3.915020E+03
     7.510000E-01        35      1.881910E+04      3.425275E+03
     7.515000E-01        35      1.570417E+04      2.891462E+03
     7.520000E-01        35      1.310597E+04      2.439763E+03
     7.525000E-01        35      9.888891E+03      1.860321E+03
     7.530000E-01        35      7.459629E+03      1.417488E+03
     7.535000E-01        35      5.372893E+03      1.030826E+03
     7.540000E-01        35      3.394687E+03      6.573204E+02
     7.545000E-01        35      1.982774E+03      3.873349E+02
     7.550000E-01        35      8.167190E+02      1.609046E+02
     7.555000E-01        35      1.790396E+02      3.556168E+01
     8.030000E-01        35     -1.342522E+01      0.000000E+00
     8.035000E-01        35     -1.213517E+02      0.000000E+00
     8.040000E-01        35     -3.086921E+02      0.000000E+00
     8.045000E-01        35     -5.644840E+02      0.000000E+00
     8.050000E-01        35     -9.327945E+02      0.000000E+00
     8.055000E-01        35     -1.358541E+03      0.000000E+00
     8.060000E-01        35     -1.801553E+03      0.000000E+00
     8.065000E-01        35     -2.338404E+03      0.000000E+00
     8.070000E-01        35     -2.715392E+03      0.000000E+00
     8.075000E-01        35     -3.460853E+03      0.000000E+00
     8.080000E-01        35     -3.850413E+03      0.000000E+00
     8.085000E-01        35     -4.402978E+03      0.000000E+00
     8.090000E-01        35     -4.801617E+03      0.000000E+00
     8.095000E-01        35     -5.267054E+03      0.000000E+00
     8.100000E-01        35     -5.594052E+03      0.000000E+00
     8.105000E-01        35     -5.921318E+03      0.000000E+00
     8.110000E-01        35     -6.096117E+03      0.000000E+00
     8.115000E-01        35     -6.478074E+03      0.000000E+00
     8.120000E-01        35     -7.100746E+03      0.000000E+00
     8.125000E-01        35     -7.365412E+03      0.000000E+00
     8.130000E-01        35     -8.185919E+03      0.000000E+00
     8.135000E-01        35     -8.660011E+03      0.000000E+00
     8.140000E-01        35     -9.228600E+03      0.000000E+00
     8.145000E-01        35     -1.057839E+04      0.000000E+00
     8.150000E-01        35     -1.120474E+04      0.000000E+00
     8.155000E-01        35     -1.211919E+04      0.000000E+00
     8.160000E-01        35     -1.316842E+04      0.000000E+00
     8.165000E-01        35     -1.442092E+04      0.000000E+00
     8.170000E-01        35     -1.470484E+04      0.000000E+00
     8.175000E-01        35     -1.626863E+04      0.000000E+00
     8.180000E-01        35     -1.556663E+04      0.000000E+00
     8.185000E-01        35     -1.517645E+04      0.000000E+00
     8.190000E-01        35     -1.612927E+04      0.000000E+00
     8.195000E-01        35     -1.449508E+04      0.000000E+00
     8.200000E-01        35     -1.311311E+04      0.000000E+00
     8.205000E-01        35     -1.312469E+04      0.000000E+00
     8.210000E-01        35     -1.091614E+04      0.000000E+00
     8.215000E-01        35     -1.010630E+04      0.000000E+00
     8.220000E-01        35     -7.640271E+03      0.000000E+00
     8.225000E-01        35     -5.794256E+03      0.000000E+00
     8.230000E-01        35     -4.556153E+03      0.000000E+00
     8.235000E-01        35     -2.622428E+03      0.000000E+00
     8.240000E-01        35     -1.131293E+03      0.000000E+00
     8.245000E-01        35      1.113753E+05      5.056698E+02
     8.250000E-01        35      1.038604E+05      1.809813E+03
     8.255000E-01        35      1.136721E+05      3.323060E+03
     8.260000E-01        35      1.039418E+05      4.167516E+03
     8.265000E-01        35      1.148122E+05      5.754160E+03
     8.270000E-01        35      1.086946E+05      6.456121E+03
     8.275000E-01        35      1.056899E+05      7.188113E+03
     8.280000E-01        35      1.211990E+05      9.214793E+03
     8.285000E-01        35      1.139419E+05      9.515669E+03
     8.290000E-01        35      1.111740E+05      1.006264E+04
     8.295000E-01        35      1.241121E+05      1.204798E+04
     8.300000E-01        35      1.143100E+05      1.180087E+04
     8.305000E-01        35      1.211772E+05      1.321253E+04
     8.310000E-01        35      1.097914E+05      1.257131E+04
     8.315000E-01        35      1.022925E+05      1.224078E+04
     8.320000E-01        35      1.031192E+05      1.284326E+04
     8.325000E-01        35      9.264853E+04      1.196772E+04
     8.330000E-01        35      8.924878E+04      1.192019E+04
     8.335000E-01        35      7.875656E+04      1.084711E+04
     8.340000E-01        35      7.185418E+04      1.018132E+04
     8.345000E-01        35      6.660610E+04      9.689168E+03
     8.350000E-01        35      6.096203E+04      9.087565E+03
     8.355000E-01        35      5.612598E+04      8.559491E+03
     8.360000E-01        35      5.066577E+04      7.893104E+03
     8.365000E-01        35      4.734169E+04      7.523898E+03
     8.370000E-01        35      4.322275E+04      6.999213E+03
     8.375000E-01        35      4.089263E+04      6.739683E+03
     8.380000E-01        35      3.662219E+04      6.137035E+03
     8.385000E-01        35      3.462564E+04      5.894292E+03
     8.390000E-01        35      3.162338E+04      5.463798E+03
     8.395000E-01        35      2.840509E+04      4.977339E+03
     8.400000E-01        35      2.548001E+04      4.524851E+03
     8.405000E-01        35      2.160034E+04      3.884912E+03
     8.410000E-01        35      1.917992E+04      3.491541E+03
     8.415000E-01        35      1.583272E+04      2.915603E+03
     8.420000E-01        35      1.302499E+04      2.425064E+03
     8.425000E-01        35      1.005772E+04      1.892361E+03
     8.430000E-01        35      7.341393E+03      1.395218E+03
     8.435000E-01        35      5.378767E+03      1.032093E+03
     8.440000E-01        35      3.363319E+03      6.513310E+02
     8.445000E-01        35      1.942737E+03      3.795611E+02
     8.450000E-01        35      8.041913E+02      1.584554E+02
     8.455000E-01        35      1.709523E+02      3.395925E+01
     1.343000E+00        35     -1.796153E+01      0.000000E+00
     1.343500E+00        35     -1.350317E+02      0.000000E+00
     1.344000E+00        35     -3.275685E+02      0.000000E+00
     1.344500E+00        35     -6.173424E+02      0.000000E+00
     1.345000E+00        35     -9.458941E+02      0.000000E+00
     1.345500E+00        35     -1.374267E+03      0.000000E+00
     1.346000E+00        35     -1.846217E+03      0.000000E+00
     1.346500E+00        35     -2.381128E+03      0.000000E+00
     1.347000E+00        35     -2.733936E+03      0.000000E+00
     1.347500E+00        35     -3.552883E+03      0.000000E+00
     1.348000E+00        35     -3.863343E+03      0.000000E+00
     1.348500E+00        35     -4.464838E+03      0.000000E+00
     1.349000E+00        35     -4.898554E+03      0.000000E+00
     1.349500E+00        35     -5.229800E+03      0.000000E+00
     1.350000E+00        35     -5.732687E+03      0.000000E+00
     1.350500E+00        35     -5.905148E+03      0.000000E+00
     1.351000E+00        35     -6.091325E+03      0.000000E+00
     1.351500E+00        35     -6.599300E+03      0.000000E+00
     1.352000E+00        35     -6.953066E+03      0.000000E+00
     1.352500E+00        35     -7.476461E+03      0.000000E+00
     1.353000E+00        35     -8.129108E+03      0.000000E+00
     1.353500E+00        35     -8.569619E+03      0.000000E+00
     1.354000E+00        35     -9.342092E+03      0.000000E+00
     1.354500E+00        35     -1.039895E+04      0.000000E+00
     1.355000E+00        35     -1.128541E+04      0.000000E+00
     1.355500E+00        35     -1.210192E+04      0.000000E+00
     1.356000E+00        35     -1.308439E+04      0.000000E+00
     1.356500E+00        35     -1.456863E+04      0.000000E+00
     1.357000E+00        35     -1.462162E+04      0.000000E+00
     1.357500E+00        35     -1.636871E+04      0.000000E+00
     1.358000E+00        35     -1.563934E+04      0.000000E+00
     1.358500E+00        35     -1.513403E+04      0.000000E+00
     1.359000E+00        35     -1.627902E+04      0.000000E+00
     1.359500E+00        35     -1.446370E+04      0.000000E+00
     1.360000E+00        35     -1.483898E+04      0.000000E+00
     1.360500E+00        35     -1.228872E+04      0.000000E+00
     1.361000E+00        35     -1.053416E+04      0.000000E+00
     1.361500E+00        35     -9.904455E+03      0.000000E+00
     1.362000E+00        35     -7.439591E+03      0.000000E+00
     1.362500E+00        35     -6.315196E+03      0.000000E+00
     1.363000E+00        35     -4.091955E+03      0.000000E+00
     1.363500E+00        35     -2.396247E+03      0.000000E+00
     1.364000E+00        35     -9.663207E+02      0.000000E+00
     1.364500E+00        35      1.082579E+05      6.170287E+02
     1.365000E+00        35      1.015026E+05      1.876386E+03
     1.365500E+00        35      1.111839E+05      3.358615E+03
     1.366000E+00        35      1.023305E+05      4.194761E+03
     1.366500E+00        35      1.127669E+05      5.745223E+03
     1.367000E+00        35      1.074590E+05      6.465408E+03
     1.367500E+00        35      1.045823E+05      7.187600E+03
     1.368000E+00        35      1.200246E+05      9.205535E+03
     1.368500E+00        35      1.139408E+05      9.586568E+03
     1.369000E+00        35      1.243118E+05      1.132431E+04
     1.369500E+00        35      1.173414E+05      1.145498E+04
     1.370000E+00        35      1.118821E+05      1.160783E+04
     1.370500E+00        35      1.193730E+05      1.307371E+04
     1.371000E+00        35      1.101465E+05      1.266238E+04
     1.371500E+00        35      1.107784E+05      1.330416E+04
     1.372000E+00        35      9.947543E+04      1.243017E+04
     1.372500E+00        35      9.171248E+04      1.188242E+04
     1.373000E+00        35      8.820106E+04      1.181276E+04
     1.373500E+00        35      7.967798E+04      1.100194E+04
     1.374000E+00        35      7.156237E+04      1.016384E+04
     1.374500E+00        35      6.736004E+04      9.820247E+03
     1.375000E+00        35      6.131440E+04      9.158678E+03
     1.375500E+00        35      5.626328E+04      8.596717E+03
     1.376000E+00        35      5.116487E+04      7.985019E+03
     1.376500E+00        35      4.705619E+04      7.490988E+03
     1.377000E+00        35      4.341814E+04      7.041868E+03
     1.377500E+00        35      4.040018E+04      6.668347E+03
     1.378000E+00        35      3.743635E+04      6.282207E+03
     1.378500E+00        35      3.366149E+04      5.737711E+03
     1.379000E+00        35      3.091351E+04      5.347808E+03
     1.379500E+00        35      2.785142E+04      4.886093E+03
     1.380000E+00        35      2.479149E+04      4.407526E+03
     1.380500E+00        35      2.210587E+04      3.980082E+03
     1.381000E+00        35      1.821998E+04      3.320167E+03
     1.381500E+00        35      1.541914E+04      2.842198E+03
     1.382000E+00        35      1.260279E+04      2.348629E+03
     1.382500E+00        35      9.757738E+03      1.837545E+03
     1.383000E+00        35      7.150448E+03      1.360080E+03
     1.383500E+00        35      5.162785E+03      9.914532E+02
     1.384000E+00        35      3.250132E+03      6.299010E+02
     1.384500E+00        35      1.831780E+03      3.581498E+02
     1.385000E+00        35      7.379550E+02      1.455086E+02
     1.385500E+00        35      1.400280E+02      2.783536E+01
     1.433000E+00        35     -1.876792E+01      0.000000E+00
     1.433500E+00        35     -1.371157E+02      0.000000E+00
     1.434000E+00        35     -3.310025E+02      0.000000E+00
     1.434500E+00        35     -6.187986E+02      0.000000E+00
     1.435000E+00        35     -9.512571E+02      0.000000E+00
     1.435500E+00        35     -1.375969E+03      0.000000E+00
     1.436000E+00        35     -1.843988E+03      0.000000E+00
     1.436500E+00        35     -2.388806E+03      0.000000E+00
     1.437000E+00        35     -2.722422E+03      0.000000E+00
     1.437500E+00        35     -3.554904E+03      0.000000E+00
     1.438000E+00        35     -3.862908E+03      0.000000E+00
     1.438500E+00        35     -4.449180E+03      0.000000E+00
     1.439000E+00        35     -4.906033E+03      0.000000E+00
     1.439500E+00        35     -5.228006E+03      0.000000E+00
     1.440000E+00        35     -5.727463E+03      0.000000E+00
     1.440500E+00        35     -5.937225E+03      0.000000E+00
     1.441000E+00        35     -6.095646E+03      0.000000E+00
     1.441500E+00        35     -6.631483E+03      0.000000E+00
     1.442000E+00        35     -7.014830E+03      0.000000E+00
     1.442500E+00        35     -7.485573E+03      0.000000E+00
     1.443000E+00        35     -8.221737E+03      0.000000E+00
     1.443500E+00        35     -8.599664E+03      0.000000E+00
     1.444000E+00        35     -9.384106E+03      0.000000E+00
     1.444500E+00        35     -1.048191E+04      0.000000E+00
     1.445000E+00        35     -1.125824E+04      0.000000E+00
     1.445500E+00        35     -1.215961E+04      0.000000E+00
     1.446000E+00        35     -1.305852E+04      0.000000E+00
     1.446500E+00        35     -1.450410E+04      0.000000E+00
     1.447000E+00        35     -1.462325E+04      0.000000E+00
     1.447500E+00        35     -1.620852E+04      0.000000E+00
     1.448000E+00        35     -1.558586E+04      0.000000E+00
     1.448500E+00        35     -1.502749E+04      0.000000E+00
     1.449000E+00        35     -1.609461E+04      0.000000E+00
     1.449500E+00        35     -1.440701E+04      0.000000E+00
     1.450000E+00        35     -1.464291E+04      0.000000E+00
     1.450500E+00        35     -1.218472E+04      0.000000E+00
     1.451000E+00        35     -1.045504E+04      0.000000E+00
     1.451500E+00        35     -9.764346E+03      0.000000E+00
     1.452000E+00        35     -7.404764E+03      0.000000E+00
     1.452500E+00        35     -6.242649E+03      0.000000E+00
     1.453000E+00        35     -4.054979E+03      0.000000E+00
     1.453500E+00        35     -2.380917E+03      0.000000E+00
     1.454000E+00        35     -9.433576E+02      0.000000E+00
     1.454500E+00        35      1.087762E+05      6.409053E+02
     1.455000E+00        35      1.024582E+05      1.912084E+03
     1.455500E+00        35      1.124025E+05      3.413597E+03
     1.456000E+00        35      1.029131E+05      4.233977E+03
     1.456500E+00        35      1.149991E+05      5.874793E+03
     1.457000E+00        35      1.079633E+05      6.509541E+03
     1.457500E+00        35      1.060251E+05      7.299354E+03
     1.458000E+00        35      1.215410E+05      9.335304E+03
     1.458500E+00        35      1.135752E+05      9.567568E+03
     1.459000E+00        35      1.259337E+05      1.148427E+04
     1.459500E+00        35      1.165522E+05      1.138854E+04
     1.460000E+00        35      1.118342E+05      1.161243E+04
     1.460500E+00        35      1.190376E+05      1.304656E+04
     1.461000E+00        35      1.083967E+05      1.246948E+04
     1.461500E+00        35      1.102544E+05      1.324917E+04
     1.462000E+00        35      9.730347E+04      1.216539E+04
     1.462500E+00        35      9.052961E+04      1.173500E+04
     1.463000E+00        35      8.625885E+04      1.155793E+04
     1.463500E+00        35      7.806143E+04      1.078327E+04
     1.464000E+00        35      7.016877E+04      9.969797E+03
     1.464500E+00        35      6.559618E+04      9.566563E+03
     1.465000E+00        35      6.072504E+04      9.073705E+03
     1.465500E+00        35      5.465266E+04      8.353255E+03
     1.466000E+00        35      5.106518E+04      7.971811E+03
     1.466500E+00        35      4.620357E+04      7.357292E+03
     1.467000E+00        35      4.314810E+04      6.999892E+03
     1.467500E+00        35      4.062963E+04      6.707863E+03
     1.468000E+00        35      3.690848E+04      6.195058E+03
     1.468500E+00        35      3.432388E+04      5.851897E+03
     1.469000E+00        35      3.062371E+04      5.298771E+03
     1.469500E+00        35      2.815383E+04      4.940117E+03
     1.470000E+00        35      2.500905E+04      4.447034E+03
     1.470500E+00        35      2.195714E+04      3.954005E+03
     1.471000E+00        35      1.854375E+04      3.379737E+03
     1.471500E+00        35      1.523156E+04      2.808074E+03
     1.472000E+00        35      1.266457E+04      2.360506E+03
     1.472500E+00        35      9.725783E+03      1.831797E+03
     1.473000E+00        35      7.043427E+03      1.339913E+03
     1.473500E+00        35      5.159654E+03      9.909856E+02
     1.474000E+00        35      3.176323E+03      6.156758E+02
     1.474500E+00        35      1.806335E+03      3.532187E+02
     1.475000E+00        35      7.188172E+02      1.417519E+02
     1.475500E+00        35      1.332259E+02      2.648625E+01
