     7.560000E-01        37     -7.151709E-01      0.000000E+00
     7.565000E-01        37     -5.677289E+01      0.000000E+00
     7.570000E-01        37     -1.917581E+02      0.000000E+00
     7.575000E-01        37     -4.268964E+02      0.000000E+00
     7.580000E-01        37     -6.686891E+02      0.000000E+00
     7.585000E-01        37     -1.049972E+03      0.000000E+00
     7.590000E-01        37     -1.357490E+03      0.000000E+00
     7.595000E-01        37     -1.701697E+03      0.000000E+00
     7.600000E-01        37     -2.231599E+03      0.000000E+00
     7.605000E-01        37     -2.484441E+03      0.000000E+00
     7.610000E-01        37     -3.026380E+03      0.000000E+00
     7.615000E-01        37     -3.373604E+03      0.000000E+00
     7.620000E-01        37     -3.729301E+03      0.000000E+00
     7.625000E-01        37     -4.310827E+03      0.000000E+00
     7.630000E-01        37     -4.591868E+03      0.000000E+00
     7.635000E-01        37     -5.142678E+03      0.000000E+00
     7.640000E-01        37     -5.811150E+03      0.000000E+00
     7.645000E-01        37     -6.270341E+03      0.000000E+00
     7.650000E-01        37     -7.091212E+03      0.000000E+00
     7.655000E-01        37     -7.643182E+03      0.000000E+00
     7.660000E-01        37     -8.536598E+03      0.000000E+00
     7.665000E-01        37     -9.267358E+03      0.000000E+00
     7.670000E-01        37     -9.797377E+03      0.000000E+00
     7.675000E-01        37     -1.064586E+04      0.000000E+00
     7.680000E-01        37     -1.120577E+04      0.000000E+00
     7.685000E-01        37     -1.170792E+04      0.000000E+00
     7.690000E-01        37     -1.204766E+04      0.000000E+00
     7.695000E-01        37     -1.215408E+04      0.000000E+00
     7.700000E-01        37     -1.203841E+04      0.000000E+00
     7.705000E-01        37     -1.225002E+04      0.000000E+00
     7.710000E-01        37     -1.199787E+04      0.000000E+00
     7.715000E-01        37     -1.143314E+04      0.000000E+00
     7.720000E-01        37     -1.124132E+04      0.000000E+00
     7.725000E-01        37     -1.033489E+04      0.000000E+00
     7.730000E-01        37     -1.041131E+04      0.000000E+00
     7.735000E-01        37     -9.789960E+03      0.000000E+00
     7.740000E-01        37     -9.066910E+03      0.000000E+00
     7.745000E-01        37     -8.554208E+03      0.000000E+00
     7.750000E-01        37     -7.723010E+03      0.000000E+00
     7.755000E-01        37     -6.857248E+03      0.000000E+00
     7.760000E-01        37     -5.551494E+03      0.000000E+00
     7.765000E-01        37     -4.262834E+03      0.000000E+00
     7.770000E-01        37     -2.329819E+03      0.000000E+00
     7.775000E-01        37     -1.732082E+02      0.000000E+00
     7.780000E-01        37      1.822059E+05      2.243502E+03
     7.785000E-01        37      1.745776E+05      4.284692E+03
     7.790000E-01        37      1.894041E+05      6.776110E+03
     7.795000E-01        37      1.742461E+05      8.037706E+03
     7.800000E-01        37      1.659225E+05      9.241939E+03
     7.805000E-01        37      1.762745E+05      1.138321E+04
     7.810000E-01        37      1.567720E+05      1.141779E+04
     7.815000E-01        37      1.621525E+05      1.305738E+04
     7.820000E-01        37      1.377161E+05      1.207988E+04
     7.825000E-01        37      1.253311E+05      1.183754E+04
     7.830000E-01        37      1.246771E+05      1.256375E+04
     7.835000E-01        37      1.063199E+05      1.134577E+04
     7.840000E-01        37      9.468532E+04      1.063433E+04
     7.845000E-01        37      9.268181E+04      1.089900E+04
     7.850000E-01        37      8.165231E+04      1.000977E+04
     7.855000E-01        37      8.071553E+04      1.027656E+04
     7.860000E-01        37      6.866856E+04      9.050575E+03
     7.865000E-01        37      6.467941E+04      8.800061E+03
     7.870000E-01        37      6.497525E+04      9.103184E+03
     7.875000E-01        37      6.105187E+04      8.788611E+03
     7.880000E-01        37      6.352780E+04      9.378159E+03
     7.885000E-01        37      5.460347E+04      8.251895E+03
     7.890000E-01        37      5.252577E+04      8.113543E+03
     7.895000E-01        37      5.272803E+04      8.313351E+03
     7.900000E-01        37      4.985564E+04      8.013010E+03
     7.905000E-01        37      4.955637E+04      8.110145E+03
     7.910000E-01        37      4.120965E+04      6.859960E+03
     7.915000E-01        37      3.941876E+04      6.668129E+03
     7.920000E-01        37      3.859996E+04      6.629583E+03
     7.925000E-01        37      3.132819E+04      5.458630E+03
     7.930000E-01        37      2.679692E+04      4.733263E+03
     7.935000E-01        37      2.543767E+04      4.551805E+03
     7.940000E-01        37      2.101542E+04      3.807151E+03
     7.945000E-01        37      1.807215E+04      3.312630E+03
     7.950000E-01        37      1.384445E+04      2.566276E+03
     7.955000E-01        37      1.038659E+04      1.946009E+03
     7.960000E-01        37      8.659750E+03      1.639140E+03
     7.965000E-01        37      5.864687E+03      1.120992E+03
     7.970000E-01        37      4.267276E+03      8.233335E+02
     7.975000E-01        37      2.329751E+03      4.535591E+02
     7.980000E-01        37      1.053711E+03      2.069129E+02
     7.985000E-01        37      3.559963E+02      7.048633E+01
     7.990000E-01        37      1.582853E+01      3.159029E+00
     8.460000E-01        37     -8.885802E-01      0.000000E+00
     8.465000E-01        37     -5.752220E+01      0.000000E+00
     8.470000E-01        37     -1.932538E+02      0.000000E+00
     8.475000E-01        37     -4.236230E+02      0.000000E+00
     8.480000E-01        37     -6.729927E+02      0.000000E+00
     8.485000E-01        37     -1.045191E+03      0.000000E+00
     8.490000E-01        37     -1.348655E+03      0.000000E+00
     8.495000E-01        37     -1.727295E+03      0.000000E+00
     8.500000E-01        37     -2.191374E+03      0.000000E+00
     8.505000E-01        37     -2.535412E+03      0.000000E+00
     8.510000E-01        37     -3.020831E+03      0.000000E+00
     8.515000E-01        37     -3.364331E+03      0.000000E+00
     8.520000E-01        37     -3.840362E+03      0.000000E+00
     8.525000E-01        37     -4.231954E+03      0.000000E+00
     8.530000E-01        37     -4.726415E+03      0.000000E+00
     8.535000E-01        37     -5.161596E+03      0.000000E+00
     8.540000E-01        37     -5.784151E+03      0.000000E+00
     8.545000E-01        37     -6.473411E+03      0.000000E+00
     8.550000E-01        37     -6.944083E+03      0.000000E+00
     8.555000E-01        37     -7.821430E+03      0.000000E+00
     8.560000E-01        37     -8.536975E+03      0.000000E+00
     8.565000E-01        37     -9.182979E+03      0.000000E+00
     8.570000E-01        37     -1.001395E+04      0.000000E+00
     8.575000E-01        37     -1.041148E+04      0.000000E+00
     8.580000E-01        37     -1.136642E+04      0.000000E+00
     8.585000E-01        37     -1.161943E+04      0.000000E+00
     8.590000E-01        37     -1.193439E+04      0.000000E+00
     8.595000E-01        37     -1.225482E+04      0.000000E+00
     8.600000E-01        37     -1.178712E+04      0.000000E+00
     8.605000E-01        37     -1.229969E+04      0.000000E+00
     8.610000E-01        37     -1.186300E+04      0.000000E+00
     8.615000E-01        37     -1.130509E+04      0.000000E+00
     8.620000E-01        37     -1.123353E+04      0.000000E+00
     8.625000E-01        37     -1.017069E+04      0.000000E+00
     8.630000E-01        37     -1.038450E+04      0.000000E+00
     8.635000E-01        37     -9.731495E+03      0.000000E+00
     8.640000E-01        37     -8.996184E+03      0.000000E+00
     8.645000E-01        37     -8.562046E+03      0.000000E+00
     8.650000E-01        37     -7.690770E+03      0.000000E+00
     8.655000E-01        37     -6.855316E+03      0.000000E+00
     8.660000E-01        37     -5.557490E+03      0.000000E+00
     8.665000E-01        37     -4.251961E+03      0.000000E+00
     8.670000E-01        37     -2.315745E+03      0.000000E+00
     8.675000E-01        37     -1.412918E+02      0.000000E+00
     8.680000E-01        37      1.835277E+05      2.293510E+03
     8.685000E-01        37      1.758126E+05      4.344631E+03
     8.690000E-01        37      1.910343E+05      6.864050E+03
     8.695000E-01        37      1.755701E+05      8.123909E+03
     8.700000E-01        37      1.669154E+05      9.319368E+03
     8.705000E-01        37      1.778618E+05      1.150761E+04
     8.710000E-01        37      1.570566E+05      1.145652E+04
     8.715000E-01        37      1.629642E+05      1.314017E+04
     8.720000E-01        37      1.384440E+05      1.215758E+04
     8.725000E-01        37      1.244955E+05      1.177030E+04
     8.730000E-01        37      1.256387E+05      1.267173E+04
     8.735000E-01        37      1.052507E+05      1.124040E+04
     8.740000E-01        37      9.417695E+04      1.058460E+04
     8.745000E-01        37      9.291257E+04      1.093301E+04
     8.750000E-01        37      7.961250E+04      9.765277E+03
     8.755000E-01        37      8.127547E+04      1.035323E+04
     8.760000E-01        37      6.723539E+04      8.865907E+03
     8.765000E-01        37      6.398512E+04      8.709419E+03
     8.770000E-01        37      6.522594E+04      9.142012E+03
     8.775000E-01        37      5.947002E+04      8.564116E+03
     8.780000E-01        37      6.426244E+04      9.489923E+03
     8.785000E-01        37      5.383687E+04      8.138695E+03
     8.790000E-01        37      5.254345E+04      8.118745E+03
     8.795000E-01        37      5.318763E+04      8.388208E+03
     8.800000E-01        37      4.938920E+04      7.940170E+03
     8.805000E-01        37      5.032491E+04      8.237999E+03
     8.810000E-01        37      4.111683E+04      6.846137E+03
     8.815000E-01        37      3.978815E+04      6.732129E+03
     8.820000E-01        37      3.898018E+04      6.696309E+03
     8.825000E-01        37      3.138069E+04      5.468881E+03
     8.830000E-01        37      2.722732E+04      4.810207E+03
     8.835000E-01        37      2.549843E+04      4.563507E+03
     8.840000E-01        37      2.122008E+04      3.844892E+03
     8.845000E-01        37      1.819320E+04      3.335369E+03
     8.850000E-01        37      1.388405E+04      2.574021E+03
     8.855000E-01        37      1.046583E+04      1.961149E+03
     8.860000E-01        37      8.648715E+03      1.637286E+03
     8.865000E-01        37      5.874459E+03      1.123014E+03
     8.870000E-01        37      4.250865E+03      8.202755E+02
     8.875000E-01        37      2.313404E+03      4.504337E+02
     8.880000E-01        37      1.042132E+03      2.046640E+02
     8.885000E-01        37      3.474588E+02      6.880395E+01
     8.890000E-01        37      1.417418E+01      2.829175E+00
     1.386000E+00        37     -2.398056E+00      0.000000E+00
     1.386500E+00        37     -6.699144E+01      0.000000E+00
     1.387000E+00        37     -2.252939E+02      0.000000E+00
     1.387500E+00        37     -4.323872E+02      0.000000E+00
     1.388000E+00        37     -6.912342E+02      0.000000E+00
     1.388500E+00        37     -1.083458E+03      0.000000E+00
     1.389000E+00        37     -1.362073E+03      0.000000E+00
     1.389500E+00        37     -1.840048E+03      0.000000E+00
     1.390000E+00        37     -2.172403E+03      0.000000E+00
     1.390500E+00        37     -2.509910E+03      0.000000E+00
     1.391000E+00        37     -3.067739E+03      0.000000E+00
     1.391500E+00        37     -3.321704E+03      0.000000E+00
     1.392000E+00        37     -3.836190E+03      0.000000E+00
     1.392500E+00        37     -4.278100E+03      0.000000E+00
     1.393000E+00        37     -4.612290E+03      0.000000E+00
     1.393500E+00        37     -5.269530E+03      0.000000E+00
     1.394000E+00        37     -5.722183E+03      0.000000E+00
     1.394500E+00        37     -6.430264E+03      0.000000E+00
     1.395000E+00        37     -7.123095E+03      0.000000E+00
     1.395500E+00        37     -7.606103E+03      0.000000E+00
     1.396000E+00        37     -8.565194E+03      0.000000E+00
     1.396500E+00        37     -9.248785E+03      0.000000E+00
     1.397000E+00        37     -9.997592E+03      0.000000E+00
     1.397500E+00        37     -1.077725E+04      0.000000E+00
     1.398000E+00        37     -1.110383E+04      0.000000E+00
     1.398500E+00        37     -1.169185E+04      0.000000E+00
     1.399000E+00        37     -1.205939E+04      0.000000E+00
     1.399500E+00        37     -1.226477E+04      0.000000E+00
     1.400000E+00        37     -1.217732E+04      0.000000E+00
     1.400500E+00        37     -1.209430E+04      0.000000E+00
     1.401000E+00        37     -1.214501E+04      0.000000E+00
     1.401500E+00        37     -1.132139E+04      0.000000E+00
     1.402000E+00        37     -1.117033E+04      0.000000E+00
     1.402500E+00        37     -1.035759E+04      0.000000E+00
     1.403000E+00        37     -1.022064E+04      0.000000E+00
     1.403500E+00        37     -9.760306E+03      0.000000E+00
     1.404000E+00        37     -8.938669E+03      0.000000E+00
     1.404500E+00        37     -8.397998E+03      0.000000E+00
     1.405000E+00        37     -7.598846E+03      0.000000E+00
     1.405500E+00        37     -6.678601E+03      0.000000E+00
     1.406000E+00        37     -5.390374E+03      0.000000E+00
     1.406500E+00        37     -4.065023E+03      0.000000E+00
     1.407000E+00        37     -2.113362E+03      0.000000E+00
     1.407500E+00        37      1.789799E+05      6.256995E+01
     1.408000E+00        37      1.736521E+05      2.360749E+03
     1.408500E+00        37      1.710940E+05      4.400275E+03
     1.409000E+00        37      1.873055E+05      6.903613E+03
     1.409500E+00        37      1.725359E+05      8.131116E+03
     1.410000E+00        37      1.643286E+05      9.305141E+03
     1.410500E+00        37      1.749463E+05      1.144773E+04
     1.411000E+00        37      1.560731E+05      1.149173E+04
     1.411500E+00        37      1.606935E+05      1.305989E+04
     1.412000E+00        37      1.374432E+05      1.215197E+04
     1.412500E+00        37      1.246292E+05      1.185290E+04
     1.413000E+00        37      1.237939E+05      1.255095E+04
     1.413500E+00        37      1.066063E+05      1.143810E+04
     1.414000E+00        37      1.054754E+05      1.190382E+04
     1.414500E+00        37      8.666134E+04      1.023574E+04
     1.415000E+00        37      7.956939E+04      9.793276E+03
     1.415500E+00        37      7.736602E+04      9.885897E+03
     1.416000E+00        37      6.867492E+04      9.081556E+03
     1.416500E+00        37      7.091099E+04      9.677482E+03
     1.417000E+00        37      6.003675E+04      8.435107E+03
     1.417500E+00        37      5.979647E+04      8.630488E+03
     1.418000E+00        37      6.012891E+04      8.898071E+03
     1.418500E+00        37      5.460541E+04      8.270971E+03
     1.419000E+00        37      5.114710E+04      7.917395E+03
     1.419500E+00        37      5.156802E+04      8.146675E+03
     1.420000E+00        37      4.996332E+04      8.045360E+03
     1.420500E+00        37      4.822372E+04      7.905967E+03
     1.421000E+00        37      4.114188E+04      6.860066E+03
     1.421500E+00        37      3.898478E+04      6.605076E+03
     1.422000E+00        37      3.790458E+04      6.519829E+03
     1.422500E+00        37      3.128337E+04      5.458502E+03
     1.423000E+00        37      3.024709E+04      5.349829E+03
     1.423500E+00        37      2.327701E+04      4.170473E+03
     1.424000E+00        37      2.022444E+04      3.668292E+03
     1.424500E+00        37      1.715126E+04      3.147457E+03
     1.425000E+00        37      1.350907E+04      2.506865E+03
     1.425500E+00        37      1.152674E+04      2.161895E+03
     1.426000E+00        37      7.642904E+03      1.448123E+03
     1.426500E+00        37      5.496639E+03      1.051654E+03
     1.427000E+00        37      3.954638E+03      7.637167E+02
     1.427500E+00        37      2.161476E+03      4.211716E+02
     1.428000E+00        37      9.518371E+02      1.870671E+02
     1.428500E+00        37      2.984657E+02      5.914365E+01
     1.429000E+00        37      6.253348E+00      1.249012E+00
     1.476000E+00        37     -2.691466E+00      0.000000E+00
     1.476500E+00        37     -6.786250E+01      0.000000E+00
     1.477000E+00        37     -2.256027E+02      0.000000E+00
     1.477500E+00        37     -4.312800E+02      0.000000E+00
     1.478000E+00        37     -6.945325E+02      0.000000E+00
     1.478500E+00        37     -1.071428E+03      0.000000E+00
     1.479000E+00        37     -1.375287E+03      0.000000E+00
     1.479500E+00        37     -1.835060E+03      0.000000E+00
     1.480000E+00        37     -2.165249E+03      0.000000E+00
     1.480500E+00        37     -2.558101E+03      0.000000E+00
     1.481000E+00        37     -3.030164E+03      0.000000E+00
     1.481500E+00        37     -3.386462E+03      0.000000E+00
     1.482000E+00        37     -3.872500E+03      0.000000E+00
     1.482500E+00        37     -4.243365E+03      0.000000E+00
     1.483000E+00        37     -4.777643E+03      0.000000E+00
     1.483500E+00        37     -5.181057E+03      0.000000E+00
     1.484000E+00        37     -5.836071E+03      0.000000E+00
     1.484500E+00        37     -6.511015E+03      0.000000E+00
     1.485000E+00        37     -6.991119E+03      0.000000E+00
     1.485500E+00        37     -7.869422E+03      0.000000E+00
     1.486000E+00        37     -8.361976E+03      0.000000E+00
     1.486500E+00        37     -9.360043E+03      0.000000E+00
     1.487000E+00        37     -1.004874E+04      0.000000E+00
     1.487500E+00        37     -1.054756E+04      0.000000E+00
     1.488000E+00        37     -1.134527E+04      0.000000E+00
     1.488500E+00        37     -1.140931E+04      0.000000E+00
     1.489000E+00        37     -1.209648E+04      0.000000E+00
     1.489500E+00        37     -1.225772E+04      0.000000E+00
     1.490000E+00        37     -1.190099E+04      0.000000E+00
     1.490500E+00        37     -1.221989E+04      0.000000E+00
     1.491000E+00        37     -1.188808E+04      0.000000E+00
     1.491500E+00        37     -1.125837E+04      0.000000E+00
     1.492000E+00        37     -1.115082E+04      0.000000E+00
     1.492500E+00        37     -1.013362E+04      0.000000E+00
     1.493000E+00        37     -1.026190E+04      0.000000E+00
     1.493500E+00        37     -9.644974E+03      0.000000E+00
     1.494000E+00        37     -8.875706E+03      0.000000E+00
     1.494500E+00        37     -8.425901E+03      0.000000E+00
     1.495000E+00        37     -7.532106E+03      0.000000E+00
     1.495500E+00        37     -6.697704E+03      0.000000E+00
     1.496000E+00        37     -5.386758E+03      0.000000E+00
     1.496500E+00        37     -4.048965E+03      0.000000E+00
     1.497000E+00        37     -2.099024E+03      0.000000E+00
     1.497500E+00        37      1.800139E+05      9.882646E+01
     1.498000E+00        37      1.748960E+05      2.409520E+03
     1.498500E+00        37      1.721748E+05      4.456837E+03
     1.499000E+00        37      1.891021E+05      6.998911E+03
     1.499500E+00        37      1.732231E+05      8.188102E+03
     1.500000E+00        37      1.656251E+05      9.400344E+03
     1.500500E+00        37      1.764315E+05      1.156647E+04
     1.501000E+00        37      1.556096E+05      1.147532E+04
     1.501500E+00        37      1.625364E+05      1.322694E+04
     1.502000E+00        37      1.369048E+05      1.211798E+04
     1.502500E+00        37      1.243518E+05      1.183811E+04
     1.503000E+00        37      1.249316E+05      1.267725E+04
     1.503500E+00        37      1.042539E+05      1.119430E+04
     1.504000E+00        37      1.064535E+05      1.202249E+04
     1.504500E+00        37      8.542917E+04      1.009649E+04
     1.505000E+00        37      7.813995E+04      9.622776E+03
     1.505500E+00        37      7.819390E+04      9.996836E+03
     1.506000E+00        37      6.617691E+04      8.755357E+03
     1.506500E+00        37      7.141536E+04      9.750557E+03
     1.507000E+00        37      5.928357E+04      8.332636E+03
     1.507500E+00        37      5.863764E+04      8.466389E+03
     1.508000E+00        37      6.103319E+04      9.035023E+03
     1.508500E+00        37      5.328971E+04      8.074298E+03
     1.509000E+00        37      5.780758E+04      8.951122E+03
     1.509500E+00        37      4.871668E+04      7.698404E+03
     1.510000E+00        37      4.871330E+04      7.846164E+03
     1.510500E+00        37      4.785337E+04      7.847218E+03
     1.511000E+00        37      4.071342E+04      6.790231E+03
     1.511500E+00        37      3.909083E+04      6.624526E+03
     1.512000E+00        37      3.788790E+04      6.518339E+03
     1.512500E+00        37      3.138334E+04      5.477043E+03
     1.513000E+00        37      3.045233E+04      5.387156E+03
     1.513500E+00        37      2.334831E+04      4.184006E+03
     1.514000E+00        37      2.040401E+04      3.701500E+03
     1.514500E+00        37      1.724555E+04      3.165281E+03
     1.515000E+00        37      1.357693E+04      2.519853E+03
     1.515500E+00        37      1.160366E+04      2.176647E+03
     1.516000E+00        37      7.650827E+03      1.449832E+03
     1.516500E+00        37      5.520658E+03      1.056394E+03
     1.517000E+00        37      3.944598E+03      7.618780E+02
     1.517500E+00        37      2.152085E+03      4.193946E+02
     1.518000E+00        37      1.047619E+03      2.059164E+02
     1.518500E+00        37      2.734653E+02      5.419589E+01
     1.519000E+00        37      5.124080E+00      1.023572E+00
