     4.350000E-02         4     -2.171467E+01      0.000000E+00
     4.400000E-02         4     -1.527217E+02      0.000000E+00
     4.450000E-02         4     -3.726566E+02      0.000000E+00
     4.500000E-02         4     -7.065437E+02      0.000000E+00
     4.550000E-02         4     -1.037078E+03      0.000000E+00
     4.600000E-02         4     -1.416344E+03      0.000000E+00
     4.650000E-02         4     -1.899024E+03      0.000000E+00
     4.700000E-02         4     -2.215531E+03      0.000000E+00
     4.750000E-02         4     -2.611370E+03      0.000000E+00
     4.800000E-02         4     -3.021715E+03      0.000000E+00
     4.850000E-02         4     -3.305596E+03      0.000000E+00
     4.900000E-02         4     -3.717972E+03      0.000000E+00
     4.950000E-02         4     -3.896691E+03      0.000000E+00
     5.000000E-02         4     -4.309928E+03      0.000000E+00
     5.050000E-02         4     -4.580971E+03      0.000000E+00
     5.100000E-02         4     -4.934640E+03      0.000000E+00
     5.150000E-02         4     -5.325354E+03      0.000000E+00
     5.200000E-02         4     -5.717121E+03      0.000000E+00
     5.250000E-02         4     -6.348417E+03      0.000000E+00
     5.300000E-02         4     -6.535399E+03      0.000000E+00
     5.350000E-02         4     -7.172009E+03      0.000000E+00
     5.400000E-02         4     -7.293510E+03      0.000000E+00
     5.450000E-02         4     -8.136735E+03      0.000000E+00
     5.500000E-02         4     -8.811552E+03      0.000000E+00
     5.550000E-02         4     -8.589182E+03      0.000000E+00
     5.600000E-02         4     -9.476664E+03      0.000000E+00
     5.650000E-02         4     -1.026207E+04      0.000000E+00
     5.700000E-02         4     -9.663343E+03      0.000000E+00
     5.750000E-02         4     -1.062200E+04      0.000000E+00
     5.800000E-02         4     -1.008278E+04      0.000000E+00
     5.850000E-02         4     -1.127456E+04      0.000000E+00
     5.900000E-02         4     -1.170066E+04      0.000000E+00
     5.950000E-02         4     -1.117738E+04      0.000000E+00
     6.000000E-02         4     -1.170481E+04      0.000000E+00
     6.050000E-02         4     -1.111093E+04      0.000000E+00
     6.100000E-02         4     -1.135621E+04      0.000000E+00
     6.150000E-02         4     -1.075881E+04      0.000000E+00
     6.200000E-02         4     -9.829867E+03      0.000000E+00
     6.250000E-02         4     -8.782683E+03      0.000000E+00
     6.300000E-02         4     -7.353360E+03      0.000000E+00
     6.350000E-02         4     -5.638734E+03      0.000000E+00
     6.400000E-02         4     -3.605734E+03      0.000000E+00
     6.450000E-02         4     -1.417854E+03      0.000000E+00
     6.500000E-02         4      1.724385E+05      9.645724E+02
     6.550000E-02         4      1.668152E+05      3.067595E+03
     6.600000E-02         4      1.656209E+05      4.988295E+03
     6.650000E-02         4      1.559692E+05      6.380741E+03
     6.700000E-02         4      1.537399E+05      7.821048E+03
     6.750000E-02         4      1.423704E+05      8.555884E+03
     6.800000E-02         4      1.348090E+05      9.256161E+03
     6.850000E-02         4      1.332385E+05      1.021089E+04
     6.900000E-02         4      1.232701E+05      1.036449E+04
     6.950000E-02         4      1.244506E+05      1.133031E+04
     7.000000E-02         4      1.137340E+05      1.109713E+04
     7.050000E-02         4      1.087026E+05      1.127283E+04
     7.100000E-02         4      1.117236E+05      1.223099E+04
     7.150000E-02         4      1.026666E+05      1.179821E+04
     7.200000E-02         4      1.082748E+05      1.299921E+04
     7.250000E-02         4      9.704464E+04      1.212279E+04
     7.300000E-02         4      9.249490E+04      1.198050E+04
     7.350000E-02         4      9.656798E+04      1.293009E+04
     7.400000E-02         4      8.630580E+04      1.191434E+04
     7.450000E-02         4      8.125240E+04      1.153761E+04
     7.500000E-02         4      8.311550E+04      1.211478E+04
     7.550000E-02         4      7.416006E+04      1.107541E+04
     7.600000E-02         4      7.659738E+04      1.170163E+04
     7.650000E-02         4      6.419342E+04      1.001669E+04
     7.700000E-02         4      5.878882E+04      9.357307E+03
     7.750000E-02         4      5.903950E+04      9.574083E+03
     7.800000E-02         4      4.986336E+04      8.229204E+03
     7.850000E-02         4      5.137905E+04      8.620839E+03
     7.900000E-02         4      4.023437E+04      6.857254E+03
     7.950000E-02         4      3.530218E+04      6.106319E+03
     8.000000E-02         4      3.479674E+04      6.103880E+03
     8.050000E-02         4      2.711278E+04      4.819718E+03
     8.100000E-02         4      2.687172E+04      4.837683E+03
     8.150000E-02         4      1.903702E+04      3.468730E+03
     8.200000E-02         4      1.505352E+04      2.774557E+03
     8.250000E-02         4      1.356973E+04      2.528611E+03
     8.300000E-02         4      8.875920E+03      1.671349E+03
     8.350000E-02         4      6.264138E+03      1.191404E+03
     8.400000E-02         4      4.773160E+03      9.165622E+02
     8.450000E-02         4      2.589081E+03      5.017484E+02
     8.500000E-02         4      1.563463E+03      3.056676E+02
     8.550000E-02         4      5.628889E+02      1.109821E+02
     8.600000E-02         4      9.754940E+01      1.939007E+01
     1.335000E-01         4     -2.280113E+01      0.000000E+00
     1.340000E-01         4     -1.559220E+02      0.000000E+00
     1.345000E-01         4     -3.779314E+02      0.000000E+00
     1.350000E-01         4     -7.156628E+02      0.000000E+00
     1.355000E-01         4     -1.047504E+03      0.000000E+00
     1.360000E-01         4     -1.430647E+03      0.000000E+00
     1.365000E-01         4     -1.917915E+03      0.000000E+00
     1.370000E-01         4     -2.230287E+03      0.000000E+00
     1.375000E-01         4     -2.638276E+03      0.000000E+00
     1.380000E-01         4     -3.039084E+03      0.000000E+00
     1.385000E-01         4     -3.327764E+03      0.000000E+00
     1.390000E-01         4     -3.743634E+03      0.000000E+00
     1.395000E-01         4     -3.905006E+03      0.000000E+00
     1.400000E-01         4     -4.344903E+03      0.000000E+00
     1.405000E-01         4     -4.575774E+03      0.000000E+00
     1.410000E-01         4     -4.962480E+03      0.000000E+00
     1.415000E-01         4     -5.327477E+03      0.000000E+00
     1.420000E-01         4     -5.723709E+03      0.000000E+00
     1.425000E-01         4     -6.396342E+03      0.000000E+00
     1.430000E-01         4     -6.510298E+03      0.000000E+00
     1.435000E-01         4     -7.256886E+03      0.000000E+00
     1.440000E-01         4     -7.291518E+03      0.000000E+00
     1.445000E-01         4     -8.194882E+03      0.000000E+00
     1.450000E-01         4     -8.914603E+03      0.000000E+00
     1.455000E-01         4     -8.578011E+03      0.000000E+00
     1.460000E-01         4     -9.639691E+03      0.000000E+00
     1.465000E-01         4     -1.026924E+04      0.000000E+00
     1.470000E-01         4     -9.740746E+03      0.000000E+00
     1.475000E-01         4     -1.074036E+04      0.000000E+00
     1.480000E-01         4     -1.002816E+04      0.000000E+00
     1.485000E-01         4     -1.141831E+04      0.000000E+00
     1.490000E-01         4     -1.165011E+04      0.000000E+00
     1.495000E-01         4     -1.118630E+04      0.000000E+00
     1.500000E-01         4     -1.173059E+04      0.000000E+00
     1.505000E-01         4     -1.100106E+04      0.000000E+00
     1.510000E-01         4     -1.136699E+04      0.000000E+00
     1.515000E-01         4     -1.067015E+04      0.000000E+00
     1.520000E-01         4     -9.762501E+03      0.000000E+00
     1.525000E-01         4     -8.735439E+03      0.000000E+00
     1.530000E-01         4     -7.274912E+03      0.000000E+00
     1.535000E-01         4     -5.591760E+03      0.000000E+00
     1.540000E-01         4     -3.558293E+03      0.000000E+00
     1.545000E-01         4     -1.378662E+03      0.000000E+00
     1.550000E-01         4      1.718562E+05      9.943951E+02
     1.555000E-01         4      1.666036E+05      3.093047E+03
     1.560000E-01         4      1.654490E+05      5.009880E+03
     1.565000E-01         4      1.558301E+05      6.398285E+03
     1.570000E-01         4      1.543692E+05      7.874339E+03
     1.575000E-01         4      1.422829E+05      8.568816E+03
     1.580000E-01         4      1.354580E+05      9.316824E+03
     1.585000E-01         4      1.339681E+05      1.028164E+04
     1.590000E-01         4      1.234062E+05      1.038871E+04
     1.595000E-01         4      1.256411E+05      1.145089E+04
     1.600000E-01         4      1.140602E+05      1.113933E+04
     1.605000E-01         4      1.090732E+05      1.132061E+04
     1.610000E-01         4      1.126996E+05      1.234692E+04
     1.615000E-01         4      1.023232E+05      1.176653E+04
     1.620000E-01         4      1.088642E+05      1.307780E+04
     1.625000E-01         4      9.711044E+04      1.213762E+04
     1.630000E-01         4      9.178659E+04      1.189468E+04
     1.635000E-01         4      9.714137E+04      1.301282E+04
     1.640000E-01         4      8.519065E+04      1.176536E+04
     1.645000E-01         4      8.114607E+04      1.152701E+04
     1.650000E-01         4      8.281877E+04      1.207590E+04
     1.655000E-01         4      7.292935E+04      1.089529E+04
     1.660000E-01         4      7.689497E+04      1.175079E+04
     1.665000E-01         4      6.297902E+04      9.830093E+03
     1.670000E-01         4      5.850975E+04      9.315467E+03
     1.675000E-01         4      5.880338E+04      9.538274E+03
     1.680000E-01         4      4.894186E+04      8.079105E+03
     1.685000E-01         4      5.161741E+04      8.662837E+03
     1.690000E-01         4      3.958958E+04      6.748838E+03
     1.695000E-01         4      3.517407E+04      6.085421E+03
     1.700000E-01         4      3.479931E+04      6.105531E+03
     1.705000E-01         4      2.674275E+04      4.754827E+03
     1.710000E-01         4      2.701547E+04      4.864427E+03
     1.715000E-01         4      1.889087E+04      3.442682E+03
     1.720000E-01         4      1.500970E+04      2.766926E+03
     1.725000E-01         4      1.362682E+04      2.539641E+03
     1.730000E-01         4      8.801502E+03      1.657579E+03
     1.735000E-01         4      6.302592E+03      1.198886E+03
     1.740000E-01         4      4.765990E+03      9.153087E+02
     1.745000E-01         4      2.579238E+03      4.999055E+02
     1.750000E-01         4      1.563858E+03      3.057829E+02
     1.755000E-01         4      5.559546E+02      1.096280E+02
     1.760000E-01         4      9.482684E+01      1.885106E+01
     6.735000E-01         4     -2.945897E+01      0.000000E+00
     6.740000E-01         4     -1.718391E+02      0.000000E+00
     6.745000E-01         4     -4.013878E+02      0.000000E+00
     6.750000E-01         4     -7.421238E+02      0.000000E+00
     6.755000E-01         4     -1.077821E+03      0.000000E+00
     6.760000E-01         4     -1.464158E+03      0.000000E+00
     6.765000E-01         4     -1.937051E+03      0.000000E+00
     6.770000E-01         4     -2.272814E+03      0.000000E+00
     6.775000E-01         4     -2.751786E+03      0.000000E+00
     6.780000E-01         4     -2.994293E+03      0.000000E+00
     6.785000E-01         4     -3.341398E+03      0.000000E+00
     6.790000E-01         4     -3.703413E+03      0.000000E+00
     6.795000E-01         4     -3.944123E+03      0.000000E+00
     6.800000E-01         4     -4.319717E+03      0.000000E+00
     6.805000E-01         4     -4.588088E+03      0.000000E+00
     6.810000E-01         4     -4.999879E+03      0.000000E+00
     6.815000E-01         4     -5.324211E+03      0.000000E+00
     6.820000E-01         4     -5.769156E+03      0.000000E+00
     6.825000E-01         4     -6.395610E+03      0.000000E+00
     6.830000E-01         4     -6.560617E+03      0.000000E+00
     6.835000E-01         4     -7.231678E+03      0.000000E+00
     6.840000E-01         4     -7.345047E+03      0.000000E+00
     6.845000E-01         4     -8.163690E+03      0.000000E+00
     6.850000E-01         4     -8.885402E+03      0.000000E+00
     6.855000E-01         4     -8.619266E+03      0.000000E+00
     6.860000E-01         4     -9.500229E+03      0.000000E+00
     6.865000E-01         4     -9.068653E+03      0.000000E+00
     6.870000E-01         4     -1.030898E+04      0.000000E+00
     6.875000E-01         4     -1.088996E+04      0.000000E+00
     6.880000E-01         4     -1.038952E+04      0.000000E+00
     6.885000E-01         4     -1.129399E+04      0.000000E+00
     6.890000E-01         4     -1.073795E+04      0.000000E+00
     6.895000E-01         4     -1.179653E+04      0.000000E+00
     6.900000E-01         4     -1.185322E+04      0.000000E+00
     6.905000E-01         4     -1.132605E+04      0.000000E+00
     6.910000E-01         4     -1.129070E+04      0.000000E+00
     6.915000E-01         4     -1.074823E+04      0.000000E+00
     6.920000E-01         4     -9.752328E+03      0.000000E+00
     6.925000E-01         4     -8.612999E+03      0.000000E+00
     6.930000E-01         4     -7.206282E+03      0.000000E+00
     6.935000E-01         4     -5.426639E+03      0.000000E+00
     6.940000E-01         4     -3.384326E+03      0.000000E+00
     6.945000E-01         4     -1.177173E+03      0.000000E+00
     6.950000E-01         4      1.716771E+05      1.190727E+03
     6.955000E-01         4      1.710503E+05      3.355567E+03
     6.960000E-01         4      1.618864E+05      5.058468E+03
     6.965000E-01         4      1.539735E+05      6.459234E+03
     6.970000E-01         4      1.521064E+05      7.884233E+03
     6.975000E-01         4      1.413114E+05      8.618286E+03
     6.980000E-01         4      1.396219E+05      9.702445E+03
     6.985000E-01         4      1.289446E+05      9.981539E+03
     6.990000E-01         4      1.213226E+05      1.028843E+04
     6.995000E-01         4      1.226775E+05      1.125195E+04
     7.000000E-01         4      1.128456E+05      1.108215E+04
     7.005000E-01         4      1.077541E+05      1.123887E+04
     7.010000E-01         4      1.109541E+05      1.220921E+04
     7.015000E-01         4      1.021774E+05      1.179628E+04
     7.020000E-01         4      1.078695E+05      1.300474E+04
     7.025000E-01         4      9.652588E+04      1.210389E+04
     7.030000E-01         4      9.238388E+04      1.200778E+04
     7.035000E-01         4      9.624835E+04      1.292849E+04
     7.040000E-01         4      8.585173E+04      1.188659E+04
     7.045000E-01         4      9.135858E+04      1.300805E+04
     7.050000E-01         4      7.757496E+04      1.133584E+04
     7.055000E-01         4      7.261718E+04      1.087057E+04
     7.060000E-01         4      7.413222E+04      1.134997E+04
     7.065000E-01         4      6.328408E+04      9.895150E+03
     7.070000E-01         4      6.672824E+04      1.064155E+04
     7.075000E-01         4      5.353171E+04      8.696703E+03
     7.080000E-01         4      4.851158E+04      8.019830E+03
     7.085000E-01         4      4.881515E+04      8.203891E+03
     7.090000E-01         4      3.948029E+04      6.739024E+03
     7.095000E-01         4      3.456772E+04      5.987936E+03
     7.100000E-01         4      3.365876E+04      5.912372E+03
     7.105000E-01         4      2.699462E+04      4.804975E+03
     7.110000E-01         4      2.615017E+04      4.713627E+03
     7.115000E-01         4      1.870987E+04      3.413151E+03
     7.120000E-01         4      1.487542E+04      2.744822E+03
     7.125000E-01         4      1.317026E+04      2.456817E+03
     7.130000E-01         4      8.744573E+03      1.648310E+03
     7.135000E-01         4      7.427948E+03      1.414145E+03
     7.140000E-01         4      4.066857E+03      7.816713E+02
     7.145000E-01         4      2.368422E+03      4.594009E+02
     7.150000E-01         4      1.418564E+03      2.775795E+02
     7.155000E-01         4      4.932230E+02      9.732740E+01
     7.160000E-01         4      8.422285E+01      1.675453E+01
     7.635000E-01         4     -3.191249E+01      0.000000E+00
     7.640000E-01         4     -1.704247E+02      0.000000E+00
     7.645000E-01         4     -4.025290E+02      0.000000E+00
     7.650000E-01         4     -7.464193E+02      0.000000E+00
     7.655000E-01         4     -1.080511E+03      0.000000E+00
     7.660000E-01         4     -1.476126E+03      0.000000E+00
     7.665000E-01         4     -1.944927E+03      0.000000E+00
     7.670000E-01         4     -2.289054E+03      0.000000E+00
     7.675000E-01         4     -2.780057E+03      0.000000E+00
     7.680000E-01         4     -3.004665E+03      0.000000E+00
     7.685000E-01         4     -3.389797E+03      0.000000E+00
     7.690000E-01         4     -3.724779E+03      0.000000E+00
     7.695000E-01         4     -3.972007E+03      0.000000E+00
     7.700000E-01         4     -4.382804E+03      0.000000E+00
     7.705000E-01         4     -4.579120E+03      0.000000E+00
     7.710000E-01         4     -5.090439E+03      0.000000E+00
     7.715000E-01         4     -5.323169E+03      0.000000E+00
     7.720000E-01         4     -5.817607E+03      0.000000E+00
     7.725000E-01         4     -6.132629E+03      0.000000E+00
     7.730000E-01         4     -6.719983E+03      0.000000E+00
     7.735000E-01         4     -7.459234E+03      0.000000E+00
     7.740000E-01         4     -7.399908E+03      0.000000E+00
     7.745000E-01         4     -8.327237E+03      0.000000E+00
     7.750000E-01         4     -8.986417E+03      0.000000E+00
     7.755000E-01         4     -8.683546E+03      0.000000E+00
     7.760000E-01         4     -9.695127E+03      0.000000E+00
     7.765000E-01         4     -9.030123E+03      0.000000E+00
     7.770000E-01         4     -1.051048E+04      0.000000E+00
     7.775000E-01         4     -1.087489E+04      0.000000E+00
     7.780000E-01         4     -1.043317E+04      0.000000E+00
     7.785000E-01         4     -1.138500E+04      0.000000E+00
     7.790000E-01         4     -1.061948E+04      0.000000E+00
     7.795000E-01         4     -1.188560E+04      0.000000E+00
     7.800000E-01         4     -1.174248E+04      0.000000E+00
     7.805000E-01         4     -1.127564E+04      0.000000E+00
     7.810000E-01         4     -1.125944E+04      0.000000E+00
     7.815000E-01         4     -1.034226E+04      0.000000E+00
     7.820000E-01         4     -9.859995E+03      0.000000E+00
     7.825000E-01         4     -8.571743E+03      0.000000E+00
     7.830000E-01         4     -7.163446E+03      0.000000E+00
     7.835000E-01         4     -5.391577E+03      0.000000E+00
     7.840000E-01         4     -3.340728E+03      0.000000E+00
     7.845000E-01         4     -1.141300E+03      0.000000E+00
     7.850000E-01         4      1.713355E+05      1.221037E+03
     7.855000E-01         4      1.710531E+05      3.385487E+03
     7.860000E-01         4      1.616184E+05      5.076018E+03
     7.865000E-01         4      1.544117E+05      6.500451E+03
     7.870000E-01         4      1.523762E+05      7.919062E+03
     7.875000E-01         4      1.414660E+05      8.645667E+03
     7.880000E-01         4      1.407229E+05      9.795561E+03
     7.885000E-01         4      1.290229E+05      1.000180E+04
     7.890000E-01         4      1.221493E+05      1.037110E+04
     7.895000E-01         4      1.235952E+05      1.134802E+04
     7.900000E-01         4      1.128056E+05      1.108842E+04
     7.905000E-01         4      1.173259E+05      1.224720E+04
     7.910000E-01         4      1.066808E+05      1.174753E+04
     7.915000E-01         4      1.008279E+05      1.164811E+04
     7.920000E-01         4      1.070460E+05      1.291310E+04
     7.925000E-01         4      9.533180E+04      1.196061E+04
     7.930000E-01         4      9.218592E+04      1.198796E+04
     7.935000E-01         4      9.536216E+04      1.281527E+04
     7.940000E-01         4      8.504836E+04      1.178029E+04
     7.945000E-01         4      9.130214E+04      1.300505E+04
     7.950000E-01         4      7.634781E+04      1.116053E+04
     7.955000E-01         4      7.247967E+04      1.085362E+04
     7.960000E-01         4      7.364484E+04      1.127888E+04
     7.965000E-01         4      6.241780E+04      9.762560E+03
     7.970000E-01         4      6.697465E+04      1.068379E+04
     7.975000E-01         4      5.265610E+04      8.556667E+03
     7.980000E-01         4      4.849152E+04      8.018468E+03
     7.985000E-01         4      4.869745E+04      8.185994E+03
     7.990000E-01         4      3.899224E+04      6.657165E+03
     7.995000E-01         4      4.123398E+04      7.144162E+03
     8.000000E-01         4      3.034614E+04      5.331533E+03
     8.005000E-01         4      2.608472E+04      4.643878E+03
     8.010000E-01         4      2.534092E+04      4.568566E+03
     8.015000E-01         4      1.833072E+04      3.344547E+03
     8.020000E-01         4      1.473319E+04      2.719013E+03
     8.025000E-01         4      1.294153E+04      2.414518E+03
     8.030000E-01         4      8.724414E+03      1.644751E+03
     8.035000E-01         4      7.387357E+03      1.406614E+03
     8.040000E-01         4      4.039941E+03      7.766021E+02
     8.045000E-01         4      2.376444E+03      4.610164E+02
     8.050000E-01         4      1.409941E+03      2.759263E+02
     8.055000E-01         4      4.906393E+02      9.682907E+01
     8.060000E-01         4      8.174306E+01      1.626308E+01
