     8.425000E-01        41     -4.285534E+00      0.000000E+00
     8.430000E-01        41     -6.899193E+01      0.000000E+00
     8.435000E-01        41     -1.813311E+02      0.000000E+00
     8.440000E-01        41     -4.011583E+02      0.000000E+00
     8.445000E-01        41     -6.056741E+02      0.000000E+00
     8.450000E-01        41     -9.862484E+02      0.000000E+00
     8.455000E-01        41     -1.440953E+03      0.000000E+00
     8.460000E-01        41     -1.707435E+03      0.000000E+00
     8.465000E-01        41     -2.346171E+03      0.000000E+00
     8.470000E-01        41     -3.035763E+03      0.000000E+00
     8.475000E-01        41     -3.223902E+03      0.000000E+00
     8.480000E-01        41     -4.113289E+03      0.000000E+00
     8.485000E-01        41     -4.276487E+03      0.000000E+00
     8.490000E-01        41     -5.302291E+03      0.000000E+00
     8.495000E-01        41     -6.171004E+03      0.000000E+00
     8.500000E-01        41     -6.250082E+03      0.000000E+00
     8.505000E-01        41     -7.256941E+03      0.000000E+00
     8.510000E-01        41     -6.942041E+03      0.000000E+00
     8.515000E-01        41     -8.801772E+03      0.000000E+00
     8.520000E-01        41     -9.338880E+03      0.000000E+00
     8.525000E-01        41     -9.474227E+03      0.000000E+00
     8.530000E-01        41     -1.079256E+04      0.000000E+00
     8.535000E-01        41     -1.075249E+04      0.000000E+00
     8.540000E-01        41     -1.237991E+04      0.000000E+00
     8.545000E-01        41     -1.325729E+04      0.000000E+00
     8.550000E-01        41     -1.347577E+04      0.000000E+00
     8.555000E-01        41     -1.428663E+04      0.000000E+00
     8.560000E-01        41     -1.454588E+04      0.000000E+00
     8.565000E-01        41     -1.448687E+04      0.000000E+00
     8.570000E-01        41     -1.466040E+04      0.000000E+00
     8.575000E-01        41     -1.435390E+04      0.000000E+00
     8.580000E-01        41     -1.432717E+04      0.000000E+00
     8.585000E-01        41     -1.288915E+04      0.000000E+00
     8.590000E-01        41     -1.273768E+04      0.000000E+00
     8.595000E-01        41     -1.164000E+04      0.000000E+00
     8.600000E-01        41     -1.074038E+04      0.000000E+00
     8.605000E-01        41     -1.019774E+04      0.000000E+00
     8.610000E-01        41     -8.618288E+03      0.000000E+00
     8.615000E-01        41     -7.726890E+03      0.000000E+00
     8.620000E-01        41     -6.399112E+03      0.000000E+00
     8.625000E-01        41     -5.209400E+03      0.000000E+00
     8.630000E-01        41     -3.439943E+03      0.000000E+00
     8.635000E-01        41     -1.609344E+03      0.000000E+00
     8.640000E-01        41      1.519668E+05      2.899208E+02
     8.645000E-01        41      1.490644E+05      2.238727E+03
     8.650000E-01        41      1.455362E+05      3.933054E+03
     8.655000E-01        41      1.645225E+05      6.261710E+03
     8.660000E-01        41      1.576022E+05      7.602361E+03
     8.665000E-01        41      1.664472E+05      9.596361E+03
     8.670000E-01        41      1.512327E+05      1.004057E+04
     8.675000E-01        41      1.340022E+05      9.985962E+03
     8.680000E-01        41      1.401282E+05      1.150500E+04
     8.685000E-01        41      1.260842E+05      1.124577E+04
     8.690000E-01        41      1.273513E+05      1.220471E+04
     8.695000E-01        41      1.052738E+05      1.074547E+04
     8.700000E-01        41      9.375297E+04      1.011956E+04
     8.705000E-01        41      8.917199E+04      1.011813E+04
     8.710000E-01        41      7.427263E+04      8.815218E+03
     8.715000E-01        41      7.122401E+04      8.804911E+03
     8.720000E-01        41      5.906605E+04      7.577979E+03
     8.725000E-01        41      5.566549E+04      7.388441E+03
     8.730000E-01        41      5.088076E+04      6.967550E+03
     8.735000E-01        41      4.718353E+04      6.650123E+03
     8.740000E-01        41      4.957425E+04      7.176003E+03
     8.745000E-01        41      4.485794E+04      6.656259E+03
     8.750000E-01        41      4.704169E+04      7.143368E+03
     8.755000E-01        41      4.684391E+04      7.268462E+03
     8.760000E-01        41      4.712081E+04      7.460647E+03
     8.765000E-01        41      4.882580E+04      7.878602E+03
     8.770000E-01        41      4.768206E+04      7.832526E+03
     8.775000E-01        41      4.620873E+04      7.719202E+03
     8.780000E-01        41      4.612861E+04      7.829124E+03
     8.785000E-01        41      4.201063E+04      7.238075E+03
     8.790000E-01        41      3.858154E+04      6.742509E+03
     8.795000E-01        41      3.643249E+04      6.453461E+03
     8.800000E-01        41      3.053599E+04      5.478805E+03
     8.805000E-01        41      2.812522E+04      5.108219E+03
     8.810000E-01        41      2.188451E+04      4.021234E+03
     8.815000E-01        41      1.714134E+04      3.184809E+03
     8.820000E-01        41      1.435562E+04      2.695626E+03
     8.825000E-01        41      9.749290E+03      1.849300E+03
     8.830000E-01        41      6.573260E+03      1.258992E+03
     8.835000E-01        41      4.546071E+03      8.788381E+02
     8.840000E-01        41      2.319197E+03      4.523505E+02
     8.845000E-01        41      1.124061E+03      2.211243E+02
     8.850000E-01        41      2.600566E+02      5.157951E+01
     8.855000E-01        41      7.283254E-01      1.455995E-01
     9.325000E-01        41     -4.675911E+00      0.000000E+00
     9.330000E-01        41     -7.066671E+01      0.000000E+00
     9.335000E-01        41     -1.838851E+02      0.000000E+00
     9.340000E-01        41     -4.070591E+02      0.000000E+00
     9.345000E-01        41     -6.074168E+02      0.000000E+00
     9.350000E-01        41     -9.974209E+02      0.000000E+00
     9.355000E-01        41     -1.449148E+03      0.000000E+00
     9.360000E-01        41     -1.706506E+03      0.000000E+00
     9.365000E-01        41     -2.375750E+03      0.000000E+00
     9.370000E-01        41     -3.023462E+03      0.000000E+00
     9.375000E-01        41     -3.250490E+03      0.000000E+00
     9.380000E-01        41     -4.129267E+03      0.000000E+00
     9.385000E-01        41     -4.265157E+03      0.000000E+00
     9.390000E-01        41     -5.360718E+03      0.000000E+00
     9.395000E-01        41     -6.150773E+03      0.000000E+00
     9.400000E-01        41     -6.304696E+03      0.000000E+00
     9.405000E-01        41     -7.283165E+03      0.000000E+00
     9.410000E-01        41     -6.966789E+03      0.000000E+00
     9.415000E-01        41     -8.880168E+03      0.000000E+00
     9.420000E-01        41     -9.352436E+03      0.000000E+00
     9.425000E-01        41     -9.568602E+03      0.000000E+00
     9.430000E-01        41     -1.082004E+04      0.000000E+00
     9.435000E-01        41     -1.081917E+04      0.000000E+00
     9.440000E-01        41     -1.244191E+04      0.000000E+00
     9.445000E-01        41     -1.327283E+04      0.000000E+00
     9.450000E-01        41     -1.356042E+04      0.000000E+00
     9.455000E-01        41     -1.426116E+04      0.000000E+00
     9.460000E-01        41     -1.459681E+04      0.000000E+00
     9.465000E-01        41     -1.446824E+04      0.000000E+00
     9.470000E-01        41     -1.463115E+04      0.000000E+00
     9.475000E-01        41     -1.436648E+04      0.000000E+00
     9.480000E-01        41     -1.424560E+04      0.000000E+00
     9.485000E-01        41     -1.290403E+04      0.000000E+00
     9.490000E-01        41     -1.267018E+04      0.000000E+00
     9.495000E-01        41     -1.161551E+04      0.000000E+00
     9.500000E-01        41     -1.071963E+04      0.000000E+00
     9.505000E-01        41     -1.015553E+04      0.000000E+00
     9.510000E-01        41     -8.624875E+03      0.000000E+00
     9.515000E-01        41     -7.704792E+03      0.000000E+00
     9.520000E-01        41     -6.398146E+03      0.000000E+00
     9.525000E-01        41     -5.201279E+03      0.000000E+00
     9.530000E-01        41     -3.427643E+03      0.000000E+00
     9.535000E-01        41     -1.591339E+03      0.000000E+00
     9.540000E-01        41      1.526995E+05      3.214514E+02
     9.545000E-01        41      1.497448E+05      2.275955E+03
     9.550000E-01        41      1.462443E+05      3.976391E+03
     9.555000E-01        41      1.651038E+05      6.308994E+03
     9.560000E-01        41      1.581567E+05      7.651376E+03
     9.565000E-01        41      1.668157E+05      9.639370E+03
     9.570000E-01        41      1.514980E+05      1.007655E+04
     9.575000E-01        41      1.343465E+05      1.002678E+04
     9.580000E-01        41      1.397506E+05      1.148874E+04
     9.585000E-01        41      1.263719E+05      1.128392E+04
     9.590000E-01        41      1.266922E+05      1.215328E+04
     9.595000E-01        41      1.049557E+05      1.072214E+04
     9.600000E-01        41      9.378779E+04      1.013100E+04
     9.605000E-01        41      8.788612E+04      9.979022E+03
     9.610000E-01        41      7.463619E+04      8.863818E+03
     9.615000E-01        41      7.014516E+04      8.676388E+03
     9.620000E-01        41      5.849392E+04      7.508407E+03
     9.625000E-01        41      5.599044E+04      7.435052E+03
     9.630000E-01        41      4.931310E+04      6.755790E+03
     9.635000E-01        41      4.789690E+04      6.753358E+03
     9.640000E-01        41      4.867702E+04      7.048734E+03
     9.645000E-01        41      4.428237E+04      6.573115E+03
     9.650000E-01        41      4.770252E+04      7.246041E+03
     9.655000E-01        41      4.535903E+04      7.040177E+03
     9.660000E-01        41      4.789062E+04      7.584665E+03
     9.665000E-01        41      4.828070E+04      7.792705E+03
     9.670000E-01        41      4.719758E+04      7.754875E+03
     9.675000E-01        41      4.679787E+04      7.819456E+03
     9.680000E-01        41      4.518054E+04      7.669917E+03
     9.685000E-01        41      4.237754E+04      7.302825E+03
     9.690000E-01        41      3.840384E+04      6.712792E+03
     9.695000E-01        41      3.604717E+04      6.386416E+03
     9.700000E-01        41      3.083294E+04      5.533080E+03
     9.705000E-01        41      2.772706E+04      5.036766E+03
     9.710000E-01        41      2.191208E+04      4.026958E+03
     9.715000E-01        41      1.713269E+04      3.183697E+03
     9.720000E-01        41      1.416713E+04      2.660628E+03
     9.725000E-01        41      9.799003E+03      1.858995E+03
     9.730000E-01        41      6.488110E+03      1.242852E+03
     9.735000E-01        41      4.509124E+03      8.718096E+02
     9.740000E-01        41      2.305576E+03      4.497502E+02
     9.745000E-01        41      1.099542E+03      2.163271E+02
     9.750000E-01        41      2.532005E+02      5.022548E+01
     9.755000E-01        41      4.110444E-01      8.218101E-02
     1.472500E+00        41     -7.314743E+00      0.000000E+00
     1.473000E+00        41     -7.995523E+01      0.000000E+00
     1.473500E+00        41     -1.973127E+02      0.000000E+00
     1.474000E+00        41     -4.268417E+02      0.000000E+00
     1.474500E+00        41     -6.300703E+02      0.000000E+00
     1.475000E+00        41     -1.018526E+03      0.000000E+00
     1.475500E+00        41     -1.485513E+03      0.000000E+00
     1.476000E+00        41     -1.727594E+03      0.000000E+00
     1.476500E+00        41     -2.398764E+03      0.000000E+00
     1.477000E+00        41     -2.675019E+03      0.000000E+00
     1.477500E+00        41     -3.484263E+03      0.000000E+00
     1.478000E+00        41     -4.274974E+03      0.000000E+00
     1.478500E+00        41     -4.398210E+03      0.000000E+00
     1.479000E+00        41     -5.397231E+03      0.000000E+00
     1.479500E+00        41     -5.581014E+03      0.000000E+00
     1.480000E+00        41     -6.694819E+03      0.000000E+00
     1.480500E+00        41     -7.481416E+03      0.000000E+00
     1.481000E+00        41     -7.263950E+03      0.000000E+00
     1.481500E+00        41     -8.861046E+03      0.000000E+00
     1.482000E+00        41     -9.558204E+03      0.000000E+00
     1.482500E+00        41     -9.566935E+03      0.000000E+00
     1.483000E+00        41     -1.076787E+04      0.000000E+00
     1.483500E+00        41     -1.089289E+04      0.000000E+00
     1.484000E+00        41     -1.223129E+04      0.000000E+00
     1.484500E+00        41     -1.326912E+04      0.000000E+00
     1.485000E+00        41     -1.339985E+04      0.000000E+00
     1.485500E+00        41     -1.409911E+04      0.000000E+00
     1.486000E+00        41     -1.388652E+04      0.000000E+00
     1.486500E+00        41     -1.453861E+04      0.000000E+00
     1.487000E+00        41     -1.468451E+04      0.000000E+00
     1.487500E+00        41     -1.443612E+04      0.000000E+00
     1.488000E+00        41     -1.420737E+04      0.000000E+00
     1.488500E+00        41     -1.291536E+04      0.000000E+00
     1.489000E+00        41     -1.265189E+04      0.000000E+00
     1.489500E+00        41     -1.154516E+04      0.000000E+00
     1.490000E+00        41     -1.068044E+04      0.000000E+00
     1.490500E+00        41     -1.005929E+04      0.000000E+00
     1.491000E+00        41     -8.505334E+03      0.000000E+00
     1.491500E+00        41     -7.592311E+03      0.000000E+00
     1.492000E+00        41     -6.240123E+03      0.000000E+00
     1.492500E+00        41     -5.040849E+03      0.000000E+00
     1.493000E+00        41     -3.259715E+03      0.000000E+00
     1.493500E+00        41     -1.422720E+03      0.000000E+00
     1.494000E+00        41      1.514888E+05      4.974380E+02
     1.494500E+00        41      1.485329E+05      2.417564E+03
     1.495000E+00        41      1.690397E+05      4.763337E+03
     1.495500E+00        41      1.537873E+05      6.016603E+03
     1.496000E+00        41      1.507601E+05      7.420379E+03
     1.496500E+00        41      1.603952E+05      9.393424E+03
     1.497000E+00        41      1.471503E+05      9.893998E+03
     1.497500E+00        41      1.526523E+05      1.149608E+04
     1.498000E+00        41      1.284003E+05      1.063661E+04
     1.498500E+00        41      1.205156E+05      1.083214E+04
     1.499000E+00        41      1.205636E+05      1.163215E+04
     1.499500E+00        41      1.023608E+05      1.051032E+04
     1.500000E+00        41      9.185904E+04      9.967683E+03
     1.500500E+00        41      8.655099E+04      9.867446E+03
     1.501000E+00        41      7.516022E+04      8.958891E+03
     1.501500E+00        41      7.018845E+04      8.710764E+03
     1.502000E+00        41      5.955733E+04      7.668250E+03
     1.502500E+00        41      5.684775E+04      7.570040E+03
     1.503000E+00        41      5.044879E+04      6.929210E+03
     1.503500E+00        41      4.871280E+04      6.884785E+03
     1.504000E+00        41      4.657398E+04      6.759125E+03
     1.504500E+00        41      4.629236E+04      6.885620E+03
     1.505000E+00        41      4.817498E+04      7.331870E+03
     1.505500E+00        41      4.688143E+04      7.289548E+03
     1.506000E+00        41      4.756368E+04      7.545584E+03
     1.506500E+00        41      4.792744E+04      7.747938E+03
     1.507000E+00        41      4.758801E+04      7.830687E+03
     1.507500E+00        41      4.598634E+04      7.694671E+03
     1.508000E+00        41      4.553981E+04      7.741188E+03
     1.508500E+00        41      4.143763E+04      7.149845E+03
     1.509000E+00        41      4.000984E+04      7.001861E+03
     1.509500E+00        41      3.484354E+04      6.180169E+03
     1.510000E+00        41      2.962095E+04      5.321313E+03
     1.510500E+00        41      2.724054E+04      4.953466E+03
     1.511000E+00        41      2.118973E+04      3.898016E+03
     1.511500E+00        41      1.659530E+04      3.086717E+03
     1.512000E+00        41      1.383754E+04      2.601050E+03
     1.512500E+00        41      9.367612E+03      1.778671E+03
     1.513000E+00        41      7.048914E+03      1.351382E+03
     1.513500E+00        41      4.019830E+03      7.778166E+02
     1.514000E+00        41      2.110309E+03      4.119688E+02
     1.514500E+00        41      9.991229E+02      1.967121E+02
     1.515000E+00        41      2.090653E+02      4.149948E+01
     1.562500E+00        41     -7.817016E+00      0.000000E+00
     1.563000E+00        41     -7.064750E+01      0.000000E+00
     1.563500E+00        41     -2.174821E+02      0.000000E+00
     1.564000E+00        41     -4.435246E+02      0.000000E+00
     1.564500E+00        41     -6.411371E+02      0.000000E+00
     1.565000E+00        41     -1.047726E+03      0.000000E+00
     1.565500E+00        41     -1.500529E+03      0.000000E+00
     1.566000E+00        41     -1.752638E+03      0.000000E+00
     1.566500E+00        41     -2.433474E+03      0.000000E+00
     1.567000E+00        41     -2.674514E+03      0.000000E+00
     1.567500E+00        41     -3.529450E+03      0.000000E+00
     1.568000E+00        41     -4.277981E+03      0.000000E+00
     1.568500E+00        41     -4.407609E+03      0.000000E+00
     1.569000E+00        41     -5.435437E+03      0.000000E+00
     1.569500E+00        41     -5.557056E+03      0.000000E+00
     1.570000E+00        41     -6.738573E+03      0.000000E+00
     1.570500E+00        41     -7.479450E+03      0.000000E+00
     1.571000E+00        41     -7.280155E+03      0.000000E+00
     1.571500E+00        41     -8.898960E+03      0.000000E+00
     1.572000E+00        41     -8.625480E+03      0.000000E+00
     1.572500E+00        41     -1.007026E+04      0.000000E+00
     1.573000E+00        41     -1.095790E+04      0.000000E+00
     1.573500E+00        41     -1.127791E+04      0.000000E+00
     1.574000E+00        41     -1.233679E+04      0.000000E+00
     1.574500E+00        41     -1.348616E+04      0.000000E+00
     1.575000E+00        41     -1.357916E+04      0.000000E+00
     1.575500E+00        41     -1.409887E+04      0.000000E+00
     1.576000E+00        41     -1.406770E+04      0.000000E+00
     1.576500E+00        41     -1.445882E+04      0.000000E+00
     1.577000E+00        41     -1.472167E+04      0.000000E+00
     1.577500E+00        41     -1.440484E+04      0.000000E+00
     1.578000E+00        41     -1.409872E+04      0.000000E+00
     1.578500E+00        41     -1.290558E+04      0.000000E+00
     1.579000E+00        41     -1.252559E+04      0.000000E+00
     1.579500E+00        41     -1.149739E+04      0.000000E+00
     1.580000E+00        41     -1.061916E+04      0.000000E+00
     1.580500E+00        41     -9.993079E+03      0.000000E+00
     1.581000E+00        41     -8.488834E+03      0.000000E+00
     1.581500E+00        41     -7.556165E+03      0.000000E+00
     1.582000E+00        41     -6.234971E+03      0.000000E+00
     1.582500E+00        41     -5.029834E+03      0.000000E+00
     1.583000E+00        41     -3.248685E+03      0.000000E+00
     1.583500E+00        41     -1.404729E+03      0.000000E+00
     1.584000E+00        41      1.523840E+05      5.301708E+02
     1.584500E+00        41      1.494686E+05      2.459514E+03
     1.585000E+00        41      1.700159E+05      4.818742E+03
     1.585500E+00        41      1.546111E+05      6.072199E+03
     1.586000E+00        41      1.516790E+05      7.486798E+03
     1.586500E+00        41      1.609204E+05      9.445018E+03
     1.587000E+00        41      1.477065E+05      9.949168E+03
     1.587500E+00        41      1.530311E+05      1.154177E+04
     1.588000E+00        41      1.282826E+05      1.064031E+04
     1.588500E+00        41      1.209153E+05      1.087992E+04
     1.589000E+00        41      1.199625E+05      1.158519E+04
     1.589500E+00        41      1.022943E+05      1.051234E+04
     1.590000E+00        41      1.002532E+05      1.088670E+04
     1.590500E+00        41      8.218044E+04      9.375487E+03
     1.591000E+00        41      7.377390E+04      8.799002E+03
     1.591500E+00        41      6.672985E+04      8.286120E+03
     1.592000E+00        41      5.877208E+04      7.570975E+03
     1.592500E+00        41      5.557811E+04      7.404407E+03
     1.593000E+00        41      4.874781E+04      6.698443E+03
     1.593500E+00        41      4.931500E+04      6.972654E+03
     1.594000E+00        41      4.494584E+04      6.525233E+03
     1.594500E+00        41      4.669252E+04      6.947514E+03
     1.595000E+00        41      4.810203E+04      7.323101E+03
     1.595500E+00        41      4.620649E+04      7.186744E+03
     1.596000E+00        41      4.838033E+04      7.677286E+03
     1.596500E+00        41      4.728932E+04      7.646791E+03
     1.597000E+00        41      4.782969E+04      7.872404E+03
     1.597500E+00        41      4.623047E+04      7.737328E+03
     1.598000E+00        41      4.508976E+04      7.666380E+03
     1.598500E+00        41      4.185286E+04      7.223001E+03
     1.599000E+00        41      3.977406E+04      6.961980E+03
     1.599500E+00        41      3.474638E+04      6.164097E+03
     1.600000E+00        41      2.982015E+04      5.358060E+03
     1.600500E+00        41      2.692445E+04      4.896822E+03
     1.601000E+00        41      2.129619E+04      3.918238E+03
     1.601500E+00        41      1.650959E+04      3.071252E+03
     1.602000E+00        41      1.372307E+04      2.579916E+03
     1.602500E+00        41      9.400548E+03      1.785178E+03
     1.603000E+00        41      6.951214E+03      1.332833E+03
     1.603500E+00        41      4.006133E+03      7.752674E+02
     1.604000E+00        41      2.087974E+03      4.076595E+02
     1.604500E+00        41      9.793596E+02      1.928441E+02
     1.605000E+00        41      2.028393E+02      4.026825E+01
