     9.720000E-01        47     -1.147527E+00      0.000000E+00
     9.725000E-01        47     -6.171919E+01      0.000000E+00
     9.730000E-01        47     -2.067123E+02      0.000000E+00
     9.735000E-01        47     -4.034718E+02      0.000000E+00
     9.740000E-01        47     -6.781373E+02      0.000000E+00
     9.745000E-01        47     -9.193763E+02      0.000000E+00
     9.750000E-01        47     -1.274811E+03      0.000000E+00
     9.755000E-01        47     -1.663889E+03      0.000000E+00
     9.760000E-01        47     -1.799419E+03      0.000000E+00
     9.765000E-01        47     -2.323242E+03      0.000000E+00
     9.770000E-01        47     -2.418566E+03      0.000000E+00
     9.775000E-01        47     -3.107159E+03      0.000000E+00
     9.780000E-01        47     -3.777957E+03      0.000000E+00
     9.785000E-01        47     -3.914095E+03      0.000000E+00
     9.790000E-01        47     -4.969240E+03      0.000000E+00
     9.795000E-01        47     -5.373702E+03      0.000000E+00
     9.800000E-01        47     -6.757954E+03      0.000000E+00
     9.805000E-01        47     -7.855643E+03      0.000000E+00
     9.810000E-01        47     -8.776719E+03      0.000000E+00
     9.815000E-01        47     -1.010901E+04      0.000000E+00
     9.820000E-01        47     -1.119713E+04      0.000000E+00
     9.825000E-01        47     -1.240464E+04      0.000000E+00
     9.830000E-01        47     -1.315787E+04      0.000000E+00
     9.835000E-01        47     -1.420530E+04      0.000000E+00
     9.840000E-01        47     -1.461798E+04      0.000000E+00
     9.845000E-01        47     -1.469426E+04      0.000000E+00
     9.850000E-01        47     -1.520814E+04      0.000000E+00
     9.855000E-01        47     -1.466531E+04      0.000000E+00
     9.860000E-01        47     -1.452299E+04      0.000000E+00
     9.865000E-01        47     -1.376676E+04      0.000000E+00
     9.870000E-01        47     -1.286841E+04      0.000000E+00
     9.875000E-01        47     -1.228878E+04      0.000000E+00
     9.880000E-01        47     -1.128022E+04      0.000000E+00
     9.885000E-01        47     -1.043924E+04      0.000000E+00
     9.890000E-01        47     -9.651229E+03      0.000000E+00
     9.895000E-01        47     -8.747137E+03      0.000000E+00
     9.900000E-01        47     -8.046945E+03      0.000000E+00
     9.905000E-01        47     -7.213601E+03      0.000000E+00
     9.910000E-01        47     -6.363141E+03      0.000000E+00
     9.915000E-01        47     -5.531755E+03      0.000000E+00
     9.920000E-01        47     -4.402250E+03      0.000000E+00
     9.925000E-01        47     -3.252456E+03      0.000000E+00
     9.930000E-01        47     -1.755286E+03      0.000000E+00
     9.935000E-01        47     -7.362924E+01      0.000000E+00
     9.940000E-01        47      1.350828E+05      1.722811E+03
     9.945000E-01        47      1.342613E+05      3.349455E+03
     9.950000E-01        47      1.371605E+05      4.958045E+03
     9.955000E-01        47      1.341095E+05      6.232300E+03
     9.960000E-01        47      1.325770E+05      7.426730E+03
     9.965000E-01        47      1.308592E+05      8.489079E+03
     9.970000E-01        47      1.279080E+05      9.350771E+03
     9.975000E-01        47      1.241207E+05      1.002670E+04
     9.980000E-01        47      1.189495E+05      1.046231E+04
     9.985000E-01        47      1.163997E+05      1.102017E+04
     9.990000E-01        47      1.096281E+05      1.107044E+04
     9.995000E-01        47      1.073469E+05      1.147673E+04
     1.000000E+00        47      1.027788E+05      1.156262E+04
     1.000500E+00        47      9.719284E+04      1.144671E+04
     1.001000E+00        47      9.570958E+04      1.174911E+04
     1.001500E+00        47      8.918742E+04      1.136936E+04
     1.002000E+00        47      8.708962E+04      1.149161E+04
     1.002500E+00        47      8.296693E+04      1.130008E+04
     1.003000E+00        47      7.776089E+04      1.090508E+04
     1.003500E+00        47      7.544097E+04      1.086976E+04
     1.004000E+00        47      6.929562E+04      1.023820E+04
     1.004500E+00        47      6.592415E+04      9.970508E+03
     1.005000E+00        47      6.124931E+04      9.467961E+03
     1.005500E+00        47      5.588000E+04      8.816340E+03
     1.006000E+00        47      5.236180E+04      8.421224E+03
     1.006500E+00        47      4.687885E+04      7.676600E+03
     1.007000E+00        47      4.310508E+04      7.179578E+03
     1.007500E+00        47      3.879883E+04      6.566802E+03
     1.008000E+00        47      3.475765E+04      5.972710E+03
     1.008500E+00        47      3.115618E+04      5.431286E+03
     1.009000E+00        47      2.773908E+04      4.901931E+03
     1.009500E+00        47      2.409109E+04      4.312730E+03
     1.010000E+00        47      2.054841E+04      3.724095E+03
     1.010500E+00        47      1.808099E+04      3.315563E+03
     1.011000E+00        47      1.457099E+04      2.701972E+03
     1.011500E+00        47      1.146543E+04      2.148914E+03
     1.012000E+00        47      9.441766E+03      1.787778E+03
     1.012500E+00        47      6.548243E+03      1.252062E+03
     1.013000E+00        47      4.755735E+03      9.178681E+02
     1.013500E+00        47      2.656041E+03      5.172388E+02
     1.014000E+00        47      1.251111E+03      2.457471E+02
     1.014500E+00        47      4.263693E+02      8.444363E+01
     1.015000E+00        47      1.456165E+01      2.906970E+00
     1.062000E+00        47     -1.370281E+00      0.000000E+00
     1.062500E+00        47     -6.327370E+01      0.000000E+00
     1.063000E+00        47     -2.016916E+02      0.000000E+00
     1.063500E+00        47     -4.147834E+02      0.000000E+00
     1.064000E+00        47     -6.872715E+02      0.000000E+00
     1.064500E+00        47     -9.219553E+02      0.000000E+00
     1.065000E+00        47     -1.288806E+03      0.000000E+00
     1.065500E+00        47     -1.665785E+03      0.000000E+00
     1.066000E+00        47     -1.812123E+03      0.000000E+00
     1.066500E+00        47     -2.342240E+03      0.000000E+00
     1.067000E+00        47     -2.421284E+03      0.000000E+00
     1.067500E+00        47     -3.157295E+03      0.000000E+00
     1.068000E+00        47     -3.796535E+03      0.000000E+00
     1.068500E+00        47     -3.981720E+03      0.000000E+00
     1.069000E+00        47     -5.042146E+03      0.000000E+00
     1.069500E+00        47     -5.441377E+03      0.000000E+00
     1.070000E+00        47     -6.899737E+03      0.000000E+00
     1.070500E+00        47     -7.944352E+03      0.000000E+00
     1.071000E+00        47     -8.951193E+03      0.000000E+00
     1.071500E+00        47     -1.025303E+04      0.000000E+00
     1.072000E+00        47     -1.129593E+04      0.000000E+00
     1.072500E+00        47     -1.264296E+04      0.000000E+00
     1.073000E+00        47     -1.327664E+04      0.000000E+00
     1.073500E+00        47     -1.443083E+04      0.000000E+00
     1.074000E+00        47     -1.471826E+04      0.000000E+00
     1.074500E+00        47     -1.482734E+04      0.000000E+00
     1.075000E+00        47     -1.533267E+04      0.000000E+00
     1.075500E+00        47     -1.466346E+04      0.000000E+00
     1.076000E+00        47     -1.463558E+04      0.000000E+00
     1.076500E+00        47     -1.369716E+04      0.000000E+00
     1.077000E+00        47     -1.288583E+04      0.000000E+00
     1.077500E+00        47     -1.224331E+04      0.000000E+00
     1.078000E+00        47     -1.117325E+04      0.000000E+00
     1.078500E+00        47     -1.043144E+04      0.000000E+00
     1.079000E+00        47     -9.505893E+03      0.000000E+00
     1.079500E+00        47     -8.718913E+03      0.000000E+00
     1.080000E+00        47     -7.959653E+03      0.000000E+00
     1.080500E+00        47     -7.138888E+03      0.000000E+00
     1.081000E+00        47     -6.393150E+03      0.000000E+00
     1.081500E+00        47     -5.442242E+03      0.000000E+00
     1.082000E+00        47     -4.383569E+03      0.000000E+00
     1.082500E+00        47     -3.223123E+03      0.000000E+00
     1.083000E+00        47     -1.733642E+03      0.000000E+00
     1.083500E+00        47     -4.799868E+01      0.000000E+00
     1.084000E+00        47      1.358223E+05      1.757130E+03
     1.084500E+00        47      1.349380E+05      3.389007E+03
     1.085000E+00        47      1.383203E+05      5.021354E+03
     1.085500E+00        47      1.355098E+05      6.316720E+03
     1.086000E+00        47      1.333738E+05      7.488994E+03
     1.086500E+00        47      1.330333E+05      8.646449E+03
     1.087000E+00        47      1.286189E+05      9.417443E+03
     1.087500E+00        47      1.256960E+05      1.016738E+04
     1.088000E+00        47      1.206710E+05      1.062577E+04
     1.088500E+00        47      1.167704E+05      1.106620E+04
     1.089000E+00        47      1.117154E+05      1.129105E+04
     1.089500E+00        47      1.077000E+05      1.152340E+04
     1.090000E+00        47      1.031369E+05      1.161095E+04
     1.090500E+00        47      9.871552E+04      1.163332E+04
     1.091000E+00        47      9.552100E+04      1.173262E+04
     1.091500E+00        47      9.041285E+04      1.153155E+04
     1.092000E+00        47      8.706137E+04      1.149335E+04
     1.092500E+00        47      8.296454E+04      1.130470E+04
     1.093000E+00        47      7.828847E+04      1.098350E+04
     1.093500E+00        47      7.482732E+04      1.078538E+04
     1.094000E+00        47      6.937044E+04      1.025282E+04
     1.094500E+00        47      6.568831E+04      9.938070E+03
     1.095000E+00        47      6.064960E+04      9.378107E+03
     1.095500E+00        47      5.584001E+04      8.812540E+03
     1.096000E+00        47      5.174621E+04      8.324446E+03
     1.096500E+00        47      4.650997E+04      7.618114E+03
     1.097000E+00        47      4.285358E+04      7.139384E+03
     1.097500E+00        47      3.830087E+04      6.483975E+03
     1.098000E+00        47      3.457925E+04      5.943315E+03
     1.098500E+00        47      3.082553E+04      5.374727E+03
     1.099000E+00        47      2.751808E+04      4.863805E+03
     1.099500E+00        47      2.391677E+04      4.282301E+03
     1.100000E+00        47      2.043886E+04      3.704881E+03
     1.100500E+00        47      1.796252E+04      3.294381E+03
     1.101000E+00        47      1.452685E+04      2.694210E+03
     1.101500E+00        47      1.142507E+04      2.141669E+03
     1.102000E+00        47      9.391441E+03      1.778505E+03
     1.102500E+00        47      6.552810E+03      1.253108E+03
     1.103000E+00        47      4.721646E+03      9.114088E+02
     1.103500E+00        47      2.648872E+03      5.159080E+02
     1.104000E+00        47      1.241164E+03      2.438229E+02
     1.104500E+00        47      4.178485E+02      8.276571E+01
     1.105000E+00        47      1.291635E+01      2.578806E+00
     1.602000E+00        47     -3.105570E+00      0.000000E+00
     1.602500E+00        47     -7.257380E+01      0.000000E+00
     1.603000E+00        47     -2.172433E+02      0.000000E+00
     1.603500E+00        47     -4.357293E+02      0.000000E+00
     1.604000E+00        47     -7.126467E+02      0.000000E+00
     1.604500E+00        47     -9.495301E+02      0.000000E+00
     1.605000E+00        47     -1.315131E+03      0.000000E+00
     1.605500E+00        47     -1.515880E+03      0.000000E+00
     1.606000E+00        47     -1.957682E+03      0.000000E+00
     1.606500E+00        47     -2.427871E+03      0.000000E+00
     1.607000E+00        47     -2.493606E+03      0.000000E+00
     1.607500E+00        47     -3.174591E+03      0.000000E+00
     1.608000E+00        47     -3.330300E+03      0.000000E+00
     1.608500E+00        47     -4.279402E+03      0.000000E+00
     1.609000E+00        47     -5.153672E+03      0.000000E+00
     1.609500E+00        47     -5.596187E+03      0.000000E+00
     1.610000E+00        47     -6.821522E+03      0.000000E+00
     1.610500E+00        47     -8.015258E+03      0.000000E+00
     1.611000E+00        47     -8.869471E+03      0.000000E+00
     1.611500E+00        47     -1.012360E+04      0.000000E+00
     1.612000E+00        47     -1.127747E+04      0.000000E+00
     1.612500E+00        47     -1.238378E+04      0.000000E+00
     1.613000E+00        47     -1.321146E+04      0.000000E+00
     1.613500E+00        47     -1.423172E+04      0.000000E+00
     1.614000E+00        47     -1.452520E+04      0.000000E+00
     1.614500E+00        47     -1.510541E+04      0.000000E+00
     1.615000E+00        47     -1.490976E+04      0.000000E+00
     1.615500E+00        47     -1.453800E+04      0.000000E+00
     1.616000E+00        47     -1.441373E+04      0.000000E+00
     1.616500E+00        47     -1.359157E+04      0.000000E+00
     1.617000E+00        47     -1.297794E+04      0.000000E+00
     1.617500E+00        47     -1.205878E+04      0.000000E+00
     1.618000E+00        47     -1.115683E+04      0.000000E+00
     1.618500E+00        47     -1.035108E+04      0.000000E+00
     1.619000E+00        47     -9.501709E+03      0.000000E+00
     1.619500E+00        47     -8.694976E+03      0.000000E+00
     1.620000E+00        47     -7.933465E+03      0.000000E+00
     1.620500E+00        47     -7.109196E+03      0.000000E+00
     1.621000E+00        47     -6.335916E+03      0.000000E+00
     1.621500E+00        47     -5.370643E+03      0.000000E+00
     1.622000E+00        47     -4.279195E+03      0.000000E+00
     1.622500E+00        47     -3.102794E+03      0.000000E+00
     1.623000E+00        47     -1.590821E+03      0.000000E+00
     1.623500E+00        47      1.332010E+05      1.102518E+02
     1.624000E+00        47      1.329046E+05      1.864853E+03
     1.624500E+00        47      1.332875E+05      3.481352E+03
     1.625000E+00        47      1.365392E+05      5.082848E+03
     1.625500E+00        47      1.339136E+05      6.356565E+03
     1.626000E+00        47      1.341240E+05      7.637115E+03
     1.626500E+00        47      1.294592E+05      8.509189E+03
     1.627000E+00        47      1.268500E+05      9.374653E+03
     1.627500E+00        47      1.227929E+05      1.001093E+04
     1.628000E+00        47      1.191453E+05      1.056259E+04
     1.628500E+00        47      1.148981E+05      1.095311E+04
     1.629000E+00        47      1.093627E+05      1.111082E+04
     1.629500E+00        47      1.071216E+05      1.151458E+04
     1.630000E+00        47      1.006617E+05      1.137933E+04
     1.630500E+00        47      9.805513E+04      1.159877E+04
     1.631000E+00        47      9.433291E+04      1.162608E+04
     1.631500E+00        47      8.889967E+04      1.137373E+04
     1.632000E+00        47      8.708652E+04      1.152936E+04
     1.632500E+00        47      8.134454E+04      1.111298E+04
     1.633000E+00        47      7.831795E+04      1.101422E+04
     1.633500E+00        47      7.421325E+04      1.072086E+04
     1.634000E+00        47      6.893228E+04      1.020931E+04
     1.634500E+00        47      6.569214E+04      9.957980E+03
     1.635000E+00        47      6.000687E+04      9.295600E+03
     1.635500E+00        47      5.596009E+04      8.846545E+03
     1.636000E+00        47      5.147833E+04      8.294614E+03
     1.636500E+00        47      4.647756E+04      7.624280E+03
     1.637000E+00        47      4.269662E+04      7.123347E+03
     1.637500E+00        47      3.813553E+04      6.464656E+03
     1.638000E+00        47      3.445720E+04      5.929866E+03
     1.638500E+00        47      3.057503E+04      5.337474E+03
     1.639000E+00        47      2.734071E+04      4.837985E+03
     1.639500E+00        47      2.365686E+04      4.240370E+03
     1.640000E+00        47      2.012777E+04      3.652268E+03
     1.640500E+00        47      1.771397E+04      3.252002E+03
     1.641000E+00        47      1.419579E+04      2.635289E+03
     1.641500E+00        47      1.201027E+04      2.253394E+03
     1.642000E+00        47      8.771440E+03      1.662521E+03
     1.642500E+00        47      6.210684E+03      1.188660E+03
     1.643000E+00        47      4.489626E+03      8.673066E+02
     1.643500E+00        47      2.476204E+03      4.826433E+02
     1.644000E+00        47      1.270077E+03      2.496842E+02
     1.644500E+00        47      3.356376E+02      6.652815E+01
     1.645000E+00        47      4.691909E+00      9.373892E-01
     1.692000E+00        47     -3.472859E+00      0.000000E+00
     1.692500E+00        47     -7.441763E+01      0.000000E+00
     1.693000E+00        47     -2.198315E+02      0.000000E+00
     1.693500E+00        47     -4.399749E+02      0.000000E+00
     1.694000E+00        47     -7.165466E+02      0.000000E+00
     1.694500E+00        47     -9.530438E+02      0.000000E+00
     1.695000E+00        47     -1.322787E+03      0.000000E+00
     1.695500E+00        47     -1.515159E+03      0.000000E+00
     1.696000E+00        47     -1.973397E+03      0.000000E+00
     1.696500E+00        47     -2.435732E+03      0.000000E+00
     1.697000E+00        47     -2.512017E+03      0.000000E+00
     1.697500E+00        47     -3.211476E+03      0.000000E+00
     1.698000E+00        47     -3.355058E+03      0.000000E+00
     1.698500E+00        47     -4.355445E+03      0.000000E+00
     1.699000E+00        47     -5.223121E+03      0.000000E+00
     1.699500E+00        47     -5.686294E+03      0.000000E+00
     1.700000E+00        47     -6.964797E+03      0.000000E+00
     1.700500E+00        47     -8.120170E+03      0.000000E+00
     1.701000E+00        47     -9.055947E+03      0.000000E+00
     1.701500E+00        47     -1.028857E+04      0.000000E+00
     1.702000E+00        47     -1.143446E+04      0.000000E+00
     1.702500E+00        47     -1.261806E+04      0.000000E+00
     1.703000E+00        47     -1.333286E+04      0.000000E+00
     1.703500E+00        47     -1.443879E+04      0.000000E+00
     1.704000E+00        47     -1.466358E+04      0.000000E+00
     1.704500E+00        47     -1.520096E+04      0.000000E+00
     1.705000E+00        47     -1.505906E+04      0.000000E+00
     1.705500E+00        47     -1.454640E+04      0.000000E+00
     1.706000E+00        47     -1.448846E+04      0.000000E+00
     1.706500E+00        47     -1.358389E+04      0.000000E+00
     1.707000E+00        47     -1.294280E+04      0.000000E+00
     1.707500E+00        47     -1.204255E+04      0.000000E+00
     1.708000E+00        47     -1.107786E+04      0.000000E+00
     1.708500E+00        47     -1.029842E+04      0.000000E+00
     1.709000E+00        47     -9.426234E+03      0.000000E+00
     1.709500E+00        47     -8.622752E+03      0.000000E+00
     1.710000E+00        47     -7.865204E+03      0.000000E+00
     1.710500E+00        47     -7.056136E+03      0.000000E+00
     1.711000E+00        47     -6.287642E+03      0.000000E+00
     1.711500E+00        47     -5.338592E+03      0.000000E+00
     1.712000E+00        47     -4.261254E+03      0.000000E+00
     1.712500E+00        47     -3.080562E+03      0.000000E+00
     1.713000E+00        47     -1.572930E+03      0.000000E+00
     1.713500E+00        47      1.337254E+05      1.372658E+02
     1.714000E+00        47      1.337393E+05      1.900855E+03
     1.714500E+00        47      1.342243E+05      3.528178E+03
     1.715000E+00        47      1.379604E+05      5.156909E+03
     1.715500E+00        47      1.349401E+05      6.424405E+03
     1.716000E+00        47      1.356084E+05      7.739428E+03
     1.716500E+00        47      1.311626E+05      8.637135E+03
     1.717000E+00        47      1.277294E+05      9.454142E+03
     1.717500E+00        47      1.249969E+05      1.020386E+04
     1.718000E+00        47      1.199991E+05      1.065018E+04
     1.718500E+00        47      1.161266E+05      1.108103E+04
     1.719000E+00        47      1.111707E+05      1.130422E+04
     1.719500E+00        47      1.071264E+05      1.152392E+04
     1.720000E+00        47      1.025650E+05      1.160245E+04
     1.720500E+00        47      9.832189E+04      1.163754E+04
     1.721000E+00        47      9.482661E+04      1.169351E+04
     1.721500E+00        47      9.008452E+04      1.153124E+04
     1.722000E+00        47      8.644543E+04      1.144988E+04
     1.722500E+00        47      8.228748E+04      1.124668E+04
     1.723000E+00        47      7.800150E+04      1.097411E+04
     1.723500E+00        47      7.408619E+04      1.070649E+04
     1.724000E+00        47      6.911661E+04      1.024015E+04
     1.724500E+00        47      6.498384E+04      9.853792E+03
     1.725000E+00        47      5.997750E+04      9.293855E+03
     1.725500E+00        47      5.548946E+04      8.774627E+03
     1.726000E+00        47      5.113599E+04      8.241644E+03
     1.726500E+00        47      4.614978E+04      7.572405E+03
     1.727000E+00        47      4.233654E+04      7.064941E+03
     1.727500E+00        47      3.777945E+04      6.405724E+03
     1.728000E+00        47      3.418752E+04      5.884699E+03
     1.728500E+00        47      3.037515E+04      5.303642E+03
     1.729000E+00        47      2.705527E+04      4.788385E+03
     1.729500E+00        47      2.360766E+04      4.232317E+03
     1.730000E+00        47      1.998292E+04      3.626607E+03
     1.730500E+00        47      1.763969E+04      3.238897E+03
     1.731000E+00        47      1.419562E+04      2.635669E+03
     1.731500E+00        47      1.192966E+04      2.238604E+03
     1.732000E+00        47      8.780778E+03      1.664529E+03
     1.732500E+00        47      6.193306E+03      1.185497E+03
     1.733000E+00        47      4.468522E+03      8.633430E+02
     1.733500E+00        47      2.470787E+03      4.816481E+02
     1.734000E+00        47      1.256192E+03      2.469843E+02
     1.734500E+00        47      3.289606E+02      6.521225E+01
     1.735000E+00        47      3.774676E+00      7.542209E-01
