     1.102000E+00        53     -4.566008E+01      0.000000E+00
     1.102500E+00        53     -1.919169E+02      0.000000E+00
     1.103000E+00        53     -3.963203E+02      0.000000E+00
     1.103500E+00        53     -7.120656E+02      0.000000E+00
     1.104000E+00        53     -1.095343E+03      0.000000E+00
     1.104500E+00        53     -1.380558E+03      0.000000E+00
     1.105000E+00        53     -1.890189E+03      0.000000E+00
     1.105500E+00        53     -2.180339E+03      0.000000E+00
     1.106000E+00        53     -2.790395E+03      0.000000E+00
     1.106500E+00        53     -3.389244E+03      0.000000E+00
     1.107000E+00        53     -3.674635E+03      0.000000E+00
     1.107500E+00        53     -4.449230E+03      0.000000E+00
     1.108000E+00        53     -4.937855E+03      0.000000E+00
     1.108500E+00        53     -5.935589E+03      0.000000E+00
     1.109000E+00        53     -6.785194E+03      0.000000E+00
     1.109500E+00        53     -7.783687E+03      0.000000E+00
     1.110000E+00        53     -8.704716E+03      0.000000E+00
     1.110500E+00        53     -9.755630E+03      0.000000E+00
     1.111000E+00        53     -1.115131E+04      0.000000E+00
     1.111500E+00        53     -1.173985E+04      0.000000E+00
     1.112000E+00        53     -1.344695E+04      0.000000E+00
     1.112500E+00        53     -1.345715E+04      0.000000E+00
     1.113000E+00        53     -1.380017E+04      0.000000E+00
     1.113500E+00        53     -1.493740E+04      0.000000E+00
     1.114000E+00        53     -1.416208E+04      0.000000E+00
     1.114500E+00        53     -1.490494E+04      0.000000E+00
     1.115000E+00        53     -1.343067E+04      0.000000E+00
     1.115500E+00        53     -1.269059E+04      0.000000E+00
     1.116000E+00        53     -1.240457E+04      0.000000E+00
     1.116500E+00        53     -1.099627E+04      0.000000E+00
     1.117000E+00        53     -1.064344E+04      0.000000E+00
     1.117500E+00        53     -9.340757E+03      0.000000E+00
     1.118000E+00        53     -8.684102E+03      0.000000E+00
     1.118500E+00        53     -8.406787E+03      0.000000E+00
     1.119000E+00        53     -7.679835E+03      0.000000E+00
     1.119500E+00        53     -7.364956E+03      0.000000E+00
     1.120000E+00        53     -7.406959E+03      0.000000E+00
     1.120500E+00        53     -6.701088E+03      0.000000E+00
     1.121000E+00        53     -6.770847E+03      0.000000E+00
     1.121500E+00        53     -5.370030E+03      0.000000E+00
     1.122000E+00        53     -4.101643E+03      0.000000E+00
     1.122500E+00        53     -2.893561E+03      0.000000E+00
     1.123000E+00        53     -5.243965E+02      0.000000E+00
     1.123500E+00        53      2.071340E+05      2.165101E+03
     1.124000E+00        53      1.910543E+05      4.363324E+03
     1.124500E+00        53      1.814320E+05      6.206336E+03
     1.125000E+00        53      2.094064E+05      9.356456E+03
     1.125500E+00        53      1.805263E+05      9.813427E+03
     1.126000E+00        53      1.973962E+05      1.250155E+04
     1.126500E+00        53      1.656426E+05      1.187196E+04
     1.127000E+00        53      1.468472E+05      1.166616E+04
     1.127500E+00        53      1.492330E+05      1.293918E+04
     1.128000E+00        53      1.215180E+05      1.136220E+04
     1.128500E+00        53      1.037731E+05      1.036485E+04
     1.129000E+00        53      1.070662E+05      1.133568E+04
     1.129500E+00        53      8.472694E+04      9.448941E+03
     1.130000E+00        53      8.121778E+04      9.490283E+03
     1.130500E+00        53      6.186364E+04      7.540217E+03
     1.131000E+00        53      5.881593E+04      7.449021E+03
     1.131500E+00        53      5.779093E+04      7.580242E+03
     1.132000E+00        53      5.084050E+04      6.886557E+03
     1.132500E+00        53      5.565445E+04      7.765426E+03
     1.133000E+00        53      4.806022E+04      6.892193E+03
     1.133500E+00        53      4.846924E+04      7.129950E+03
     1.134000E+00        53      5.521400E+04      8.316739E+03
     1.134500E+00        53      4.998233E+04      7.696943E+03
     1.135000E+00        53      5.679120E+04      8.928194E+03
     1.135500E+00        53      5.001550E+04      8.016967E+03
     1.136000E+00        53      4.681376E+04      7.641809E+03
     1.136500E+00        53      4.766071E+04      7.914797E+03
     1.137000E+00        53      4.030498E+04      6.802589E+03
     1.137500E+00        53      3.642988E+04      6.243449E+03
     1.138000E+00        53      3.355033E+04      5.833932E+03
     1.138500E+00        53      2.891016E+04      5.096682E+03
     1.139000E+00        53      2.419673E+04      4.321809E+03
     1.139500E+00        53      1.888123E+04      3.414551E+03
     1.140000E+00        53      1.576679E+04      2.885248E+03
     1.140500E+00        53      1.151670E+04      2.131403E+03
     1.141000E+00        53      8.906084E+03      1.666094E+03
     1.141500E+00        53      6.310051E+03      1.192651E+03
     1.142000E+00        53      4.335482E+03      8.275452E+02
     1.142500E+00        53      2.769539E+03      5.336478E+02
     1.143000E+00        53      1.508683E+03      2.933379E+02
     1.143500E+00        53      8.117539E+02      1.592056E+02
     1.144000E+00        53      2.539597E+02      5.022419E+01
     1.144500E+00        53      2.588618E+01      5.160475E+00
     1.192000E+00        53     -4.684000E+01      0.000000E+00
     1.192500E+00        53     -1.934084E+02      0.000000E+00
     1.193000E+00        53     -3.992645E+02      0.000000E+00
     1.193500E+00        53     -7.088068E+02      0.000000E+00
     1.194000E+00        53     -1.095458E+03      0.000000E+00
     1.194500E+00        53     -1.376753E+03      0.000000E+00
     1.195000E+00        53     -1.862828E+03      0.000000E+00
     1.195500E+00        53     -2.182406E+03      0.000000E+00
     1.196000E+00        53     -2.744611E+03      0.000000E+00
     1.196500E+00        53     -3.361752E+03      0.000000E+00
     1.197000E+00        53     -3.660856E+03      0.000000E+00
     1.197500E+00        53     -4.362027E+03      0.000000E+00
     1.198000E+00        53     -4.941544E+03      0.000000E+00
     1.198500E+00        53     -5.862814E+03      0.000000E+00
     1.199000E+00        53     -6.736015E+03      0.000000E+00
     1.199500E+00        53     -7.787414E+03      0.000000E+00
     1.200000E+00        53     -8.614335E+03      0.000000E+00
     1.200500E+00        53     -9.769290E+03      0.000000E+00
     1.201000E+00        53     -1.111037E+04      0.000000E+00
     1.201500E+00        53     -1.169053E+04      0.000000E+00
     1.202000E+00        53     -1.344458E+04      0.000000E+00
     1.202500E+00        53     -1.338073E+04      0.000000E+00
     1.203000E+00        53     -1.374586E+04      0.000000E+00
     1.203500E+00        53     -1.487181E+04      0.000000E+00
     1.204000E+00        53     -1.402844E+04      0.000000E+00
     1.204500E+00        53     -1.480841E+04      0.000000E+00
     1.205000E+00        53     -1.325923E+04      0.000000E+00
     1.205500E+00        53     -1.254026E+04      0.000000E+00
     1.206000E+00        53     -1.220871E+04      0.000000E+00
     1.206500E+00        53     -1.081726E+04      0.000000E+00
     1.207000E+00        53     -1.045263E+04      0.000000E+00
     1.207500E+00        53     -9.132777E+03      0.000000E+00
     1.208000E+00        53     -8.555297E+03      0.000000E+00
     1.208500E+00        53     -8.196871E+03      0.000000E+00
     1.209000E+00        53     -7.593136E+03      0.000000E+00
     1.209500E+00        53     -7.230561E+03      0.000000E+00
     1.210000E+00        53     -7.298055E+03      0.000000E+00
     1.210500E+00        53     -6.650718E+03      0.000000E+00
     1.211000E+00        53     -6.672768E+03      0.000000E+00
     1.211500E+00        53     -5.333521E+03      0.000000E+00
     1.212000E+00        53     -4.051132E+03      0.000000E+00
     1.212500E+00        53     -2.846978E+03      0.000000E+00
     1.213000E+00        53     -4.882864E+02      0.000000E+00
     1.213500E+00        53      2.062958E+05      2.194749E+03
     1.214000E+00        53      1.897603E+05      4.366146E+03
     1.214500E+00        53      1.804233E+05      6.200139E+03
     1.215000E+00        53      2.083495E+05      9.339397E+03
     1.215500E+00        53      1.783735E+05      9.720306E+03
     1.216000E+00        53      1.968742E+05      1.249299E+04
     1.216500E+00        53      1.631696E+05      1.171361E+04
     1.217000E+00        53      1.455456E+05      1.157848E+04
     1.217500E+00        53      1.479873E+05      1.284613E+04
     1.218000E+00        53      1.188727E+05      1.112612E+04
     1.218500E+00        53      1.035835E+05      1.035513E+04
     1.219000E+00        53      1.045393E+05      1.107690E+04
     1.219500E+00        53      8.409124E+04      9.384682E+03
     1.220000E+00        53      8.025278E+04      9.383502E+03
     1.220500E+00        53      6.026571E+04      7.349701E+03
     1.221000E+00        53      5.902479E+04      7.479413E+03
     1.221500E+00        53      5.618340E+04      7.372946E+03
     1.222000E+00        53      5.101177E+04      6.912823E+03
     1.222500E+00        53      5.492559E+04      7.666871E+03
     1.223000E+00        53      4.746365E+04      6.809226E+03
     1.223500E+00        53      4.835923E+04      7.116280E+03
     1.224000E+00        53      5.421216E+04      8.168522E+03
     1.224500E+00        53      4.981662E+04      7.673784E+03
     1.225000E+00        53      5.586476E+04      8.785076E+03
     1.225500E+00        53      4.939669E+04      7.919921E+03
     1.226000E+00        53      4.610143E+04      7.527445E+03
     1.226500E+00        53      4.673941E+04      7.763664E+03
     1.227000E+00        53      3.968954E+04      6.700235E+03
     1.227500E+00        53      3.558838E+04      6.100538E+03
     1.228000E+00        53      3.294847E+04      5.730442E+03
     1.228500E+00        53      2.832483E+04      4.994455E+03
     1.229000E+00        53      2.366228E+04      4.227126E+03
     1.229500E+00        53      1.850413E+04      3.346938E+03
     1.230000E+00        53      1.543120E+04      2.824307E+03
     1.230500E+00        53      1.127199E+04      2.086446E+03
     1.231000E+00        53      8.753997E+03      1.637891E+03
     1.231500E+00        53      6.183574E+03      1.168915E+03
     1.232000E+00        53      4.270100E+03      8.151783E+02
     1.232500E+00        53      2.727188E+03      5.255571E+02
     1.233000E+00        53      1.482062E+03      2.881986E+02
     1.233500E+00        53      7.998412E+02      1.568884E+02
     1.234000E+00        53      2.474897E+02      4.895042E+01
     1.234500E+00        53      2.406015E+01      4.796993E+00
     1.731500E+00        53     -2.843340E-01      0.000000E+00
     1.732000E+00        53     -5.761503E+01      0.000000E+00
     1.732500E+00        53     -2.138356E+02      0.000000E+00
     1.733000E+00        53     -4.224189E+02      0.000000E+00
     1.733500E+00        53     -7.500599E+02      0.000000E+00
     1.734000E+00        53     -1.042577E+03      0.000000E+00
     1.734500E+00        53     -1.493206E+03      0.000000E+00
     1.735000E+00        53     -1.982834E+03      0.000000E+00
     1.735500E+00        53     -2.249340E+03      0.000000E+00
     1.736000E+00        53     -2.861052E+03      0.000000E+00
     1.736500E+00        53     -3.486212E+03      0.000000E+00
     1.737000E+00        53     -3.717942E+03      0.000000E+00
     1.737500E+00        53     -4.538085E+03      0.000000E+00
     1.738000E+00        53     -4.997468E+03      0.000000E+00
     1.738500E+00        53     -5.966790E+03      0.000000E+00
     1.739000E+00        53     -6.885996E+03      0.000000E+00
     1.739500E+00        53     -7.778595E+03      0.000000E+00
     1.740000E+00        53     -8.781969E+03      0.000000E+00
     1.740500E+00        53     -1.009553E+04      0.000000E+00
     1.741000E+00        53     -1.098446E+04      0.000000E+00
     1.741500E+00        53     -1.176192E+04      0.000000E+00
     1.742000E+00        53     -1.332673E+04      0.000000E+00
     1.742500E+00        53     -1.349750E+04      0.000000E+00
     1.743000E+00        53     -1.482630E+04      0.000000E+00
     1.743500E+00        53     -1.432786E+04      0.000000E+00
     1.744000E+00        53     -1.401494E+04      0.000000E+00
     1.744500E+00        53     -1.455227E+04      0.000000E+00
     1.745000E+00        53     -1.339901E+04      0.000000E+00
     1.745500E+00        53     -1.256276E+04      0.000000E+00
     1.746000E+00        53     -1.226796E+04      0.000000E+00
     1.746500E+00        53     -1.101815E+04      0.000000E+00
     1.747000E+00        53     -1.052817E+04      0.000000E+00
     1.747500E+00        53     -9.332222E+03      0.000000E+00
     1.748000E+00        53     -8.674323E+03      0.000000E+00
     1.748500E+00        53     -8.355944E+03      0.000000E+00
     1.749000E+00        53     -7.678152E+03      0.000000E+00
     1.749500E+00        53     -7.815373E+03      0.000000E+00
     1.750000E+00        53     -7.097933E+03      0.000000E+00
     1.750500E+00        53     -6.574709E+03      0.000000E+00
     1.751000E+00        53     -6.612244E+03      0.000000E+00
     1.751500E+00        53     -5.220529E+03      0.000000E+00
     1.752000E+00        53     -4.512031E+03      0.000000E+00
     1.752500E+00        53     -2.477225E+03      0.000000E+00
     1.753000E+00        53     -2.781316E+02      0.000000E+00
     1.753500E+00        53      2.048870E+05      2.407618E+03
     1.754000E+00        53      1.885568E+05      4.530637E+03
     1.754500E+00        53      2.153376E+05      7.601826E+03
     1.755000E+00        53      1.879939E+05      8.589608E+03
     1.755500E+00        53      1.719370E+05      9.507279E+03
     1.756000E+00        53      1.923528E+05      1.234912E+04
     1.756500E+00        53      1.621154E+05      1.175016E+04
     1.757000E+00        53      1.435480E+05      1.151231E+04
     1.757500E+00        53      1.474476E+05      1.288838E+04
     1.758000E+00        53      1.203439E+05      1.133199E+04
     1.758500E+00        53      1.199736E+05      1.205746E+04
     1.759000E+00        53      9.812052E+04      1.044590E+04
     1.759500E+00        53      8.136688E+04      9.119051E+03
     1.760000E+00        53      7.815919E+04      9.173555E+03
     1.760500E+00        53      6.167272E+04      7.547298E+03
     1.761000E+00        53      6.714491E+04      8.535187E+03
     1.761500E+00        53      5.254174E+04      6.914960E+03
     1.762000E+00        53      5.011982E+04      6.809992E+03
     1.762500E+00        53      5.275862E+04      7.382453E+03
     1.763000E+00        53      4.866026E+04      6.996759E+03
     1.763500E+00        53      5.843886E+04      8.617709E+03
     1.764000E+00        53      4.929836E+04      7.442753E+03
     1.764500E+00        53      4.920870E+04      7.594090E+03
     1.765000E+00        53      5.346642E+04      8.422421E+03
     1.765500E+00        53      5.010076E+04      8.045814E+03
     1.766000E+00        53      4.588933E+04      7.504228E+03
     1.766500E+00        53      4.648735E+04      7.732888E+03
     1.767000E+00        53      4.065606E+04      6.872711E+03
     1.767500E+00        53      3.888639E+04      6.674438E+03
     1.768000E+00        53      3.184387E+04      5.545066E+03
     1.768500E+00        53      2.816155E+04      4.971397E+03
     1.769000E+00        53      2.317508E+04      4.144634E+03
     1.769500E+00        53      1.875739E+04      3.396290E+03
     1.770000E+00        53      1.527976E+04      2.799372E+03
     1.770500E+00        53      1.121889E+04      2.078588E+03
     1.771000E+00        53      8.771903E+03      1.642729E+03
     1.771500E+00        53      6.063116E+03      1.147138E+03
     1.772000E+00        53      4.220158E+03      8.063130E+02
     1.772500E+00        53      2.461975E+03      4.748251E+02
     1.773000E+00        53      1.490388E+03      2.900388E+02
     1.773500E+00        53      7.660354E+02      1.503674E+02
     1.774000E+00        53      2.223390E+02      4.400684E+01
     1.774500E+00        53      1.507183E+01      3.006978E+00
     1.821500E+00        53     -4.015651E-01      0.000000E+00
     1.822000E+00        53     -5.908383E+01      0.000000E+00
     1.822500E+00        53     -2.164209E+02      0.000000E+00
     1.823000E+00        53     -4.242448E+02      0.000000E+00
     1.823500E+00        53     -7.461002E+02      0.000000E+00
     1.824000E+00        53     -1.043552E+03      0.000000E+00
     1.824500E+00        53     -1.472622E+03      0.000000E+00
     1.825000E+00        53     -1.969178E+03      0.000000E+00
     1.825500E+00        53     -2.229995E+03      0.000000E+00
     1.826000E+00        53     -2.800910E+03      0.000000E+00
     1.826500E+00        53     -3.151298E+03      0.000000E+00
     1.827000E+00        53     -3.846260E+03      0.000000E+00
     1.827500E+00        53     -4.574490E+03      0.000000E+00
     1.828000E+00        53     -5.069761E+03      0.000000E+00
     1.828500E+00        53     -5.906298E+03      0.000000E+00
     1.829000E+00        53     -6.951659E+03      0.000000E+00
     1.829500E+00        53     -7.773143E+03      0.000000E+00
     1.830000E+00        53     -8.746009E+03      0.000000E+00
     1.830500E+00        53     -1.016908E+04      0.000000E+00
     1.831000E+00        53     -1.091569E+04      0.000000E+00
     1.831500E+00        53     -1.177277E+04      0.000000E+00
     1.832000E+00        53     -1.333286E+04      0.000000E+00
     1.832500E+00        53     -1.337625E+04      0.000000E+00
     1.833000E+00        53     -1.484627E+04      0.000000E+00
     1.833500E+00        53     -1.418909E+04      0.000000E+00
     1.834000E+00        53     -1.390795E+04      0.000000E+00
     1.834500E+00        53     -1.446777E+04      0.000000E+00
     1.835000E+00        53     -1.316533E+04      0.000000E+00
     1.835500E+00        53     -1.323587E+04      0.000000E+00
     1.836000E+00        53     -1.162049E+04      0.000000E+00
     1.836500E+00        53     -1.072857E+04      0.000000E+00
     1.837000E+00        53     -1.017391E+04      0.000000E+00
     1.837500E+00        53     -9.086581E+03      0.000000E+00
     1.838000E+00        53     -8.490698E+03      0.000000E+00
     1.838500E+00        53     -8.101336E+03      0.000000E+00
     1.839000E+00        53     -7.605809E+03      0.000000E+00
     1.839500E+00        53     -7.645126E+03      0.000000E+00
     1.840000E+00        53     -7.024657E+03      0.000000E+00
     1.840500E+00        53     -6.518672E+03      0.000000E+00
     1.841000E+00        53     -6.533167E+03      0.000000E+00
     1.841500E+00        53     -5.201690E+03      0.000000E+00
     1.842000E+00        53     -4.464237E+03      0.000000E+00
     1.842500E+00        53     -2.443127E+03      0.000000E+00
     1.843000E+00        53     -2.442742E+02      0.000000E+00
     1.843500E+00        53      2.044669E+05      2.440409E+03
     1.844000E+00        53      1.876604E+05      4.540839E+03
     1.844500E+00        53      2.149481E+05      7.621526E+03
     1.845000E+00        53      1.868920E+05      8.566104E+03
     1.845500E+00        53      1.708481E+05      9.469793E+03
     1.846000E+00        53      1.916971E+05      1.233070E+04
     1.846500E+00        53      1.602069E+05      1.163025E+04
     1.847000E+00        53      1.428791E+05      1.147399E+04
     1.847500E+00        53      1.457284E+05      1.275274E+04
     1.848000E+00        53      1.190208E+05      1.121860E+04
     1.848500E+00        53      1.189286E+05      1.196295E+04
     1.849000E+00        53      9.649161E+04      1.028052E+04
     1.849500E+00        53      8.072429E+04      9.053366E+03
     1.850000E+00        53      7.683614E+04      9.023960E+03
     1.850500E+00        53      6.112969E+04      7.485128E+03
     1.851000E+00        53      6.633168E+04      8.436216E+03
     1.851500E+00        53      5.196402E+04      6.842200E+03
     1.852000E+00        53      4.975844E+04      6.763868E+03
     1.852500E+00        53      5.217022E+04      7.303089E+03
     1.853000E+00        53      4.842929E+04      6.966175E+03
     1.853500E+00        53      5.783023E+04      8.530946E+03
     1.854000E+00        53      4.892245E+04      7.388414E+03
     1.854500E+00        53      4.862490E+04      7.506288E+03
     1.855000E+00        53      5.284397E+04      8.326751E+03
     1.855500E+00        53      4.947425E+04      7.947336E+03
     1.856000E+00        53      4.512849E+04      7.381677E+03
     1.856500E+00        53      4.580575E+04      7.621326E+03
     1.857000E+00        53      3.989875E+04      6.746213E+03
     1.857500E+00        53      3.825528E+04      6.567516E+03
     1.858000E+00        53      3.119661E+04      5.433455E+03
     1.858500E+00        53      2.765918E+04      4.883649E+03
     1.859000E+00        53      2.269723E+04      4.059915E+03
     1.859500E+00        53      1.838702E+04      3.329807E+03
     1.860000E+00        53      1.501209E+04      2.750788E+03
     1.860500E+00        53      1.098044E+04      2.034731E+03
     1.861000E+00        53      8.651138E+03      1.620358E+03
     1.861500E+00        53      5.949567E+03      1.125817E+03
     1.862000E+00        53      4.166681E+03      7.962054E+02
     1.862500E+00        53      2.428828E+03      4.684943E+02
     1.863000E+00        53      1.467755E+03      2.856704E+02
     1.863500E+00        53      7.560120E+02      1.484180E+02
     1.864000E+00        53      2.167089E+02      4.289750E+01
     1.864500E+00        53      1.372789E+01      2.739156E+00
