     1.123500E+00        54     -3.979843E+01      0.000000E+00
     1.124000E+00        54     -1.874937E+02      0.000000E+00
     1.124500E+00        54     -4.268452E+02      0.000000E+00
     1.125000E+00        54     -8.971945E+02      0.000000E+00
     1.125500E+00        54     -1.220954E+03      0.000000E+00
     1.126000E+00        54     -1.931087E+03      0.000000E+00
     1.126500E+00        54     -2.210193E+03      0.000000E+00
     1.127000E+00        54     -2.562600E+03      0.000000E+00
     1.127500E+00        54     -3.300771E+03      0.000000E+00
     1.128000E+00        54     -3.325235E+03      0.000000E+00
     1.128500E+00        54     -3.446662E+03      0.000000E+00
     1.129000E+00        54     -4.250297E+03      0.000000E+00
     1.129500E+00        54     -3.969991E+03      0.000000E+00
     1.130000E+00        54     -4.445522E+03      0.000000E+00
     1.130500E+00        54     -3.921692E+03      0.000000E+00
     1.131000E+00        54     -4.287265E+03      0.000000E+00
     1.131500E+00        54     -4.814889E+03      0.000000E+00
     1.132000E+00        54     -4.817313E+03      0.000000E+00
     1.132500E+00        54     -5.972612E+03      0.000000E+00
     1.133000E+00        54     -5.821685E+03      0.000000E+00
     1.133500E+00        54     -6.609235E+03      0.000000E+00
     1.134000E+00        54     -8.457644E+03      0.000000E+00
     1.134500E+00        54     -8.587714E+03      0.000000E+00
     1.135000E+00        54     -1.093431E+04      0.000000E+00
     1.135500E+00        54     -1.078676E+04      0.000000E+00
     1.136000E+00        54     -1.131109E+04      0.000000E+00
     1.136500E+00        54     -1.291088E+04      0.000000E+00
     1.137000E+00        54     -1.225762E+04      0.000000E+00
     1.137500E+00        54     -1.246351E+04      0.000000E+00
     1.138000E+00        54     -1.294885E+04      0.000000E+00
     1.138500E+00        54     -1.263399E+04      0.000000E+00
     1.139000E+00        54     -1.203010E+04      0.000000E+00
     1.139500E+00        54     -1.074490E+04      0.000000E+00
     1.140000E+00        54     -1.034984E+04      0.000000E+00
     1.140500E+00        54     -8.807283E+03      0.000000E+00
     1.141000E+00        54     -8.037425E+03      0.000000E+00
     1.141500E+00        54     -6.835964E+03      0.000000E+00
     1.142000E+00        54     -5.771699E+03      0.000000E+00
     1.142500E+00        54     -4.685401E+03      0.000000E+00
     1.143000E+00        54     -3.415105E+03      0.000000E+00
     1.143500E+00        54     -2.686293E+03      0.000000E+00
     1.144000E+00        54     -1.481001E+03      0.000000E+00
     1.144500E+00        54     -5.296037E+02      0.000000E+00
     1.145000E+00        54      9.480521E+04      7.477334E+02
     1.145500E+00        54      8.409238E+04      1.722903E+03
     1.146000E+00        54      9.857183E+04      3.158947E+03
     1.146500E+00        54      1.125097E+05      4.802821E+03
     1.147000E+00        54      9.457213E+04      4.966558E+03
     1.147500E+00        54      1.112398E+05      6.854708E+03
     1.148000E+00        54      9.700471E+04      6.798061E+03
     1.148500E+00        54      1.223522E+05      9.538422E+03
     1.149000E+00        54      1.237411E+05      1.055704E+04
     1.149500E+00        54      1.085297E+05      1.000650E+04
     1.150000E+00        54      1.213291E+05      1.197005E+04
     1.150500E+00        54      1.091004E+05      1.142560E+04
     1.151000E+00        54      1.195881E+05      1.320713E+04
     1.151500E+00        54      1.171246E+05      1.356615E+04
     1.152000E+00        54      1.003063E+05      1.212872E+04
     1.152500E+00        54      1.068677E+05      1.343684E+04
     1.153000E+00        54      8.737763E+04      1.138509E+04
     1.153500E+00        54      9.490143E+04      1.277646E+04
     1.154000E+00        54      9.028630E+04      1.252671E+04
     1.154500E+00        54      7.119010E+04      1.015599E+04
     1.155000E+00        54      7.608382E+04      1.113792E+04
     1.155500E+00        54      6.708289E+04      1.005891E+04
     1.156000E+00        54      5.575182E+04      8.549193E+03
     1.156500E+00        54      5.387292E+04      8.435945E+03
     1.157000E+00        54      3.953349E+04      6.313303E+03
     1.157500E+00        54      4.417426E+04      7.185774E+03
     1.158000E+00        54      3.989072E+04      6.602675E+03
     1.158500E+00        54      3.131446E+04      5.268767E+03
     1.159000E+00        54      3.215963E+04      5.495401E+03
     1.159500E+00        54      2.309049E+04      4.003930E+03
     1.160000E+00        54      2.567770E+04      4.514854E+03
     1.160500E+00        54      2.292612E+04      4.084580E+03
     1.161000E+00        54      1.770823E+04      3.194767E+03
     1.161500E+00        54      1.747000E+04      3.189648E+03
     1.162000E+00        54      1.259005E+04      2.324986E+03
     1.162500E+00        54      1.225651E+04      2.288114E+03
     1.163000E+00        54      9.785353E+03      1.845842E+03
     1.163500E+00        54      6.674232E+03      1.271541E+03
     1.164000E+00        54      5.147637E+03      9.900667E+02
     1.164500E+00        54      3.280566E+03      6.367382E+02
     1.165000E+00        54      1.628584E+03      3.188722E+02
     1.165500E+00        54      6.711951E+02      1.325251E+02
     1.166000E+00        54      9.064330E+01      1.804203E+01
     1.213500E+00        54     -4.110240E+01      0.000000E+00
     1.214000E+00        54     -1.891986E+02      0.000000E+00
     1.214500E+00        54     -4.287806E+02      0.000000E+00
     1.215000E+00        54     -8.992988E+02      0.000000E+00
     1.215500E+00        54     -1.213467E+03      0.000000E+00
     1.216000E+00        54     -1.935316E+03      0.000000E+00
     1.216500E+00        54     -2.186209E+03      0.000000E+00
     1.217000E+00        54     -2.549082E+03      0.000000E+00
     1.217500E+00        54     -3.283781E+03      0.000000E+00
     1.218000E+00        54     -3.262344E+03      0.000000E+00
     1.218500E+00        54     -3.449563E+03      0.000000E+00
     1.219000E+00        54     -4.160249E+03      0.000000E+00
     1.219500E+00        54     -3.949305E+03      0.000000E+00
     1.220000E+00        54     -4.402250E+03      0.000000E+00
     1.220500E+00        54     -3.828268E+03      0.000000E+00
     1.221000E+00        54     -4.310949E+03      0.000000E+00
     1.221500E+00        54     -4.689791E+03      0.000000E+00
     1.222000E+00        54     -4.842346E+03      0.000000E+00
     1.222500E+00        54     -5.904814E+03      0.000000E+00
     1.223000E+00        54     -5.759333E+03      0.000000E+00
     1.223500E+00        54     -6.605377E+03      0.000000E+00
     1.224000E+00        54     -8.318000E+03      0.000000E+00
     1.224500E+00        54     -8.573332E+03      0.000000E+00
     1.225000E+00        54     -1.077354E+04      0.000000E+00
     1.225500E+00        54     -1.067072E+04      0.000000E+00
     1.226000E+00        54     -1.115726E+04      0.000000E+00
     1.226500E+00        54     -1.268228E+04      0.000000E+00
     1.227000E+00        54     -1.209074E+04      0.000000E+00
     1.227500E+00        54     -1.219650E+04      0.000000E+00
     1.228000E+00        54     -1.273897E+04      0.000000E+00
     1.228500E+00        54     -1.240075E+04      0.000000E+00
     1.229000E+00        54     -1.178674E+04      0.000000E+00
     1.229500E+00        54     -1.055135E+04      0.000000E+00
     1.230000E+00        54     -1.015107E+04      0.000000E+00
     1.230500E+00        54     -8.639865E+03      0.000000E+00
     1.231000E+00        54     -7.919923E+03      0.000000E+00
     1.231500E+00        54     -6.717612E+03      0.000000E+00
     1.232000E+00        54     -5.702772E+03      0.000000E+00
     1.232500E+00        54     -4.631176E+03      0.000000E+00
     1.233000E+00        54     -3.370692E+03      0.000000E+00
     1.233500E+00        54     -2.664000E+03      0.000000E+00
     1.234000E+00        54     -1.458763E+03      0.000000E+00
     1.234500E+00        54     -5.100860E+02      0.000000E+00
     1.235000E+00        54      9.455467E+04      7.636754E+02
     1.235500E+00        54      8.375398E+04      1.730501E+03
     1.236000E+00        54      9.797703E+04      3.155509E+03
     1.236500E+00        54      1.119503E+05      4.795403E+03
     1.237000E+00        54      9.378954E+04      4.938218E+03
     1.237500E+00        54      1.098488E+05      6.782856E+03
     1.238000E+00        54      9.624663E+04      6.756236E+03
     1.238500E+00        54      1.204290E+05      9.401676E+03
     1.239000E+00        54      1.223562E+05      1.045142E+04
     1.239500E+00        54      1.070883E+05      9.883872E+03
     1.240000E+00        54      1.189698E+05      1.174800E+04
     1.240500E+00        54      1.080589E+05      1.132569E+04
     1.241000E+00        54      1.173627E+05      1.297073E+04
     1.241500E+00        54      1.156345E+05      1.340227E+04
     1.242000E+00        54      9.919382E+04      1.200128E+04
     1.242500E+00        54      1.051428E+05      1.322705E+04
     1.243000E+00        54      8.674380E+04      1.130805E+04
     1.243500E+00        54      9.389171E+04      1.264623E+04
     1.244000E+00        54      8.939985E+04      1.240889E+04
     1.244500E+00        54      7.094423E+04      1.012481E+04
     1.245000E+00        54      7.533942E+04      1.103290E+04
     1.245500E+00        54      6.680646E+04      1.002080E+04
     1.246000E+00        54      5.556094E+04      8.522578E+03
     1.246500E+00        54      5.326939E+04      8.343872E+03
     1.247000E+00        54      3.954278E+04      6.316517E+03
     1.247500E+00        54      4.364990E+04      7.102307E+03
     1.248000E+00        54      3.953888E+04      6.546029E+03
     1.248500E+00        54      3.107983E+04      5.230488E+03
     1.249000E+00        54      3.157041E+04      5.395885E+03
     1.249500E+00        54      2.286802E+04      3.966167E+03
     1.250000E+00        54      2.522057E+04      4.435342E+03
     1.250500E+00        54      2.255127E+04      4.018538E+03
     1.251000E+00        54      1.743027E+04      3.145173E+03
     1.251500E+00        54      1.710102E+04      3.122804E+03
     1.252000E+00        54      1.237959E+04      2.286487E+03
     1.252500E+00        54      1.203227E+04      2.246594E+03
     1.253000E+00        54      9.626626E+03      1.816166E+03
     1.253500E+00        54      6.567505E+03      1.251383E+03
     1.254000E+00        54      5.059878E+03      9.733179E+02
     1.254500E+00        54      2.894388E+03      5.618553E+02
     1.255000E+00        54      1.701384E+03      3.331671E+02
     1.255500E+00        54      6.705832E+02      1.324199E+02
     1.256000E+00        54      8.711862E+01      1.734244E+01
     1.753500E+00        54     -5.009641E+01      0.000000E+00
     1.754000E+00        54     -2.062108E+02      0.000000E+00
     1.754500E+00        54     -5.431330E+02      0.000000E+00
     1.755000E+00        54     -8.477932E+02      0.000000E+00
     1.755500E+00        54     -1.210985E+03      0.000000E+00
     1.756000E+00        54     -1.946049E+03      0.000000E+00
     1.756500E+00        54     -2.226202E+03      0.000000E+00
     1.757000E+00        54     -2.568878E+03      0.000000E+00
     1.757500E+00        54     -3.335324E+03      0.000000E+00
     1.758000E+00        54     -3.360711E+03      0.000000E+00
     1.758500E+00        54     -4.059625E+03      0.000000E+00
     1.759000E+00        54     -3.962902E+03      0.000000E+00
     1.759500E+00        54     -3.874443E+03      0.000000E+00
     1.760000E+00        54     -4.343471E+03      0.000000E+00
     1.760500E+00        54     -3.966213E+03      0.000000E+00
     1.761000E+00        54     -4.962025E+03      0.000000E+00
     1.761500E+00        54     -4.435616E+03      0.000000E+00
     1.762000E+00        54     -4.809833E+03      0.000000E+00
     1.762500E+00        54     -5.732193E+03      0.000000E+00
     1.763000E+00        54     -5.965804E+03      0.000000E+00
     1.763500E+00        54     -8.063342E+03      0.000000E+00
     1.764000E+00        54     -7.639832E+03      0.000000E+00
     1.764500E+00        54     -8.552670E+03      0.000000E+00
     1.765000E+00        54     -1.041266E+04      0.000000E+00
     1.765500E+00        54     -1.092942E+04      0.000000E+00
     1.766000E+00        54     -1.121578E+04      0.000000E+00
     1.766500E+00        54     -1.273983E+04      0.000000E+00
     1.767000E+00        54     -1.251070E+04      0.000000E+00
     1.767500E+00        54     -1.346468E+04      0.000000E+00
     1.768000E+00        54     -1.244282E+04      0.000000E+00
     1.768500E+00        54     -1.246496E+04      0.000000E+00
     1.769000E+00        54     -1.167659E+04      0.000000E+00
     1.769500E+00        54     -1.082504E+04      0.000000E+00
     1.770000E+00        54     -1.018072E+04      0.000000E+00
     1.770500E+00        54     -8.718337E+03      0.000000E+00
     1.771000E+00        54     -8.056519E+03      0.000000E+00
     1.771500E+00        54     -6.698328E+03      0.000000E+00
     1.772000E+00        54     -5.745526E+03      0.000000E+00
     1.772500E+00        54     -4.277386E+03      0.000000E+00
     1.773000E+00        54     -3.488148E+03      0.000000E+00
     1.773500E+00        54     -2.654123E+03      0.000000E+00
     1.774000E+00        54     -1.400419E+03      0.000000E+00
     1.774500E+00        54     -4.079695E+02      0.000000E+00
     1.775000E+00        54      9.555626E+04      8.799203E+02
     1.775500E+00        54      8.486839E+04      1.841496E+03
     1.776000E+00        54      9.882733E+04      3.277054E+03
     1.776500E+00        54      9.128324E+04      3.990344E+03
     1.777000E+00        54      1.073846E+05      5.741337E+03
     1.777500E+00        54      1.143623E+05      7.147831E+03
     1.778000E+00        54      1.000726E+05      7.095059E+03
     1.778500E+00        54      1.241076E+05      9.770123E+03
     1.779000E+00        54      1.047346E+05      9.010332E+03
     1.779500E+00        54      1.210500E+05      1.124193E+04
     1.780000E+00        54      1.230165E+05      1.221386E+04
     1.780500E+00        54      1.129221E+05      1.189262E+04
     1.781000E+00        54      1.207793E+05      1.340600E+04
     1.781500E+00        54      1.006177E+05      1.170715E+04
     1.782000E+00        54      1.104865E+05      1.341465E+04
     1.782500E+00        54      1.073229E+05      1.354463E+04
     1.783000E+00        54      9.066067E+04      1.185337E+04
     1.783500E+00        54      9.528209E+04      1.286814E+04
     1.784000E+00        54      8.908610E+04      1.239614E+04
     1.784500E+00        54      7.267389E+04      1.039558E+04
     1.785000E+00        54      7.404361E+04      1.086637E+04
     1.785500E+00        54      5.667434E+04      8.517979E+03
     1.786000E+00        54      6.025060E+04      9.259166E+03
     1.786500E+00        54      5.348316E+04      8.391985E+03
     1.787000E+00        54      4.171067E+04      6.673733E+03
     1.787500E+00        54      4.315165E+04      7.032060E+03
     1.788000E+00        54      3.076933E+04      5.101550E+03
     1.788500E+00        54      3.586336E+04      6.043798E+03
     1.789000E+00        54      3.211270E+04      5.495694E+03
     1.789500E+00        54      2.481427E+04      4.309011E+03
     1.790000E+00        54      2.526602E+04      4.448518E+03
     1.790500E+00        54      1.824997E+04      3.255670E+03
     1.791000E+00        54      2.002129E+04      3.616514E+03
     1.791500E+00        54      1.740374E+04      3.181277E+03
     1.792000E+00        54      1.304038E+04      2.410841E+03
     1.792500E+00        54      1.205524E+04      2.252943E+03
     1.793000E+00        54      9.542821E+03      1.801930E+03
     1.793500E+00        54      6.579245E+03      1.254669E+03
     1.794000E+00        54      4.883841E+03      9.402088E+02
     1.794500E+00        54      2.796240E+03      5.432203E+02
     1.795000E+00        54      1.600496E+03      3.136424E+02
     1.795500E+00        54      5.985713E+02      1.182835E+02
     1.796000E+00        54      6.385207E+01      1.271950E+01
     1.843500E+00        54     -5.162668E+01      0.000000E+00
     1.844000E+00        54     -2.083302E+02      0.000000E+00
     1.844500E+00        54     -5.474581E+02      0.000000E+00
     1.845000E+00        54     -8.489215E+02      0.000000E+00
     1.845500E+00        54     -1.210224E+03      0.000000E+00
     1.846000E+00        54     -1.948656E+03      0.000000E+00
     1.846500E+00        54     -2.208970E+03      0.000000E+00
     1.847000E+00        54     -2.566052E+03      0.000000E+00
     1.847500E+00        54     -3.306960E+03      0.000000E+00
     1.848000E+00        54     -3.333372E+03      0.000000E+00
     1.848500E+00        54     -4.034933E+03      0.000000E+00
     1.849000E+00        54     -3.906682E+03      0.000000E+00
     1.849500E+00        54     -3.852665E+03      0.000000E+00
     1.850000E+00        54     -4.279175E+03      0.000000E+00
     1.850500E+00        54     -3.939351E+03      0.000000E+00
     1.851000E+00        54     -4.911523E+03      0.000000E+00
     1.851500E+00        54     -4.395092E+03      0.000000E+00
     1.852000E+00        54     -4.783824E+03      0.000000E+00
     1.852500E+00        54     -5.678257E+03      0.000000E+00
     1.853000E+00        54     -5.947700E+03      0.000000E+00
     1.853500E+00        54     -7.992822E+03      0.000000E+00
     1.854000E+00        54     -7.594175E+03      0.000000E+00
     1.854500E+00        54     -8.465104E+03      0.000000E+00
     1.855000E+00        54     -1.030828E+04      0.000000E+00
     1.855500E+00        54     -1.081039E+04      0.000000E+00
     1.856000E+00        54     -1.104794E+04      0.000000E+00
     1.856500E+00        54     -1.257386E+04      0.000000E+00
     1.857000E+00        54     -1.229833E+04      0.000000E+00
     1.857500E+00        54     -1.326893E+04      0.000000E+00
     1.858000E+00        54     -1.221145E+04      0.000000E+00
     1.858500E+00        54     -1.226500E+04      0.000000E+00
     1.859000E+00        54     -1.145766E+04      0.000000E+00
     1.859500E+00        54     -1.063262E+04      0.000000E+00
     1.860000E+00        54     -1.002377E+04      0.000000E+00
     1.860500E+00        54     -8.552717E+03      0.000000E+00
     1.861000E+00        54     -7.965667E+03      0.000000E+00
     1.861500E+00        54     -6.591424E+03      0.000000E+00
     1.862000E+00        54     -5.691074E+03      0.000000E+00
     1.862500E+00        54     -4.236051E+03      0.000000E+00
     1.863000E+00        54     -3.451840E+03      0.000000E+00
     1.863500E+00        54     -2.637030E+03      0.000000E+00
     1.864000E+00        54     -1.380692E+03      0.000000E+00
     1.864500E+00        54     -3.895028E+02      0.000000E+00
     1.865000E+00        54      9.536621E+04      8.960790E+02
     1.865500E+00        54      8.480336E+04      1.854672E+03
     1.866000E+00        54      9.835760E+04      3.277032E+03
     1.866500E+00        54      9.094311E+04      3.988742E+03
     1.867000E+00        54      1.067274E+05      5.720607E+03
     1.867500E+00        54      1.131632E+05      7.087065E+03
     1.868000E+00        54      9.945824E+04      7.063094E+03
     1.868500E+00        54      1.222287E+05      9.635500E+03
     1.869000E+00        54      1.037131E+05      8.932997E+03
     1.869500E+00        54      1.193604E+05      1.109639E+04
     1.870000E+00        54      1.211357E+05      1.203796E+04
     1.870500E+00        54      1.118038E+05      1.178425E+04
     1.871000E+00        54      1.186891E+05      1.318341E+04
     1.871500E+00        54      9.949348E+04      1.158380E+04
     1.872000E+00        54      1.092001E+05      1.326621E+04
     1.872500E+00        54      1.059240E+05      1.337519E+04
     1.873000E+00        54      9.011520E+04      1.178779E+04
     1.873500E+00        54      9.424671E+04      1.273400E+04
     1.874000E+00        54      8.859703E+04      1.233318E+04
     1.874500E+00        54      7.234828E+04      1.035296E+04
     1.875000E+00        54      7.337904E+04      1.077267E+04
     1.875500E+00        54      5.672880E+04      8.528987E+03
     1.876000E+00        54      5.974066E+04      9.183640E+03
     1.876500E+00        54      5.331232E+04      8.367602E+03
     1.877000E+00        54      4.156712E+04      6.652575E+03
     1.877500E+00        54      4.266703E+04      6.954866E+03
     1.878000E+00        54      3.068256E+04      5.088391E+03
     1.878500E+00        54      3.538977E+04      5.965347E+03
     1.879000E+00        54      3.182571E+04      5.447754E+03
     1.879500E+00        54      2.449905E+04      4.255142E+03
     1.880000E+00        54      2.485492E+04      4.376983E+03
     1.880500E+00        54      1.798318E+04      3.208667E+03
     1.881000E+00        54      1.966969E+04      3.553626E+03
     1.881500E+00        54      1.714530E+04      3.134559E+03
     1.882000E+00        54      1.281123E+04      2.368855E+03
     1.882500E+00        54      1.185215E+04      2.215326E+03
     1.883000E+00        54      9.402656E+03      1.775722E+03
     1.883500E+00        54      6.469605E+03      1.233932E+03
     1.884000E+00        54      4.812098E+03      9.265207E+02
     1.884500E+00        54      2.750393E+03      5.343820E+02
     1.885000E+00        54      1.573088E+03      3.083093E+02
     1.885500E+00        54      5.850159E+02      1.156185E+02
     1.886000E+00        54      6.013983E+01      1.198137E+01
