     1.166500E+00        56     -7.620803E+00      0.000000E+00
     1.167000E+00        56     -9.682361E+01      0.000000E+00
     1.167500E+00        56     -2.494396E+02      0.000000E+00
     1.168000E+00        56     -5.116712E+02      0.000000E+00
     1.168500E+00        56     -7.633670E+02      0.000000E+00
     1.169000E+00        56     -1.153503E+03      0.000000E+00
     1.169500E+00        56     -1.614949E+03      0.000000E+00
     1.170000E+00        56     -1.892241E+03      0.000000E+00
     1.170500E+00        56     -2.456490E+03      0.000000E+00
     1.171000E+00        56     -2.838710E+03      0.000000E+00
     1.171500E+00        56     -3.512441E+03      0.000000E+00
     1.172000E+00        56     -4.196480E+03      0.000000E+00
     1.172500E+00        56     -4.611555E+03      0.000000E+00
     1.173000E+00        56     -5.320932E+03      0.000000E+00
     1.173500E+00        56     -6.222122E+03      0.000000E+00
     1.174000E+00        56     -6.442649E+03      0.000000E+00
     1.174500E+00        56     -7.220654E+03      0.000000E+00
     1.175000E+00        56     -7.490956E+03      0.000000E+00
     1.175500E+00        56     -8.205159E+03      0.000000E+00
     1.176000E+00        56     -8.862768E+03      0.000000E+00
     1.176500E+00        56     -8.451895E+03      0.000000E+00
     1.177000E+00        56     -9.019978E+03      0.000000E+00
     1.177500E+00        56     -8.129265E+03      0.000000E+00
     1.178000E+00        56     -9.072433E+03      0.000000E+00
     1.178500E+00        56     -9.306284E+03      0.000000E+00
     1.179000E+00        56     -7.828285E+03      0.000000E+00
     1.179500E+00        56     -8.756128E+03      0.000000E+00
     1.180000E+00        56     -6.747733E+03      0.000000E+00
     1.180500E+00        56     -8.743202E+03      0.000000E+00
     1.181000E+00        56     -9.073281E+03      0.000000E+00
     1.181500E+00        56     -7.355617E+03      0.000000E+00
     1.182000E+00        56     -9.037445E+03      0.000000E+00
     1.182500E+00        56     -9.671972E+03      0.000000E+00
     1.183000E+00        56     -8.008428E+03      0.000000E+00
     1.183500E+00        56     -9.213488E+03      0.000000E+00
     1.184000E+00        56     -7.523102E+03      0.000000E+00
     1.184500E+00        56     -8.927228E+03      0.000000E+00
     1.185000E+00        56     -8.645963E+03      0.000000E+00
     1.185500E+00        56     -6.662154E+03      0.000000E+00
     1.186000E+00        56     -6.609091E+03      0.000000E+00
     1.186500E+00        56     -4.252038E+03      0.000000E+00
     1.187000E+00        56     -3.532864E+03      0.000000E+00
     1.187500E+00        56     -1.683388E+03      0.000000E+00
     1.188000E+00        56      1.279159E+05      3.347523E+02
     1.188500E+00        56      1.530503E+05      2.397803E+03
     1.189000E+00        56      1.251020E+05      3.455240E+03
     1.189500E+00        56      1.388896E+05      5.362203E+03
     1.190000E+00        56      1.451891E+05      7.077055E+03
     1.190500E+00        56      1.169754E+05      6.798968E+03
     1.191000E+00        56      1.297846E+05      8.673152E+03
     1.191500E+00        56      1.417204E+05      1.061866E+04
     1.192000E+00        56      1.098865E+05      9.063722E+03
     1.192500E+00        56      1.269485E+05      1.136793E+04
     1.193000E+00        56      1.141242E+05      1.097509E+04
     1.193500E+00        56      1.272320E+05      1.302659E+04
     1.194000E+00        56      1.315568E+05      1.423881E+04
     1.194500E+00        56      1.209540E+05      1.375798E+04
     1.195000E+00        56      1.254433E+05      1.492146E+04
     1.195500E+00        56      1.218100E+05      1.508877E+04
     1.196000E+00        56      1.234791E+05      1.587105E+04
     1.196500E+00        56      1.188928E+05      1.580713E+04
     1.197000E+00        56      1.148736E+05      1.575506E+04
     1.197500E+00        56      1.077778E+05      1.521217E+04
     1.198000E+00        56      1.022843E+05      1.482563E+04
     1.198500E+00        56      9.312302E+04      1.383519E+04
     1.199000E+00        56      8.279270E+04      1.258674E+04
     1.199500E+00        56      7.508813E+04      1.166352E+04
     1.200000E+00        56      6.470495E+04      1.025512E+04
     1.200500E+00        56      5.703877E+04      9.212618E+03
     1.201000E+00        56      4.958526E+04      8.152456E+03
     1.201500E+00        56      4.214040E+04      7.045538E+03
     1.202000E+00        56      3.491338E+04      5.930367E+03
     1.202500E+00        56      3.037199E+04      5.236794E+03
     1.203000E+00        56      2.461740E+04      4.305222E+03
     1.203500E+00        56      2.213188E+04      3.922997E+03
     1.204000E+00        56      1.863358E+04      3.345425E+03
     1.204500E+00        56      1.509248E+04      2.742849E+03
     1.205000E+00        56      1.299104E+04      2.388481E+03
     1.205500E+00        56      1.058166E+04      1.967143E+03
     1.206000E+00        56      8.619840E+03      1.619458E+03
     1.206500E+00        56      6.493484E+03      1.232352E+03
     1.207000E+00        56      4.709912E+03      9.025432E+02
     1.207500E+00        56      3.150108E+03      6.092597E+02
     1.208000E+00        56      1.714804E+03      3.346170E+02
     1.208500E+00        56      7.783355E+02      1.531798E+02
     1.209000E+00        56      2.099086E+02      4.165052E+01
     1.209500E+00        56      8.604015E-03      1.720717E-03
     1.256500E+00        56     -8.271472E+00      0.000000E+00
     1.257000E+00        56     -9.927529E+01      0.000000E+00
     1.257500E+00        56     -2.539046E+02      0.000000E+00
     1.258000E+00        56     -5.183957E+02      0.000000E+00
     1.258500E+00        56     -7.701154E+02      0.000000E+00
     1.259000E+00        56     -1.162144E+03      0.000000E+00
     1.259500E+00        56     -1.625335E+03      0.000000E+00
     1.260000E+00        56     -1.891963E+03      0.000000E+00
     1.260500E+00        56     -2.466864E+03      0.000000E+00
     1.261000E+00        56     -2.829495E+03      0.000000E+00
     1.261500E+00        56     -3.500673E+03      0.000000E+00
     1.262000E+00        56     -4.189222E+03      0.000000E+00
     1.262500E+00        56     -4.560771E+03      0.000000E+00
     1.263000E+00        56     -5.298746E+03      0.000000E+00
     1.263500E+00        56     -5.718907E+03      0.000000E+00
     1.264000E+00        56     -6.618350E+03      0.000000E+00
     1.264500E+00        56     -7.244703E+03      0.000000E+00
     1.265000E+00        56     -7.501207E+03      0.000000E+00
     1.265500E+00        56     -8.134528E+03      0.000000E+00
     1.266000E+00        56     -8.792194E+03      0.000000E+00
     1.266500E+00        56     -8.374807E+03      0.000000E+00
     1.267000E+00        56     -8.859527E+03      0.000000E+00
     1.267500E+00        56     -8.037484E+03      0.000000E+00
     1.268000E+00        56     -8.885784E+03      0.000000E+00
     1.268500E+00        56     -9.135995E+03      0.000000E+00
     1.269000E+00        56     -7.687472E+03      0.000000E+00
     1.269500E+00        56     -8.518661E+03      0.000000E+00
     1.270000E+00        56     -6.612625E+03      0.000000E+00
     1.270500E+00        56     -8.540402E+03      0.000000E+00
     1.271000E+00        56     -8.888117E+03      0.000000E+00
     1.271500E+00        56     -7.235327E+03      0.000000E+00
     1.272000E+00        56     -8.858315E+03      0.000000E+00
     1.272500E+00        56     -6.881322E+03      0.000000E+00
     1.273000E+00        56     -9.335957E+03      0.000000E+00
     1.273500E+00        56     -9.590162E+03      0.000000E+00
     1.274000E+00        56     -7.931096E+03      0.000000E+00
     1.274500E+00        56     -9.037767E+03      0.000000E+00
     1.275000E+00        56     -8.789563E+03      0.000000E+00
     1.275500E+00        56     -6.795057E+03      0.000000E+00
     1.276000E+00        56     -6.618504E+03      0.000000E+00
     1.276500E+00        56     -4.308749E+03      0.000000E+00
     1.277000E+00        56     -3.526533E+03      0.000000E+00
     1.277500E+00        56     -1.662684E+03      0.000000E+00
     1.278000E+00        56      1.283785E+05      3.611758E+02
     1.278500E+00        56      1.534112E+05      2.431000E+03
     1.279000E+00        56      1.246985E+05      3.464643E+03
     1.279500E+00        56      1.383212E+05      5.361246E+03
     1.280000E+00        56      1.450437E+05      7.090305E+03
     1.280500E+00        56      1.149691E+05      6.697292E+03
     1.281000E+00        56      1.290904E+05      8.642350E+03
     1.281500E+00        56      1.077835E+05      8.088007E+03
     1.282000E+00        56      1.247741E+05      1.030481E+04
     1.282500E+00        56      1.329377E+05      1.191732E+04
     1.283000E+00        56      1.161565E+05      1.118126E+04
     1.283500E+00        56      1.279010E+05      1.310618E+04
     1.284000E+00        56      1.332191E+05      1.442961E+04
     1.284500E+00        56      1.194692E+05      1.359830E+04
     1.285000E+00        56      1.263380E+05      1.503709E+04
     1.285500E+00        56      1.206842E+05      1.495762E+04
     1.286000E+00        56      1.225889E+05      1.576463E+04
     1.286500E+00        56      1.192110E+05      1.585684E+04
     1.287000E+00        56      1.129004E+05      1.549108E+04
     1.287500E+00        56      1.083727E+05      1.530220E+04
     1.288000E+00        56      1.010421E+05      1.465097E+04
     1.288500E+00        56      9.272209E+04      1.378035E+04
     1.289000E+00        56      8.282991E+04      1.259643E+04
     1.289500E+00        56      7.402242E+04      1.150142E+04
     1.290000E+00        56      6.492663E+04      1.029315E+04
     1.290500E+00        56      5.637347E+04      9.107564E+03
     1.291000E+00        56      4.920739E+04      8.092339E+03
     1.291500E+00        56      4.208614E+04      7.038114E+03
     1.292000E+00        56      3.423979E+04      5.817240E+03
     1.292500E+00        56      3.031075E+04      5.227332E+03
     1.293000E+00        56      2.425953E+04      4.243480E+03
     1.293500E+00        56      2.176992E+04      3.859566E+03
     1.294000E+00        56      1.860042E+04      3.340071E+03
     1.294500E+00        56      1.471324E+04      2.674385E+03
     1.295000E+00        56      1.294531E+04      2.380460E+03
     1.295500E+00        56      1.045016E+04      1.943000E+03
     1.296000E+00        56      8.478503E+03      1.593141E+03
     1.296500E+00        56      6.486195E+03      1.231144E+03
     1.297000E+00        56      4.634743E+03      8.882597E+02
     1.297500E+00        56      3.140207E+03      6.074239E+02
     1.298000E+00        56      1.706284E+03      3.329960E+02
     1.298500E+00        56      7.678947E+02      1.511432E+02
     1.299000E+00        56      2.053643E+02      4.075353E+01
     1.796500E+00        56     -1.213733E+01      0.000000E+00
     1.797000E+00        56     -1.006284E+02      0.000000E+00
     1.797500E+00        56     -2.852823E+02      0.000000E+00
     1.798000E+00        56     -5.546745E+02      0.000000E+00
     1.798500E+00        56     -7.968477E+02      0.000000E+00
     1.799000E+00        56     -1.201777E+03      0.000000E+00
     1.799500E+00        56     -1.515562E+03      0.000000E+00
     1.800000E+00        56     -2.028561E+03      0.000000E+00
     1.800500E+00        56     -2.587505E+03      0.000000E+00
     1.801000E+00        56     -2.926300E+03      0.000000E+00
     1.801500E+00        56     -3.557997E+03      0.000000E+00
     1.802000E+00        56     -4.347177E+03      0.000000E+00
     1.802500E+00        56     -4.612801E+03      0.000000E+00
     1.803000E+00        56     -5.410499E+03      0.000000E+00
     1.803500E+00        56     -5.882630E+03      0.000000E+00
     1.804000E+00        56     -6.640241E+03      0.000000E+00
     1.804500E+00        56     -7.472071E+03      0.000000E+00
     1.805000E+00        56     -7.583559E+03      0.000000E+00
     1.805500E+00        56     -8.244491E+03      0.000000E+00
     1.806000E+00        56     -8.127098E+03      0.000000E+00
     1.806500E+00        56     -8.888117E+03      0.000000E+00
     1.807000E+00        56     -9.292877E+03      0.000000E+00
     1.807500E+00        56     -8.435354E+03      0.000000E+00
     1.808000E+00        56     -9.044419E+03      0.000000E+00
     1.808500E+00        56     -7.545859E+03      0.000000E+00
     1.809000E+00        56     -8.905835E+03      0.000000E+00
     1.809500E+00        56     -9.091764E+03      0.000000E+00
     1.810000E+00        56     -7.398293E+03      0.000000E+00
     1.810500E+00        56     -8.717189E+03      0.000000E+00
     1.811000E+00        56     -9.313895E+03      0.000000E+00
     1.811500E+00        56     -7.530451E+03      0.000000E+00
     1.812000E+00        56     -8.879791E+03      0.000000E+00
     1.812500E+00        56     -7.157850E+03      0.000000E+00
     1.813000E+00        56     -9.280442E+03      0.000000E+00
     1.813500E+00        56     -9.588652E+03      0.000000E+00
     1.814000E+00        56     -7.937877E+03      0.000000E+00
     1.814500E+00        56     -8.855519E+03      0.000000E+00
     1.815000E+00        56     -6.884154E+03      0.000000E+00
     1.815500E+00        56     -7.532697E+03      0.000000E+00
     1.816000E+00        56     -6.707515E+03      0.000000E+00
     1.816500E+00        56     -4.286534E+03      0.000000E+00
     1.817000E+00        56     -3.401120E+03      0.000000E+00
     1.817500E+00        56     -1.217182E+03      0.000000E+00
     1.818000E+00        56      1.459020E+05      5.816119E+02
     1.818500E+00        56      1.598051E+05      2.703713E+03
     1.819000E+00        56      1.271183E+05      3.657018E+03
     1.819500E+00        56      1.415003E+05      5.612778E+03
     1.820000E+00        56      1.465597E+05      7.287227E+03
     1.820500E+00        56      1.158811E+05      6.840428E+03
     1.821000E+00        56      1.307271E+05      8.846303E+03
     1.821500E+00        56      1.081108E+05      8.185296E+03
     1.822000E+00        56      1.252931E+05      1.042640E+04
     1.822500E+00        56      1.336793E+05      1.206245E+04
     1.823000E+00        56      1.160283E+05      1.123296E+04
     1.823500E+00        56      1.282984E+05      1.321347E+04
     1.824000E+00        56      1.169107E+05      1.272029E+04
     1.824500E+00        56      1.277358E+05      1.459811E+04
     1.825000E+00        56      1.291602E+05      1.542927E+04
     1.825500E+00        56      1.240541E+05      1.542644E+04
     1.826000E+00        56      1.224084E+05      1.578926E+04
     1.826500E+00        56      1.205926E+05      1.608534E+04
     1.827000E+00        56      1.132791E+05      1.558298E+04
     1.827500E+00        56      1.073160E+05      1.518901E+04
     1.828000E+00        56      1.019741E+05      1.481871E+04
     1.828500E+00        56      9.111584E+04      1.356941E+04
     1.829000E+00        56      8.260599E+04      1.258643E+04
     1.829500E+00        56      7.363277E+04      1.146137E+04
     1.830000E+00        56      6.363349E+04      1.010509E+04
     1.830500E+00        56      5.653801E+04      9.148568E+03
     1.831000E+00        56      4.836716E+04      7.965988E+03
     1.831500E+00        56      4.162445E+04      6.970671E+03
     1.832000E+00        56      3.437926E+04      5.848681E+03
     1.832500E+00        56      2.961243E+04      5.113313E+03
     1.833000E+00        56      2.443715E+04      4.279637E+03
     1.833500E+00        56      2.161434E+04      3.836316E+03
     1.834000E+00        56      1.827487E+04      3.285140E+03
     1.834500E+00        56      1.492758E+04      2.716123E+03
     1.835000E+00        56      1.259915E+04      2.319068E+03
     1.835500E+00        56      1.043582E+04      1.942140E+03
     1.836000E+00        56      8.386700E+03      1.577294E+03
     1.836500E+00        56      6.277064E+03      1.192463E+03
     1.837000E+00        56      4.574678E+03      8.774631E+02
     1.837500E+00        56      2.986158E+03      5.780772E+02
     1.838000E+00        56      1.615802E+03      3.155743E+02
     1.838500E+00        56      7.049478E+02      1.388534E+02
     1.839000E+00        56      1.704601E+02      3.385038E+01
     1.886500E+00        56     -1.283671E+01      0.000000E+00
     1.887000E+00        56     -1.024781E+02      0.000000E+00
     1.887500E+00        56     -2.885963E+02      0.000000E+00
     1.888000E+00        56     -5.596303E+02      0.000000E+00
     1.888500E+00        56     -8.031329E+02      0.000000E+00
     1.889000E+00        56     -1.209510E+03      0.000000E+00
     1.889500E+00        56     -1.525191E+03      0.000000E+00
     1.890000E+00        56     -2.036102E+03      0.000000E+00
     1.890500E+00        56     -2.600111E+03      0.000000E+00
     1.891000E+00        56     -2.928354E+03      0.000000E+00
     1.891500E+00        56     -3.565355E+03      0.000000E+00
     1.892000E+00        56     -4.343073E+03      0.000000E+00
     1.892500E+00        56     -4.599867E+03      0.000000E+00
     1.893000E+00        56     -5.398665E+03      0.000000E+00
     1.893500E+00        56     -5.840775E+03      0.000000E+00
     1.894000E+00        56     -6.605668E+03      0.000000E+00
     1.894500E+00        56     -7.398829E+03      0.000000E+00
     1.895000E+00        56     -7.514218E+03      0.000000E+00
     1.895500E+00        56     -8.147619E+03      0.000000E+00
     1.896000E+00        56     -8.019940E+03      0.000000E+00
     1.896500E+00        56     -8.779536E+03      0.000000E+00
     1.897000E+00        56     -9.136500E+03      0.000000E+00
     1.897500E+00        56     -8.321118E+03      0.000000E+00
     1.898000E+00        56     -8.863265E+03      0.000000E+00
     1.898500E+00        56     -7.399958E+03      0.000000E+00
     1.899000E+00        56     -8.756282E+03      0.000000E+00
     1.899500E+00        56     -8.884093E+03      0.000000E+00
     1.900000E+00        56     -7.288796E+03      0.000000E+00
     1.900500E+00        56     -8.509907E+03      0.000000E+00
     1.901000E+00        56     -9.183048E+03      0.000000E+00
     1.901500E+00        56     -7.417313E+03      0.000000E+00
     1.902000E+00        56     -8.717252E+03      0.000000E+00
     1.902500E+00        56     -7.115728E+03      0.000000E+00
     1.903000E+00        56     -9.174052E+03      0.000000E+00
     1.903500E+00        56     -9.536509E+03      0.000000E+00
     1.904000E+00        56     -7.930545E+03      0.000000E+00
     1.904500E+00        56     -8.811019E+03      0.000000E+00
     1.905000E+00        56     -6.908233E+03      0.000000E+00
     1.905500E+00        56     -7.532215E+03      0.000000E+00
     1.906000E+00        56     -6.705216E+03      0.000000E+00
     1.906500E+00        56     -4.300368E+03      0.000000E+00
     1.907000E+00        56     -3.388623E+03      0.000000E+00
     1.907500E+00        56     -1.202481E+03      0.000000E+00
     1.908000E+00        56      1.466572E+05      6.131604E+02
     1.908500E+00        56      1.606377E+05      2.746388E+03
     1.909000E+00        56      1.273930E+05      3.685733E+03
     1.909500E+00        56      1.421029E+05      5.658070E+03
     1.910000E+00        56      1.466754E+05      7.313388E+03
     1.910500E+00        56      1.152576E+05      6.818483E+03
     1.911000E+00        56      1.311232E+05      8.888822E+03
     1.911500E+00        56      1.065173E+05      8.076552E+03
     1.912000E+00        56      1.248632E+05      1.040366E+04
     1.912500E+00        56      1.329876E+05      1.201303E+04
     1.913000E+00        56      1.136915E+05      1.101715E+04
     1.913500E+00        56      1.284845E+05      1.324372E+04
     1.914000E+00        56      1.144321E+05      1.245991E+04
     1.914500E+00        56      1.267264E+05      1.449247E+04
     1.915000E+00        56      1.287388E+05      1.538825E+04
     1.915500E+00        56      1.215091E+05      1.511829E+04
     1.916000E+00        56      1.230270E+05      1.587705E+04
     1.916500E+00        56      1.189491E+05      1.587345E+04
     1.917000E+00        56      1.127395E+05      1.551536E+04
     1.917500E+00        56      1.078654E+05      1.527278E+04
     1.918000E+00        56      1.004745E+05      1.460612E+04
     1.918500E+00        56      9.214983E+04      1.372807E+04
     1.919000E+00        56      8.206778E+04      1.250840E+04
     1.919500E+00        56      7.344155E+04      1.143501E+04
     1.920000E+00        56      6.435632E+04      1.022272E+04
     1.920500E+00        56      5.562605E+04      9.003362E+03
     1.921000E+00        56      4.895150E+04      8.064218E+03
     1.921500E+00        56      4.130904E+04      6.919463E+03
     1.922000E+00        56      3.403069E+04      5.790657E+03
     1.922500E+00        56      2.985484E+04      5.156247E+03
     1.923000E+00        56      2.383077E+04      4.174269E+03
     1.923500E+00        56      2.164454E+04      3.842396E+03
     1.924000E+00        56      1.809318E+04      3.253061E+03
     1.924500E+00        56      1.461179E+04      2.659115E+03
     1.925000E+00        56      1.261984E+04      2.323254E+03
     1.925500E+00        56      1.020866E+04      1.900161E+03
     1.926000E+00        56      8.305982E+03      1.562344E+03
     1.926500E+00        56      6.245895E+03      1.186710E+03
     1.927000E+00        56      4.489315E+03      8.612064E+02
     1.927500E+00        56      2.987424E+03      5.783973E+02
     1.928000E+00        56      1.598260E+03      3.121871E+02
     1.928500E+00        56      6.959225E+02      1.370921E+02
     1.929000E+00        56      1.661341E+02      3.299511E+01
