     1.300000E-01         8     -2.765975E+01      0.000000E+00
     1.305000E-01         8     -1.282933E+02      0.000000E+00
     1.310000E-01         8     -3.167418E+02      0.000000E+00
     1.315000E-01         8     -5.529250E+02      0.000000E+00
     1.320000E-01         8     -8.467790E+02      0.000000E+00
     1.325000E-01         8     -1.220507E+03      0.000000E+00
     1.330000E-01         8     -1.540139E+03      0.000000E+00
     1.335000E-01         8     -2.045600E+03      0.000000E+00
     1.340000E-01         8     -2.194901E+03      0.000000E+00
     1.345000E-01         8     -2.749309E+03      0.000000E+00
     1.350000E-01         8     -2.978295E+03      0.000000E+00
     1.355000E-01         8     -3.558944E+03      0.000000E+00
     1.360000E-01         8     -4.068198E+03      0.000000E+00
     1.365000E-01         8     -3.963171E+03      0.000000E+00
     1.370000E-01         8     -4.934825E+03      0.000000E+00
     1.375000E-01         8     -5.471799E+03      0.000000E+00
     1.380000E-01         8     -5.546256E+03      0.000000E+00
     1.385000E-01         8     -6.360063E+03      0.000000E+00
     1.390000E-01         8     -6.409666E+03      0.000000E+00
     1.395000E-01         8     -8.168028E+03      0.000000E+00
     1.400000E-01         8     -9.284341E+03      0.000000E+00
     1.405000E-01         8     -9.495729E+03      0.000000E+00
     1.410000E-01         8     -1.096108E+04      0.000000E+00
     1.415000E-01         8     -1.109598E+04      0.000000E+00
     1.420000E-01         8     -1.309862E+04      0.000000E+00
     1.425000E-01         8     -1.369551E+04      0.000000E+00
     1.430000E-01         8     -1.398424E+04      0.000000E+00
     1.435000E-01         8     -1.466484E+04      0.000000E+00
     1.440000E-01         8     -1.409654E+04      0.000000E+00
     1.445000E-01         8     -1.500939E+04      0.000000E+00
     1.450000E-01         8     -1.442242E+04      0.000000E+00
     1.455000E-01         8     -1.351525E+04      0.000000E+00
     1.460000E-01         8     -1.315037E+04      0.000000E+00
     1.465000E-01         8     -1.232422E+04      0.000000E+00
     1.470000E-01         8     -1.072198E+04      0.000000E+00
     1.475000E-01         8     -9.887592E+03      0.000000E+00
     1.480000E-01         8     -8.086203E+03      0.000000E+00
     1.485000E-01         8     -7.502746E+03      0.000000E+00
     1.490000E-01         8     -6.345716E+03      0.000000E+00
     1.495000E-01         8     -4.594345E+03      0.000000E+00
     1.500000E-01         8     -3.618574E+03      0.000000E+00
     1.505000E-01         8     -2.003841E+03      0.000000E+00
     1.510000E-01         8     -6.323565E+02      0.000000E+00
     1.515000E-01         8      1.288921E+05      1.086106E+03
     1.520000E-01         8      1.224075E+05      2.568371E+03
     1.525000E-01         8      1.329069E+05      4.319624E+03
     1.530000E-01         8      1.333557E+05      5.748524E+03
     1.535000E-01         8      1.401084E+05      7.412208E+03
     1.540000E-01         8      1.450138E+05      8.988005E+03
     1.545000E-01         8      1.480428E+05      1.042429E+04
     1.550000E-01         8      1.479044E+05      1.157655E+04
     1.555000E-01         8      1.496737E+05      1.281313E+04
     1.560000E-01         8      1.515109E+05      1.401078E+04
     1.565000E-01         8      1.458799E+05      1.442958E+04
     1.570000E-01         8      1.502796E+05      1.577438E+04
     1.575000E-01         8      1.374010E+05      1.520559E+04
     1.580000E-01         8      1.317884E+05      1.529289E+04
     1.585000E-01         8      1.310066E+05      1.586750E+04
     1.590000E-01         8      1.168275E+05      1.471155E+04
     1.595000E-01         8      1.183020E+05      1.543602E+04
     1.600000E-01         8      1.003401E+05      1.352602E+04
     1.605000E-01         8      9.210151E+04      1.279372E+04
     1.610000E-01         8      8.932523E+04      1.275714E+04
     1.615000E-01         8      7.540413E+04      1.104968E+04
     1.620000E-01         8      7.541055E+04      1.131837E+04
     1.625000E-01         8      6.076646E+04      9.326428E+03
     1.630000E-01         8      5.439899E+04      8.525402E+03
     1.635000E-01         8      5.203582E+04      8.316346E+03
     1.640000E-01         8      4.272072E+04      6.954427E+03
     1.645000E-01         8      3.834518E+04      6.351247E+03
     1.650000E-01         8      3.540536E+04      5.960965E+03
     1.655000E-01         8      3.014802E+04      5.154841E+03
     1.660000E-01         8      2.873609E+04      4.985801E+03
     1.665000E-01         8      2.293317E+04      4.034527E+03
     1.670000E-01         8      2.026676E+04      3.612685E+03
     1.675000E-01         8      1.855048E+04      3.348396E+03
     1.680000E-01         8      1.498986E+04      2.738134E+03
     1.685000E-01         8      1.394304E+04      2.576016E+03
     1.690000E-01         8      1.045810E+04      1.953226E+03
     1.695000E-01         8      8.251434E+03      1.557142E+03
     1.700000E-01         8      6.952187E+03      1.325023E+03
     1.705000E-01         8      4.554151E+03      8.762530E+02
     1.710000E-01         8      3.284537E+03      6.377420E+02
     1.715000E-01         8      1.677187E+03      3.285038E+02
     1.720000E-01         8      6.041631E+02      1.193301E+02
     1.725000E-01         8      9.840160E+01      1.959262E+01
     2.200000E-01         8     -2.859956E+01      0.000000E+00
     2.205000E-01         8     -1.295700E+02      0.000000E+00
     2.210000E-01         8     -3.189987E+02      0.000000E+00
     2.215000E-01         8     -5.518718E+02      0.000000E+00
     2.220000E-01         8     -8.455670E+02      0.000000E+00
     2.225000E-01         8     -1.216320E+03      0.000000E+00
     2.230000E-01         8     -1.523005E+03      0.000000E+00
     2.235000E-01         8     -2.039059E+03      0.000000E+00
     2.240000E-01         8     -2.159164E+03      0.000000E+00
     2.245000E-01         8     -2.720362E+03      0.000000E+00
     2.250000E-01         8     -2.940792E+03      0.000000E+00
     2.255000E-01         8     -3.487656E+03      0.000000E+00
     2.260000E-01         8     -4.035891E+03      0.000000E+00
     2.265000E-01         8     -3.872777E+03      0.000000E+00
     2.270000E-01         8     -4.869276E+03      0.000000E+00
     2.275000E-01         8     -5.420061E+03      0.000000E+00
     2.280000E-01         8     -5.429879E+03      0.000000E+00
     2.285000E-01         8     -6.364539E+03      0.000000E+00
     2.290000E-01         8     -6.302820E+03      0.000000E+00
     2.295000E-01         8     -8.164033E+03      0.000000E+00
     2.300000E-01         8     -9.309128E+03      0.000000E+00
     2.305000E-01         8     -9.424269E+03      0.000000E+00
     2.310000E-01         8     -1.111481E+04      0.000000E+00
     2.315000E-01         8     -1.106223E+04      0.000000E+00
     2.320000E-01         8     -1.322760E+04      0.000000E+00
     2.325000E-01         8     -1.384147E+04      0.000000E+00
     2.330000E-01         8     -1.400161E+04      0.000000E+00
     2.335000E-01         8     -1.491793E+04      0.000000E+00
     2.340000E-01         8     -1.413005E+04      0.000000E+00
     2.345000E-01         8     -1.514445E+04      0.000000E+00
     2.350000E-01         8     -1.456106E+04      0.000000E+00
     2.355000E-01         8     -1.348984E+04      0.000000E+00
     2.360000E-01         8     -1.327415E+04      0.000000E+00
     2.365000E-01         8     -1.227183E+04      0.000000E+00
     2.370000E-01         8     -1.069195E+04      0.000000E+00
     2.375000E-01         8     -9.852715E+03      0.000000E+00
     2.380000E-01         8     -7.954569E+03      0.000000E+00
     2.385000E-01         8     -7.424112E+03      0.000000E+00
     2.390000E-01         8     -6.214846E+03      0.000000E+00
     2.395000E-01         8     -4.483255E+03      0.000000E+00
     2.400000E-01         8     -3.524284E+03      0.000000E+00
     2.405000E-01         8     -1.933071E+03      0.000000E+00
     2.410000E-01         8     -5.945132E+02      0.000000E+00
     2.415000E-01         8      1.260668E+05      1.086100E+03
     2.420000E-01         8      1.197408E+05      2.533122E+03
     2.425000E-01         8      1.302255E+05      4.253169E+03
     2.430000E-01         8      1.312284E+05      5.676057E+03
     2.435000E-01         8      1.379795E+05      7.318294E+03
     2.440000E-01         8      1.435663E+05      8.916351E+03
     2.445000E-01         8      1.468001E+05      1.035397E+04
     2.450000E-01         8      1.471217E+05      1.153136E+04
     2.455000E-01         8      1.493659E+05      1.280203E+04
     2.460000E-01         8      1.511995E+05      1.399644E+04
     2.465000E-01         8      1.464846E+05      1.450255E+04
     2.470000E-01         8      1.503011E+05      1.578933E+04
     2.475000E-01         8      1.383258E+05      1.531896E+04
     2.480000E-01         8      1.324388E+05      1.537832E+04
     2.485000E-01         8      1.314380E+05      1.592909E+04
     2.490000E-01         8      1.179637E+05      1.486258E+04
     2.495000E-01         8      1.182404E+05      1.543552E+04
     2.500000E-01         8      1.010899E+05      1.363322E+04
     2.505000E-01         8      9.223311E+04      1.281731E+04
     2.510000E-01         8      8.915573E+04      1.273782E+04
     2.515000E-01         8      7.567719E+04      1.109365E+04
     2.520000E-01         8      7.479040E+04      1.122902E+04
     2.525000E-01         8      6.056192E+04      9.297923E+03
     2.530000E-01         8      5.403829E+04      8.471336E+03
     2.535000E-01         8      5.125968E+04      8.194541E+03
     2.540000E-01         8      4.251002E+04      6.921906E+03
     2.545000E-01         8      4.153931E+04      6.881968E+03
     2.550000E-01         8      3.310823E+04      5.575486E+03
     2.555000E-01         8      2.932669E+04      5.015490E+03
     2.560000E-01         8      2.748868E+04      4.770349E+03
     2.565000E-01         8      2.268537E+04      3.991708E+03
     2.570000E-01         8      1.975715E+04      3.522494E+03
     2.575000E-01         8      1.814235E+04      3.275305E+03
     2.580000E-01         8      1.493108E+04      2.727855E+03
     2.585000E-01         8      1.364517E+04      2.521386E+03
     2.590000E-01         8      1.039577E+04      1.941881E+03
     2.595000E-01         8      8.185450E+03      1.544915E+03
     2.600000E-01         8      6.851312E+03      1.305979E+03
     2.605000E-01         8      4.535765E+03      8.728321E+02
     2.610000E-01         8      3.239357E+03      6.290502E+02
     2.615000E-01         8      1.652555E+03      3.237190E+02
     2.620000E-01         8      5.929294E+02      1.171251E+02
     2.625000E-01         8      9.306326E+01      1.853182E+01
     7.600000E-01         8     -3.499916E+01      0.000000E+00
     7.605000E-01         8     -1.432694E+02      0.000000E+00
     7.610000E-01         8     -3.402480E+02      0.000000E+00
     7.615000E-01         8     -5.802516E+02      0.000000E+00
     7.620000E-01         8     -8.825178E+02      0.000000E+00
     7.625000E-01         8     -1.259578E+03      0.000000E+00
     7.630000E-01         8     -1.572708E+03      0.000000E+00
     7.635000E-01         8     -1.871559E+03      0.000000E+00
     7.640000E-01         8     -2.375571E+03      0.000000E+00
     7.645000E-01         8     -2.861187E+03      0.000000E+00
     7.650000E-01         8     -3.099948E+03      0.000000E+00
     7.655000E-01         8     -3.595497E+03      0.000000E+00
     7.660000E-01         8     -4.187465E+03      0.000000E+00
     7.665000E-01         8     -4.021438E+03      0.000000E+00
     7.670000E-01         8     -4.949190E+03      0.000000E+00
     7.675000E-01         8     -4.561627E+03      0.000000E+00
     7.680000E-01         8     -6.086942E+03      0.000000E+00
     7.685000E-01         8     -6.661876E+03      0.000000E+00
     7.690000E-01         8     -6.779374E+03      0.000000E+00
     7.695000E-01         8     -8.145075E+03      0.000000E+00
     7.700000E-01         8     -8.164674E+03      0.000000E+00
     7.705000E-01         8     -1.030114E+04      0.000000E+00
     7.710000E-01         8     -1.123935E+04      0.000000E+00
     7.715000E-01         8     -1.173005E+04      0.000000E+00
     7.720000E-01         8     -1.297259E+04      0.000000E+00
     7.725000E-01         8     -1.295086E+04      0.000000E+00
     7.730000E-01         8     -1.463507E+04      0.000000E+00
     7.735000E-01         8     -1.472086E+04      0.000000E+00
     7.740000E-01         8     -1.459853E+04      0.000000E+00
     7.745000E-01         8     -1.479431E+04      0.000000E+00
     7.750000E-01         8     -1.454658E+04      0.000000E+00
     7.755000E-01         8     -1.352704E+04      0.000000E+00
     7.760000E-01         8     -1.290576E+04      0.000000E+00
     7.765000E-01         8     -1.141083E+04      0.000000E+00
     7.770000E-01         8     -1.099692E+04      0.000000E+00
     7.775000E-01         8     -9.920829E+03      0.000000E+00
     7.780000E-01         8     -8.108813E+03      0.000000E+00
     7.785000E-01         8     -7.348131E+03      0.000000E+00
     7.790000E-01         8     -5.528368E+03      0.000000E+00
     7.795000E-01         8     -4.808941E+03      0.000000E+00
     7.800000E-01         8     -3.552319E+03      0.000000E+00
     7.805000E-01         8     -1.891733E+03      0.000000E+00
     7.810000E-01         8     -4.690091E+02      0.000000E+00
     7.815000E-01         8      1.181920E+05      1.151540E+03
     7.820000E-01         8      1.289899E+05      2.862018E+03
     7.825000E-01         8      1.355981E+05      4.557397E+03
     7.830000E-01         8      1.340639E+05      5.916132E+03
     7.835000E-01         8      1.405580E+05      7.568983E+03
     7.840000E-01         8      1.461457E+05      9.186479E+03
     7.845000E-01         8      1.468315E+05      1.045896E+04
     7.850000E-01         8      1.482940E+05      1.172007E+04
     7.855000E-01         8      1.539483E+05      1.328877E+04
     7.860000E-01         8      1.470186E+05      1.369353E+04
     7.865000E-01         8      1.463068E+05      1.456355E+04
     7.870000E-01         8      1.470268E+05      1.551967E+04
     7.875000E-01         8      1.366116E+05      1.519419E+04
     7.880000E-01         8      1.403513E+05      1.636021E+04
     7.885000E-01         8      1.232489E+05      1.498905E+04
     7.890000E-01         8      1.166680E+05      1.474632E+04
     7.895000E-01         8      1.139143E+05      1.491430E+04
     7.900000E-01         8      9.935401E+04      1.343517E+04
     7.905000E-01         8      9.994410E+04      1.392337E+04
     7.910000E-01         8      8.224890E+04      1.177805E+04
     7.915000E-01         8      7.523354E+04      1.105218E+04
     7.920000E-01         8      7.161748E+04      1.077404E+04
     7.925000E-01         8      6.019646E+04      9.259000E+03
     7.930000E-01         8      5.401404E+04      8.482282E+03
     7.935000E-01         8      5.008600E+04      8.020002E+03
     7.940000E-01         8      4.346924E+04      7.088980E+03
     7.945000E-01         8      4.108554E+04      6.816657E+03
     7.950000E-01         8      3.339219E+04      5.631002E+03
     7.955000E-01         8      2.973120E+04      5.091254E+03
     7.960000E-01         8      2.734848E+04      4.751841E+03
     7.965000E-01         8      2.303770E+04      4.058423E+03
     7.970000E-01         8      2.166903E+04      3.867635E+03
     7.975000E-01         8      1.725201E+04      3.117846E+03
     7.980000E-01         8      1.470118E+04      2.688546E+03
     7.985000E-01         8      1.328963E+04      2.458038E+03
     7.990000E-01         8      1.025545E+04      1.917419E+03
     7.995000E-01         8      8.991907E+03      1.698607E+03
     8.000000E-01         8      6.260524E+03      1.194362E+03
     8.005000E-01         8      4.291774E+03      8.265413E+02
     8.010000E-01         8      3.060745E+03      5.948220E+02
     8.015000E-01         8      1.536754E+03      3.012566E+02
     8.020000E-01         8      5.288395E+02      1.045389E+02
     8.025000E-01         8      6.657290E+01      1.326577E+01
     8.500000E-01         8     -3.603292E+01      0.000000E+00
     8.505000E-01         8     -1.449104E+02      0.000000E+00
     8.510000E-01         8     -3.429463E+02      0.000000E+00
     8.515000E-01         8     -5.786661E+02      0.000000E+00
     8.520000E-01         8     -8.857465E+02      0.000000E+00
     8.525000E-01         8     -1.251504E+03      0.000000E+00
     8.530000E-01         8     -1.561157E+03      0.000000E+00
     8.535000E-01         8     -1.867371E+03      0.000000E+00
     8.540000E-01         8     -2.331495E+03      0.000000E+00
     8.545000E-01         8     -2.853298E+03      0.000000E+00
     8.550000E-01         8     -3.047593E+03      0.000000E+00
     8.555000E-01         8     -3.534209E+03      0.000000E+00
     8.560000E-01         8     -4.166801E+03      0.000000E+00
     8.565000E-01         8     -3.901223E+03      0.000000E+00
     8.570000E-01         8     -4.936618E+03      0.000000E+00
     8.575000E-01         8     -4.460564E+03      0.000000E+00
     8.580000E-01         8     -6.017254E+03      0.000000E+00
     8.585000E-01         8     -6.669461E+03      0.000000E+00
     8.590000E-01         8     -6.648189E+03      0.000000E+00
     8.595000E-01         8     -8.217768E+03      0.000000E+00
     8.600000E-01         8     -8.099814E+03      0.000000E+00
     8.605000E-01         8     -1.031818E+04      0.000000E+00
     8.610000E-01         8     -1.135894E+04      0.000000E+00
     8.615000E-01         8     -1.168551E+04      0.000000E+00
     8.620000E-01         8     -1.318168E+04      0.000000E+00
     8.625000E-01         8     -1.299903E+04      0.000000E+00
     8.630000E-01         8     -1.474660E+04      0.000000E+00
     8.635000E-01         8     -1.494213E+04      0.000000E+00
     8.640000E-01         8     -1.460217E+04      0.000000E+00
     8.645000E-01         8     -1.502874E+04      0.000000E+00
     8.650000E-01         8     -1.458751E+04      0.000000E+00
     8.655000E-01         8     -1.358874E+04      0.000000E+00
     8.660000E-01         8     -1.301276E+04      0.000000E+00
     8.665000E-01         8     -1.133093E+04      0.000000E+00
     8.670000E-01         8     -1.103961E+04      0.000000E+00
     8.675000E-01         8     -9.820002E+03      0.000000E+00
     8.680000E-01         8     -8.030500E+03      0.000000E+00
     8.685000E-01         8     -7.257096E+03      0.000000E+00
     8.690000E-01         8     -5.400381E+03      0.000000E+00
     8.695000E-01         8     -4.714870E+03      0.000000E+00
     8.700000E-01         8     -3.453811E+03      0.000000E+00
     8.705000E-01         8     -1.829217E+03      0.000000E+00
     8.710000E-01         8     -4.345447E+02      0.000000E+00
     8.715000E-01         8      1.155338E+05      1.147258E+03
     8.720000E-01         8      1.262622E+05      2.823137E+03
     8.725000E-01         8      1.333427E+05      4.502608E+03
     8.730000E-01         8      1.317347E+05      5.832501E+03
     8.735000E-01         8      1.388432E+05      7.495326E+03
     8.740000E-01         8      1.446919E+05      9.113163E+03
     8.745000E-01         8      1.455050E+05      1.038138E+04
     8.750000E-01         8      1.481922E+05      1.172810E+04
     8.755000E-01         8      1.528687E+05      1.321109E+04
     8.760000E-01         8      1.478227E+05      1.378247E+04
     8.765000E-01         8      1.462416E+05      1.457011E+04
     8.770000E-01         8      1.474476E+05      1.557648E+04
     8.775000E-01         8      1.380140E+05      1.536109E+04
     8.780000E-01         8      1.399616E+05      1.632524E+04
     8.785000E-01         8      1.251651E+05      1.523095E+04
     8.790000E-01         8      1.165094E+05      1.473408E+04
     8.795000E-01         8      1.146992E+05      1.502434E+04
     8.800000E-01         8      1.000963E+05      1.354157E+04
     8.805000E-01         8      9.936371E+04      1.384821E+04
     8.810000E-01         8      8.326096E+04      1.192753E+04
     8.815000E-01         8      7.443407E+04      1.093861E+04
     8.820000E-01         8      7.174908E+04      1.079740E+04
     8.825000E-01         8      5.992899E+04      9.220705E+03
     8.830000E-01         8      5.325100E+04      8.364874E+03
     8.835000E-01         8      5.005098E+04      8.016570E+03
     8.840000E-01         8      4.265040E+04      6.957220E+03
     8.845000E-01         8      4.077117E+04      6.766128E+03
     8.850000E-01         8      3.297648E+04      5.562165E+03
     8.855000E-01         8      2.923342E+04      5.007090E+03
     8.860000E-01         8      2.715157E+04      4.718589E+03
     8.865000E-01         8      2.264247E+04      3.989568E+03
     8.870000E-01         8      2.149081E+04      3.836530E+03
     8.875000E-01         8      1.704703E+04      3.081339E+03
     8.880000E-01         8      1.454496E+04      2.660420E+03
     8.885000E-01         8      1.319679E+04      2.441253E+03
     8.890000E-01         8      1.013794E+04      1.895736E+03
     8.895000E-01         8      8.936817E+03      1.688445E+03
     8.900000E-01         8      6.184642E+03      1.180050E+03
     8.905000E-01         8      4.255290E+03      8.196239E+02
     8.910000E-01         8      3.020280E+03      5.870329E+02
     8.915000E-01         8      1.511879E+03      2.964165E+02
     8.920000E-01         8      5.163586E+02      1.020838E+02
     8.925000E-01         8      6.223247E+01      1.240227E+01
