     2.380000E-01        13     -1.898929E+01      0.000000E+00
     2.385000E-01        13     -8.887578E+01      0.000000E+00
     2.390000E-01        13     -2.101172E+02      0.000000E+00
     2.395000E-01        13     -3.211914E+02      0.000000E+00
     2.400000E-01        13     -5.682000E+02      0.000000E+00
     2.405000E-01        13     -7.627427E+02      0.000000E+00
     2.410000E-01        13     -1.186200E+03      0.000000E+00
     2.415000E-01        13     -1.801044E+03      0.000000E+00
     2.420000E-01        13     -2.220558E+03      0.000000E+00
     2.425000E-01        13     -3.015972E+03      0.000000E+00
     2.430000E-01        13     -3.750332E+03      0.000000E+00
     2.435000E-01        13     -4.696088E+03      0.000000E+00
     2.440000E-01        13     -5.841609E+03      0.000000E+00
     2.445000E-01        13     -6.785767E+03      0.000000E+00
     2.450000E-01        13     -7.470973E+03      0.000000E+00
     2.455000E-01        13     -8.701708E+03      0.000000E+00
     2.460000E-01        13     -8.914782E+03      0.000000E+00
     2.465000E-01        13     -9.937216E+03      0.000000E+00
     2.470000E-01        13     -1.003494E+04      0.000000E+00
     2.475000E-01        13     -1.053715E+04      0.000000E+00
     2.480000E-01        13     -1.087462E+04      0.000000E+00
     2.485000E-01        13     -1.135349E+04      0.000000E+00
     2.490000E-01        13     -1.133753E+04      0.000000E+00
     2.495000E-01        13     -1.107743E+04      0.000000E+00
     2.500000E-01        13     -1.139343E+04      0.000000E+00
     2.505000E-01        13     -1.138377E+04      0.000000E+00
     2.510000E-01        13     -1.171518E+04      0.000000E+00
     2.515000E-01        13     -1.205745E+04      0.000000E+00
     2.520000E-01        13     -1.241445E+04      0.000000E+00
     2.525000E-01        13     -1.250834E+04      0.000000E+00
     2.530000E-01        13     -1.277175E+04      0.000000E+00
     2.535000E-01        13     -1.299228E+04      0.000000E+00
     2.540000E-01        13     -1.257048E+04      0.000000E+00
     2.545000E-01        13     -1.260399E+04      0.000000E+00
     2.550000E-01        13     -1.169826E+04      0.000000E+00
     2.555000E-01        13     -1.054295E+04      0.000000E+00
     2.560000E-01        13     -1.046687E+04      0.000000E+00
     2.565000E-01        13     -8.659780E+03      0.000000E+00
     2.570000E-01        13     -7.127996E+03      0.000000E+00
     2.575000E-01        13     -5.644995E+03      0.000000E+00
     2.580000E-01        13     -4.023730E+03      0.000000E+00
     2.585000E-01        13     -2.390094E+03      0.000000E+00
     2.590000E-01        13     -6.108573E+02      0.000000E+00
     2.595000E-01        13      1.267831E+05      1.097054E+03
     2.600000E-01        13      1.187702E+05      2.516693E+03
     2.605000E-01        13      1.080684E+05      3.532951E+03
     2.610000E-01        13      1.024212E+05      4.433054E+03
     2.615000E-01        13      1.065127E+05      5.652214E+03
     2.620000E-01        13      1.018015E+05      6.325062E+03
     2.625000E-01        13      9.229876E+04      6.512092E+03
     2.630000E-01        13      9.710698E+04      7.613336E+03
     2.635000E-01        13      9.152565E+04      7.846456E+03
     2.640000E-01        13      9.642872E+04      8.928190E+03
     2.645000E-01        13      9.955469E+04      9.858095E+03
     2.650000E-01        13      8.856773E+04      9.305654E+03
     2.655000E-01        13      9.657932E+04      1.069726E+04
     2.660000E-01        13      9.278974E+04      1.077580E+04
     2.665000E-01        13      8.650158E+04      1.048443E+04
     2.670000E-01        13      9.248525E+04      1.165372E+04
     2.675000E-01        13      8.343089E+04      1.089243E+04
     2.680000E-01        13      8.437816E+04      1.138046E+04
     2.685000E-01        13      8.482230E+04      1.178844E+04
     2.690000E-01        13      8.035516E+04      1.148135E+04
     2.695000E-01        13      7.976454E+04      1.169366E+04
     2.700000E-01        13      7.186004E+04      1.078977E+04
     2.705000E-01        13      7.388761E+04      1.134449E+04
     2.710000E-01        13      6.658879E+04      1.043943E+04
     2.715000E-01        13      6.421031E+04      1.026543E+04
     2.720000E-01        13      6.164209E+04      1.003770E+04
     2.725000E-01        13      5.653172E+04      9.366270E+03
     2.730000E-01        13      5.156729E+04      8.684421E+03
     2.735000E-01        13      4.487453E+04      7.674835E+03
     2.740000E-01        13      4.241860E+04      7.361569E+03
     2.745000E-01        13      3.467234E+04      6.101167E+03
     2.750000E-01        13      2.967734E+04      5.291354E+03
     2.755000E-01        13      2.680898E+04      4.840093E+03
     2.760000E-01        13      2.078855E+04      3.798120E+03
     2.765000E-01        13      1.763436E+04      3.258622E+03
     2.770000E-01        13      1.330602E+04      2.485578E+03
     2.775000E-01        13      9.415302E+03      1.777088E+03
     2.780000E-01        13      7.418669E+03      1.414167E+03
     2.785000E-01        13      4.472502E+03      8.606812E+02
     2.790000E-01        13      2.997018E+03      5.820054E+02
     2.795000E-01        13      1.442620E+03      2.826018E+02
     2.800000E-01        13      5.179153E+02      1.023095E+02
     2.805000E-01        13      7.531994E+01      1.499891E+01
     3.280000E-01        13     -1.984022E+01      0.000000E+00
     3.285000E-01        13     -9.203600E+01      0.000000E+00
     3.290000E-01        13     -2.141781E+02      0.000000E+00
     3.295000E-01        13     -3.269854E+02      0.000000E+00
     3.300000E-01        13     -5.892717E+02      0.000000E+00
     3.305000E-01        13     -7.641204E+02      0.000000E+00
     3.310000E-01        13     -1.228184E+03      0.000000E+00
     3.315000E-01        13     -1.835689E+03      0.000000E+00
     3.320000E-01        13     -2.237243E+03      0.000000E+00
     3.325000E-01        13     -3.134231E+03      0.000000E+00
     3.330000E-01        13     -3.761327E+03      0.000000E+00
     3.335000E-01        13     -4.815839E+03      0.000000E+00
     3.340000E-01        13     -5.976701E+03      0.000000E+00
     3.345000E-01        13     -6.809448E+03      0.000000E+00
     3.350000E-01        13     -7.719976E+03      0.000000E+00
     3.355000E-01        13     -8.407955E+03      0.000000E+00
     3.360000E-01        13     -9.249803E+03      0.000000E+00
     3.365000E-01        13     -1.024105E+04      0.000000E+00
     3.370000E-01        13     -1.011996E+04      0.000000E+00
     3.375000E-01        13     -1.081600E+04      0.000000E+00
     3.380000E-01        13     -1.097479E+04      0.000000E+00
     3.385000E-01        13     -1.144084E+04      0.000000E+00
     3.390000E-01        13     -1.153064E+04      0.000000E+00
     3.395000E-01        13     -1.104407E+04      0.000000E+00
     3.400000E-01        13     -1.150652E+04      0.000000E+00
     3.405000E-01        13     -1.144206E+04      0.000000E+00
     3.410000E-01        13     -1.167373E+04      0.000000E+00
     3.415000E-01        13     -1.217281E+04      0.000000E+00
     3.420000E-01        13     -1.240374E+04      0.000000E+00
     3.425000E-01        13     -1.252826E+04      0.000000E+00
     3.430000E-01        13     -1.290407E+04      0.000000E+00
     3.435000E-01        13     -1.297815E+04      0.000000E+00
     3.440000E-01        13     -1.270248E+04      0.000000E+00
     3.445000E-01        13     -1.272215E+04      0.000000E+00
     3.450000E-01        13     -1.173931E+04      0.000000E+00
     3.455000E-01        13     -1.075184E+04      0.000000E+00
     3.460000E-01        13     -1.052823E+04      0.000000E+00
     3.465000E-01        13     -8.792618E+03      0.000000E+00
     3.470000E-01        13     -7.253517E+03      0.000000E+00
     3.475000E-01        13     -5.697631E+03      0.000000E+00
     3.480000E-01        13     -4.102204E+03      0.000000E+00
     3.485000E-01        13     -2.408680E+03      0.000000E+00
     3.490000E-01        13     -5.999666E+02      0.000000E+00
     3.495000E-01        13      1.294866E+05      1.144858E+03
     3.500000E-01        13      1.217329E+05      2.600487E+03
     3.505000E-01        13      1.100670E+05      3.615755E+03
     3.510000E-01        13      1.050671E+05      4.562951E+03
     3.515000E-01        13      1.088851E+05      5.792851E+03
     3.520000E-01        13      1.028831E+05      6.405188E+03
     3.525000E-01        13      9.530527E+04      6.735359E+03
     3.530000E-01        13      9.759806E+04      7.662483E+03
     3.535000E-01        13      9.302867E+04      7.984797E+03
     3.540000E-01        13      9.817087E+04      9.098874E+03
     3.545000E-01        13      9.908501E+04      9.820477E+03
     3.550000E-01        13      9.059032E+04      9.525810E+03
     3.555000E-01        13      9.636542E+04      1.068123E+04
     3.560000E-01        13      9.288054E+04      1.079332E+04
     3.565000E-01        13      8.783836E+04      1.065269E+04
     3.570000E-01        13      9.140548E+04      1.152381E+04
     3.575000E-01        13      8.464228E+04      1.105598E+04
     3.580000E-01        13      8.433548E+04      1.137981E+04
     3.585000E-01        13      8.467892E+04      1.177339E+04
     3.590000E-01        13      8.154445E+04      1.165575E+04
     3.595000E-01        13      7.924635E+04      1.162183E+04
     3.600000E-01        13      7.281905E+04      1.093740E+04
     3.605000E-01        13      7.422529E+04      1.139987E+04
     3.610000E-01        13      6.686912E+04      1.048642E+04
     3.615000E-01        13      6.508336E+04      1.040785E+04
     3.620000E-01        13      6.185472E+04      1.007491E+04
     3.625000E-01        13      5.720202E+04      9.479618E+03
     3.630000E-01        13      5.202324E+04      8.763209E+03
     3.635000E-01        13      4.529873E+04      7.749060E+03
     3.640000E-01        13      4.284736E+04      7.437501E+03
     3.645000E-01        13      3.500724E+04      6.161295E+03
     3.650000E-01        13      2.996981E+04      5.344488E+03
     3.655000E-01        13      2.703005E+04      4.880862E+03
     3.660000E-01        13      2.098184E+04      3.834077E+03
     3.665000E-01        13      1.773320E+04      3.277409E+03
     3.670000E-01        13      1.341241E+04      2.505834E+03
     3.675000E-01        13      9.461407E+03      1.786050E+03
     3.680000E-01        13      7.445384E+03      1.419457E+03
     3.685000E-01        13      4.491489E+03      8.644504E+02
     3.690000E-01        13      2.991032E+03      5.809174E+02
     3.695000E-01        13      1.439019E+03      2.819310E+02
     3.700000E-01        13      5.113212E+02      1.010188E+02
     3.705000E-01        13      7.189192E+01      1.431789E+01
     8.680000E-01        13     -2.392527E+01      0.000000E+00
     8.685000E-01        13     -9.919185E+01      0.000000E+00
     8.690000E-01        13     -1.895418E+02      0.000000E+00
     8.695000E-01        13     -3.737347E+02      0.000000E+00
     8.700000E-01        13     -6.188560E+02      0.000000E+00
     8.705000E-01        13     -8.074406E+02      0.000000E+00
     8.710000E-01        13     -1.230610E+03      0.000000E+00
     8.715000E-01        13     -1.655417E+03      0.000000E+00
     8.720000E-01        13     -2.416512E+03      0.000000E+00
     8.725000E-01        13     -3.167647E+03      0.000000E+00
     8.730000E-01        13     -3.914868E+03      0.000000E+00
     8.735000E-01        13     -4.750911E+03      0.000000E+00
     8.740000E-01        13     -6.029920E+03      0.000000E+00
     8.745000E-01        13     -6.863580E+03      0.000000E+00
     8.750000E-01        13     -7.523554E+03      0.000000E+00
     8.755000E-01        13     -8.547264E+03      0.000000E+00
     8.760000E-01        13     -9.036137E+03      0.000000E+00
     8.765000E-01        13     -1.016129E+04      0.000000E+00
     8.770000E-01        13     -1.016746E+04      0.000000E+00
     8.775000E-01        13     -1.046380E+04      0.000000E+00
     8.780000E-01        13     -1.062001E+04      0.000000E+00
     8.785000E-01        13     -1.147738E+04      0.000000E+00
     8.790000E-01        13     -1.149443E+04      0.000000E+00
     8.795000E-01        13     -1.128573E+04      0.000000E+00
     8.800000E-01        13     -1.121878E+04      0.000000E+00
     8.805000E-01        13     -1.162493E+04      0.000000E+00
     8.810000E-01        13     -1.159901E+04      0.000000E+00
     8.815000E-01        13     -1.202211E+04      0.000000E+00
     8.820000E-01        13     -1.253239E+04      0.000000E+00
     8.825000E-01        13     -1.228510E+04      0.000000E+00
     8.830000E-01        13     -1.287712E+04      0.000000E+00
     8.835000E-01        13     -1.289206E+04      0.000000E+00
     8.840000E-01        13     -1.244064E+04      0.000000E+00
     8.845000E-01        13     -1.265381E+04      0.000000E+00
     8.850000E-01        13     -1.148777E+04      0.000000E+00
     8.855000E-01        13     -1.051402E+04      0.000000E+00
     8.860000E-01        13     -1.035437E+04      0.000000E+00
     8.865000E-01        13     -8.493771E+03      0.000000E+00
     8.870000E-01        13     -7.393261E+03      0.000000E+00
     8.875000E-01        13     -5.314352E+03      0.000000E+00
     8.880000E-01        13     -3.836875E+03      0.000000E+00
     8.885000E-01        13     -2.212917E+03      0.000000E+00
     8.890000E-01        13     -4.383237E+02      0.000000E+00
     8.895000E-01        13      1.263707E+05      1.259594E+03
     8.900000E-01        13      1.186373E+05      2.656713E+03
     8.905000E-01        13      1.077258E+05      3.640992E+03
     8.910000E-01        13      1.020358E+05      4.520561E+03
     8.915000E-01        13      1.070332E+05      5.780969E+03
     8.920000E-01        13      1.010990E+05      6.370065E+03
     8.925000E-01        13      9.273716E+04      6.618698E+03
     8.930000E-01        13      9.724489E+04      7.698176E+03
     8.935000E-01        13      9.086999E+04      7.854930E+03
     8.940000E-01        13      9.724745E+04      9.068863E+03
     8.945000E-01        13      9.885812E+04      9.851040E+03
     8.950000E-01        13      8.850877E+04      9.351617E+03
     8.955000E-01        13      9.694983E+04      1.079214E+04
     8.960000E-01        13      8.647757E+04      1.008811E+04
     8.965000E-01        13      8.967752E+04      1.091384E+04
     8.970000E-01        13      9.260101E+04      1.171180E+04
     8.975000E-01        13      8.403889E+04      1.100924E+04
     8.980000E-01        13      8.473365E+04      1.146426E+04
     8.985000E-01        13      8.019799E+04      1.117803E+04
     8.990000E-01        13      8.271250E+04      1.184986E+04
     8.995000E-01        13      7.960745E+04      1.169970E+04
     9.000000E-01        13      7.252002E+04      1.091414E+04
     9.005000E-01        13      7.351172E+04      1.131125E+04
     9.010000E-01        13      6.623501E+04      1.040505E+04
     9.015000E-01        13      6.405447E+04      1.026004E+04
     9.020000E-01        13      6.076904E+04      9.913275E+03
     9.025000E-01        13      5.625649E+04      9.336424E+03
     9.030000E-01        13      5.076760E+04      8.563394E+03
     9.035000E-01        13      4.433792E+04      7.594510E+03
     9.040000E-01        13      4.185428E+04      7.274024E+03
     9.045000E-01        13      3.400203E+04      5.991337E+03
     9.050000E-01        13      3.167573E+04      5.654946E+03
     9.055000E-01        13      2.510894E+04      4.538731E+03
     9.060000E-01        13      2.008132E+04      3.673199E+03
     9.065000E-01        13      1.696040E+04      3.137578E+03
     9.070000E-01        13      1.286050E+04      2.404914E+03
     9.075000E-01        13      9.934706E+03      1.877032E+03
     9.080000E-01        13      6.743521E+03      1.286721E+03
     9.085000E-01        13      4.198755E+03      8.087561E+02
     9.090000E-01        13      2.784259E+03      5.411727E+02
     9.095000E-01        13      1.319549E+03      2.587149E+02
     9.100000E-01        13      4.503494E+02      8.903589E+01
     9.105000E-01        13      5.026545E+01      1.001760E+01
     9.580000E-01        13     -2.478426E+01      0.000000E+00
     9.585000E-01        13     -1.021035E+02      0.000000E+00
     9.590000E-01        13     -1.913270E+02      0.000000E+00
     9.595000E-01        13     -3.844478E+02      0.000000E+00
     9.600000E-01        13     -6.306664E+02      0.000000E+00
     9.605000E-01        13     -8.141142E+02      0.000000E+00
     9.610000E-01        13     -1.282200E+03      0.000000E+00
     9.615000E-01        13     -1.660235E+03      0.000000E+00
     9.620000E-01        13     -2.483811E+03      0.000000E+00
     9.625000E-01        13     -3.247558E+03      0.000000E+00
     9.630000E-01        13     -3.935461E+03      0.000000E+00
     9.635000E-01        13     -4.925786E+03      0.000000E+00
     9.640000E-01        13     -6.082838E+03      0.000000E+00
     9.645000E-01        13     -6.986019E+03      0.000000E+00
     9.650000E-01        13     -7.738394E+03      0.000000E+00
     9.655000E-01        13     -8.565108E+03      0.000000E+00
     9.660000E-01        13     -9.292689E+03      0.000000E+00
     9.665000E-01        13     -1.026572E+04      0.000000E+00
     9.670000E-01        13     -1.023202E+04      0.000000E+00
     9.675000E-01        13     -1.074254E+04      0.000000E+00
     9.680000E-01        13     -1.056157E+04      0.000000E+00
     9.685000E-01        13     -1.167383E+04      0.000000E+00
     9.690000E-01        13     -1.159015E+04      0.000000E+00
     9.695000E-01        13     -1.122055E+04      0.000000E+00
     9.700000E-01        13     -1.144625E+04      0.000000E+00
     9.705000E-01        13     -1.152378E+04      0.000000E+00
     9.710000E-01        13     -1.169136E+04      0.000000E+00
     9.715000E-01        13     -1.213361E+04      0.000000E+00
     9.720000E-01        13     -1.245713E+04      0.000000E+00
     9.725000E-01        13     -1.247125E+04      0.000000E+00
     9.730000E-01        13     -1.289639E+04      0.000000E+00
     9.735000E-01        13     -1.295123E+04      0.000000E+00
     9.740000E-01        13     -1.264138E+04      0.000000E+00
     9.745000E-01        13     -1.267588E+04      0.000000E+00
     9.750000E-01        13     -1.166557E+04      0.000000E+00
     9.755000E-01        13     -1.066676E+04      0.000000E+00
     9.760000E-01        13     -1.042829E+04      0.000000E+00
     9.765000E-01        13     -8.676934E+03      0.000000E+00
     9.770000E-01        13     -7.469879E+03      0.000000E+00
     9.775000E-01        13     -5.401295E+03      0.000000E+00
     9.780000E-01        13     -3.906385E+03      0.000000E+00
     9.785000E-01        13     -2.227701E+03      0.000000E+00
     9.790000E-01        13     -4.240171E+02      0.000000E+00
     9.795000E-01        13      1.290751E+05      1.310663E+03
     9.800000E-01        13      1.213848E+05      2.739017E+03
     9.805000E-01        13      1.096537E+05      3.723409E+03
     9.810000E-01        13      1.051430E+05      4.673488E+03
     9.815000E-01        13      1.085101E+05      5.875320E+03
     9.820000E-01        13      1.028415E+05      6.492691E+03
     9.825000E-01        13      9.553366E+04      6.829377E+03
     9.830000E-01        13      9.706941E+04      7.694799E+03
     9.835000E-01        13      9.358419E+04      8.099028E+03
     9.840000E-01        13      9.777125E+04      9.126993E+03
     9.845000E-01        13      9.898042E+04      9.872053E+03
     9.850000E-01        13      9.099795E+04      9.622253E+03
     9.855000E-01        13      9.550262E+04      1.063860E+04
     9.860000E-01        13      8.822266E+04      1.029827E+04
     9.865000E-01        13      8.989335E+04      1.094646E+04
     9.870000E-01        13      9.193717E+04      1.163399E+04
     9.875000E-01        13      8.590119E+04      1.125866E+04
     9.880000E-01        13      8.350047E+04      1.130244E+04
     9.885000E-01        13      8.124981E+04      1.132928E+04
     9.890000E-01        13      8.308138E+04      1.190724E+04
     9.895000E-01        13      7.930543E+04      1.165944E+04
     9.900000E-01        13      7.382597E+04      1.111435E+04
     9.905000E-01        13      7.324749E+04      1.127407E+04
     9.910000E-01        13      6.704604E+04      1.053550E+04
     9.915000E-01        13      6.459452E+04      1.034935E+04
     9.920000E-01        13      6.110812E+04      9.971133E+03
     9.925000E-01        13      5.698654E+04      9.459858E+03
     9.930000E-01        13      5.115295E+04      8.630354E+03
     9.935000E-01        13      4.486429E+04      7.686320E+03
     9.940000E-01        13      4.224293E+04      7.343063E+03
     9.945000E-01        13      3.439478E+04      6.061712E+03
     9.950000E-01        13      3.191812E+04      5.699264E+03
     9.955000E-01        13      2.538792E+04      4.589962E+03
     9.960000E-01        13      2.023623E+04      3.702150E+03
     9.965000E-01        13      1.707414E+04      3.159120E+03
     9.970000E-01        13      1.297268E+04      2.426260E+03
     9.975000E-01        13      9.955732E+03      1.881278E+03
     9.980000E-01        13      6.790454E+03      1.295856E+03
     9.985000E-01        13      4.205146E+03      8.100949E+02
     9.990000E-01        13      2.781481E+03      5.407016E+02
     9.995000E-01        13      1.315688E+03      2.579894E+02
     1.000000E+00        13      4.439773E+02      8.778643E+01
     1.000500E+00        13      4.742833E+01      9.453248E+00
