     4.105000E-01        21     -3.241422E+00      0.000000E+00
     4.110000E-01        21     -6.913075E+01      0.000000E+00
     4.115000E-01        21     -2.379697E+02      0.000000E+00
     4.120000E-01        21     -4.579516E+02      0.000000E+00
     4.125000E-01        21     -7.873737E+02      0.000000E+00
     4.130000E-01        21     -1.294567E+03      0.000000E+00
     4.135000E-01        21     -1.712392E+03      0.000000E+00
     4.140000E-01        21     -2.401965E+03      0.000000E+00
     4.145000E-01        21     -2.718032E+03      0.000000E+00
     4.150000E-01        21     -3.161800E+03      0.000000E+00
     4.155000E-01        21     -3.914394E+03      0.000000E+00
     4.160000E-01        21     -4.256568E+03      0.000000E+00
     4.165000E-01        21     -4.630145E+03      0.000000E+00
     4.170000E-01        21     -4.724881E+03      0.000000E+00
     4.175000E-01        21     -5.056000E+03      0.000000E+00
     4.180000E-01        21     -4.898236E+03      0.000000E+00
     4.185000E-01        21     -4.764344E+03      0.000000E+00
     4.190000E-01        21     -5.153686E+03      0.000000E+00
     4.195000E-01        21     -4.265135E+03      0.000000E+00
     4.200000E-01        21     -5.129176E+03      0.000000E+00
     4.205000E-01        21     -4.608667E+03      0.000000E+00
     4.210000E-01        21     -5.624827E+03      0.000000E+00
     4.215000E-01        21     -6.374282E+03      0.000000E+00
     4.220000E-01        21     -5.743336E+03      0.000000E+00
     4.225000E-01        21     -7.773587E+03      0.000000E+00
     4.230000E-01        21     -7.207039E+03      0.000000E+00
     4.235000E-01        21     -9.856212E+03      0.000000E+00
     4.240000E-01        21     -1.129740E+04      0.000000E+00
     4.245000E-01        21     -1.101601E+04      0.000000E+00
     4.250000E-01        21     -1.295991E+04      0.000000E+00
     4.255000E-01        21     -1.186864E+04      0.000000E+00
     4.260000E-01        21     -1.310111E+04      0.000000E+00
     4.265000E-01        21     -1.304930E+04      0.000000E+00
     4.270000E-01        21     -1.191096E+04      0.000000E+00
     4.275000E-01        21     -1.204390E+04      0.000000E+00
     4.280000E-01        21     -1.141966E+04      0.000000E+00
     4.285000E-01        21     -9.182163E+03      0.000000E+00
     4.290000E-01        21     -8.700451E+03      0.000000E+00
     4.295000E-01        21     -6.534217E+03      0.000000E+00
     4.300000E-01        21     -6.102485E+03      0.000000E+00
     4.305000E-01        21     -4.998389E+03      0.000000E+00
     4.310000E-01        21     -3.078396E+03      0.000000E+00
     4.315000E-01        21     -1.725233E+03      0.000000E+00
     4.320000E-01        21      1.307074E+05      1.250788E+02
     4.325000E-01        21      1.455593E+05      2.059604E+03
     4.330000E-01        21      1.556003E+05      4.080993E+03
     4.335000E-01        21      1.489846E+05      5.560997E+03
     4.340000E-01        21      1.569650E+05      7.465215E+03
     4.345000E-01        21      1.532856E+05      8.741267E+03
     4.350000E-01        21      1.553751E+05      1.022492E+04
     4.355000E-01        21      1.546286E+05      1.143900E+04
     4.360000E-01        21      1.445413E+05      1.179396E+04
     4.365000E-01        21      1.387432E+05      1.230895E+04
     4.370000E-01        21      1.328838E+05      1.267572E+04
     4.375000E-01        21      1.156424E+05      1.175539E+04
     4.380000E-01        21      1.084538E+05      1.166359E+04
     4.385000E-01        21      9.075969E+04      1.026454E+04
     4.390000E-01        21      8.577639E+04      1.015043E+04
     4.395000E-01        21      8.067771E+04      9.946782E+03
     4.400000E-01        21      6.377773E+04      8.162379E+03
     4.405000E-01        21      6.333936E+04      8.388052E+03
     4.410000E-01        21      4.961138E+04      6.779627E+03
     4.415000E-01        21      5.522710E+04      7.768869E+03
     4.420000E-01        21      5.566699E+04      8.043609E+03
     4.425000E-01        21      4.749603E+04      7.036048E+03
     4.430000E-01        21      5.178977E+04      7.852228E+03
     4.435000E-01        21      4.375998E+04      6.780141E+03
     4.440000E-01        21      5.068830E+04      8.014620E+03
     4.445000E-01        21      4.955846E+04      7.986648E+03
     4.450000E-01        21      4.349935E+04      7.136890E+03
     4.455000E-01        21      4.405433E+04      7.350990E+03
     4.460000E-01        21      4.167054E+04      7.064928E+03
     4.465000E-01        21      3.432783E+04      5.908414E+03
     4.470000E-01        21      3.193483E+04      5.575580E+03
     4.475000E-01        21      2.445896E+04      4.328589E+03
     4.480000E-01        21      2.348255E+04      4.209621E+03
     4.485000E-01        21      1.983354E+04      3.599281E+03
     4.490000E-01        21      1.392465E+04      2.556617E+03
     4.495000E-01        21      1.227067E+04      2.278144E+03
     4.500000E-01        21      7.693256E+03      1.443566E+03
     4.505000E-01        21      6.993839E+03      1.325722E+03
     4.510000E-01        21      5.140581E+03      9.839413E+02
     4.515000E-01        21      2.810982E+03      5.430721E+02
     4.520000E-01        21      1.967432E+03      3.835087E+02
     4.525000E-01        21      7.959367E+02      1.564853E+02
     4.530000E-01        21      2.789930E+02      5.530455E+01
     4.535000E-01        21      3.940399E+00      7.873034E-01
     5.005000E-01        21     -3.333408E+00      0.000000E+00
     5.010000E-01        21     -6.798594E+01      0.000000E+00
     5.015000E-01        21     -2.347651E+02      0.000000E+00
     5.020000E-01        21     -4.486777E+02      0.000000E+00
     5.025000E-01        21     -7.721030E+02      0.000000E+00
     5.030000E-01        21     -1.275301E+03      0.000000E+00
     5.035000E-01        21     -1.679837E+03      0.000000E+00
     5.040000E-01        21     -2.369936E+03      0.000000E+00
     5.045000E-01        21     -2.675857E+03      0.000000E+00
     5.050000E-01        21     -3.107120E+03      0.000000E+00
     5.055000E-01        21     -3.883154E+03      0.000000E+00
     5.060000E-01        21     -4.185067E+03      0.000000E+00
     5.065000E-01        21     -4.598440E+03      0.000000E+00
     5.070000E-01        21     -4.680595E+03      0.000000E+00
     5.075000E-01        21     -4.989360E+03      0.000000E+00
     5.080000E-01        21     -4.897089E+03      0.000000E+00
     5.085000E-01        21     -4.681644E+03      0.000000E+00
     5.090000E-01        21     -4.716797E+03      0.000000E+00
     5.095000E-01        21     -4.428394E+03      0.000000E+00
     5.100000E-01        21     -5.081117E+03      0.000000E+00
     5.105000E-01        21     -4.705741E+03      0.000000E+00
     5.110000E-01        21     -5.493305E+03      0.000000E+00
     5.115000E-01        21     -6.280146E+03      0.000000E+00
     5.120000E-01        21     -5.638719E+03      0.000000E+00
     5.125000E-01        21     -7.477148E+03      0.000000E+00
     5.130000E-01        21     -7.023362E+03      0.000000E+00
     5.135000E-01        21     -9.527842E+03      0.000000E+00
     5.140000E-01        21     -1.096990E+04      0.000000E+00
     5.145000E-01        21     -1.070888E+04      0.000000E+00
     5.150000E-01        21     -1.259453E+04      0.000000E+00
     5.155000E-01        21     -1.153682E+04      0.000000E+00
     5.160000E-01        21     -1.280770E+04      0.000000E+00
     5.165000E-01        21     -1.276109E+04      0.000000E+00
     5.170000E-01        21     -1.166440E+04      0.000000E+00
     5.175000E-01        21     -1.185706E+04      0.000000E+00
     5.180000E-01        21     -9.530343E+03      0.000000E+00
     5.185000E-01        21     -9.700669E+03      0.000000E+00
     5.190000E-01        21     -8.959750E+03      0.000000E+00
     5.195000E-01        21     -6.731173E+03      0.000000E+00
     5.200000E-01        21     -6.199222E+03      0.000000E+00
     5.205000E-01        21     -5.022441E+03      0.000000E+00
     5.210000E-01        21     -3.069982E+03      0.000000E+00
     5.215000E-01        21     -1.692325E+03      0.000000E+00
     5.220000E-01        21      1.292417E+05      1.493429E+02
     5.225000E-01        21      1.432200E+05      2.052494E+03
     5.230000E-01        21      1.529477E+05      4.036882E+03
     5.235000E-01        21      1.456742E+05      5.459756E+03
     5.240000E-01        21      1.530444E+05      7.300413E+03
     5.245000E-01        21      1.502005E+05      8.585029E+03
     5.250000E-01        21      1.508677E+05      9.946677E+03
     5.255000E-01        21      1.515956E+05      1.123182E+04
     5.260000E-01        21      1.411201E+05      1.152976E+04
     5.265000E-01        21      1.350487E+05      1.199457E+04
     5.270000E-01        21      1.233254E+05      1.177541E+04
     5.275000E-01        21      1.151992E+05      1.172040E+04
     5.280000E-01        21      1.083910E+05      1.166575E+04
     5.285000E-01        21      9.060408E+04      1.025397E+04
     5.290000E-01        21      8.442564E+04      9.996779E+03
     5.295000E-01        21      8.056918E+04      9.938989E+03
     5.300000E-01        21      6.249899E+04      8.002832E+03
     5.305000E-01        21      6.242121E+04      8.270354E+03
     5.310000E-01        21      4.867172E+04      6.654104E+03
     5.315000E-01        21      5.386262E+04      7.579962E+03
     5.320000E-01        21      5.447394E+04      7.874146E+03
     5.325000E-01        21      4.633019E+04      6.865715E+03
     5.330000E-01        21      5.030606E+04      7.629733E+03
     5.335000E-01        21      4.266626E+04      6.612675E+03
     5.340000E-01        21      4.949911E+04      7.828804E+03
     5.345000E-01        21      4.815317E+04      7.762240E+03
     5.350000E-01        21      4.276891E+04      7.018802E+03
     5.355000E-01        21      4.273727E+04      7.132907E+03
     5.360000E-01        21      3.472993E+04      5.889513E+03
     5.365000E-01        21      3.626240E+04      6.242705E+03
     5.370000E-01        21      3.179688E+04      5.552605E+03
     5.375000E-01        21      2.515238E+04      4.452151E+03
     5.380000E-01        21      2.300896E+04      4.125467E+03
     5.385000E-01        21      1.980317E+04      3.594388E+03
     5.390000E-01        21      1.386849E+04      2.546723E+03
     5.395000E-01        21      1.187601E+04      2.205217E+03
     5.400000E-01        21      7.688163E+03      1.442826E+03
     5.405000E-01        21      6.760268E+03      1.281630E+03
     5.410000E-01        21      5.018417E+03      9.606899E+02
     5.415000E-01        21      2.746078E+03      5.306025E+02
     5.420000E-01        21      1.891643E+03      3.687816E+02
     5.425000E-01        21      7.716652E+02      1.517317E+02
     5.430000E-01        21      2.662412E+02      5.278290E+01
     5.435000E-01        21      3.046954E+00      6.088583E-01
     1.040500E+00        21     -5.813240E+00      0.000000E+00
     1.041000E+00        21     -7.900257E+01      0.000000E+00
     1.041500E+00        21     -2.577065E+02      0.000000E+00
     1.042000E+00        21     -4.831368E+02      0.000000E+00
     1.042500E+00        21     -8.987295E+02      0.000000E+00
     1.043000E+00        21     -1.278984E+03      0.000000E+00
     1.043500E+00        21     -1.729481E+03      0.000000E+00
     1.044000E+00        21     -2.436093E+03      0.000000E+00
     1.044500E+00        21     -2.768125E+03      0.000000E+00
     1.045000E+00        21     -3.494868E+03      0.000000E+00
     1.045500E+00        21     -3.796657E+03      0.000000E+00
     1.046000E+00        21     -4.231192E+03      0.000000E+00
     1.046500E+00        21     -4.579244E+03      0.000000E+00
     1.047000E+00        21     -4.783512E+03      0.000000E+00
     1.047500E+00        21     -5.018306E+03      0.000000E+00
     1.048000E+00        21     -4.937422E+03      0.000000E+00
     1.048500E+00        21     -4.829190E+03      0.000000E+00
     1.049000E+00        21     -4.728645E+03      0.000000E+00
     1.049500E+00        21     -4.605666E+03      0.000000E+00
     1.050000E+00        21     -5.223542E+03      0.000000E+00
     1.050500E+00        21     -4.843966E+03      0.000000E+00
     1.051000E+00        21     -5.800772E+03      0.000000E+00
     1.051500E+00        21     -5.382920E+03      0.000000E+00
     1.052000E+00        21     -6.480894E+03      0.000000E+00
     1.052500E+00        21     -8.032079E+03      0.000000E+00
     1.053000E+00        21     -7.730125E+03      0.000000E+00
     1.053500E+00        21     -1.005549E+04      0.000000E+00
     1.054000E+00        21     -9.574770E+03      0.000000E+00
     1.054500E+00        21     -1.205892E+04      0.000000E+00
     1.055000E+00        21     -1.328609E+04      0.000000E+00
     1.055500E+00        21     -1.254850E+04      0.000000E+00
     1.056000E+00        21     -1.321152E+04      0.000000E+00
     1.056500E+00        21     -1.320560E+04      0.000000E+00
     1.057000E+00        21     -1.203179E+04      0.000000E+00
     1.057500E+00        21     -1.184569E+04      0.000000E+00
     1.058000E+00        21     -9.711920E+03      0.000000E+00
     1.058500E+00        21     -9.600804E+03      0.000000E+00
     1.059000E+00        21     -8.853558E+03      0.000000E+00
     1.059500E+00        21     -6.668539E+03      0.000000E+00
     1.060000E+00        21     -6.017906E+03      0.000000E+00
     1.060500E+00        21     -4.117147E+03      0.000000E+00
     1.061000E+00        21     -3.162659E+03      0.000000E+00
     1.061500E+00        21     -1.614698E+03      0.000000E+00
     1.062000E+00        21      1.348709E+05      3.158111E+02
     1.062500E+00        21      1.485246E+05      2.289510E+03
     1.063000E+00        21      1.439013E+05      3.941225E+03
     1.063500E+00        21      1.547175E+05      5.940364E+03
     1.064000E+00        21      1.606992E+05      7.801491E+03
     1.064500E+00        21      1.547568E+05      8.966748E+03
     1.065000E+00        21      1.563225E+05      1.042015E+04
     1.065500E+00        21      1.548542E+05      1.157831E+04
     1.066000E+00        21      1.435779E+05      1.182153E+04
     1.066500E+00        21      1.381668E+05      1.235344E+04
     1.067000E+00        21      1.240556E+05      1.191413E+04
     1.067500E+00        21      1.170792E+05      1.197287E+04
     1.068000E+00        21      1.092224E+05      1.180899E+04
     1.068500E+00        21      9.109428E+04      1.035173E+04
     1.069000E+00        21      8.553495E+04      1.016565E+04
     1.069500E+00        21      6.792178E+04      8.407002E+03
     1.070000E+00        21      6.838717E+04      8.783697E+03
     1.070500E+00        21      6.533767E+04      8.681153E+03
     1.071000E+00        21      5.275029E+04      7.230413E+03
     1.071500E+00        21      5.551923E+04      7.831833E+03
     1.072000E+00        21      4.464846E+04      6.468239E+03
     1.072500E+00        21      5.300362E+04      7.870911E+03
     1.073000E+00        21      5.319630E+04      8.083660E+03
     1.073500E+00        21      4.722708E+04      7.332755E+03
     1.074000E+00        21      5.048564E+04      7.998352E+03
     1.074500E+00        21      5.042940E+04      8.142096E+03
     1.075000E+00        21      4.389201E+04      7.213902E+03
     1.075500E+00        21      4.310166E+04      7.203886E+03
     1.076000E+00        21      3.578306E+04      6.076205E+03
     1.076500E+00        21      3.602120E+04      6.209018E+03
     1.077000E+00        21      3.221613E+04      5.632559E+03
     1.077500E+00        21      2.507494E+04      4.443494E+03
     1.078000E+00        21      2.292405E+04      4.114689E+03
     1.078500E+00        21      1.601515E+04      2.909834E+03
     1.079000E+00        21      1.533262E+04      2.818350E+03
     1.079500E+00        21      1.234397E+04      2.294259E+03
     1.080000E+00        21      7.945528E+03      1.492460E+03
     1.080500E+00        21      6.816228E+03      1.293346E+03
     1.081000E+00        21      3.871405E+03      7.417216E+02
     1.081500E+00        21      3.151965E+03      6.095073E+02
     1.082000E+00        21      1.926391E+03      3.758389E+02
     1.082500E+00        21      7.527400E+02      1.481176E+02
     1.083000E+00        21      2.368647E+02      4.699160E+01
     1.083500E+00        21      1.742825E-01      3.484933E-02
     1.130500E+00        21     -6.176955E+00      0.000000E+00
     1.131000E+00        21     -7.930220E+01      0.000000E+00
     1.131500E+00        21     -2.567727E+02      0.000000E+00
     1.132000E+00        21     -4.782805E+02      0.000000E+00
     1.132500E+00        21     -8.906898E+02      0.000000E+00
     1.133000E+00        21     -1.263314E+03      0.000000E+00
     1.133500E+00        21     -1.706664E+03      0.000000E+00
     1.134000E+00        21     -2.409558E+03      0.000000E+00
     1.134500E+00        21     -2.722446E+03      0.000000E+00
     1.135000E+00        21     -3.457884E+03      0.000000E+00
     1.135500E+00        21     -3.737532E+03      0.000000E+00
     1.136000E+00        21     -4.171868E+03      0.000000E+00
     1.136500E+00        21     -4.528374E+03      0.000000E+00
     1.137000E+00        21     -4.701763E+03      0.000000E+00
     1.137500E+00        21     -4.967132E+03      0.000000E+00
     1.138000E+00        21     -4.862637E+03      0.000000E+00
     1.138500E+00        21     -4.748004E+03      0.000000E+00
     1.139000E+00        21     -4.668343E+03      0.000000E+00
     1.139500E+00        21     -4.497877E+03      0.000000E+00
     1.140000E+00        21     -5.138672E+03      0.000000E+00
     1.140500E+00        21     -4.717918E+03      0.000000E+00
     1.141000E+00        21     -5.640676E+03      0.000000E+00
     1.141500E+00        21     -5.217638E+03      0.000000E+00
     1.142000E+00        21     -6.243802E+03      0.000000E+00
     1.142500E+00        21     -7.820405E+03      0.000000E+00
     1.143000E+00        21     -7.430903E+03      0.000000E+00
     1.143500E+00        21     -9.783922E+03      0.000000E+00
     1.144000E+00        21     -9.266989E+03      0.000000E+00
     1.144500E+00        21     -1.171667E+04      0.000000E+00
     1.145000E+00        21     -1.305682E+04      0.000000E+00
     1.145500E+00        21     -1.217310E+04      0.000000E+00
     1.146000E+00        21     -1.302369E+04      0.000000E+00
     1.146500E+00        21     -1.294038E+04      0.000000E+00
     1.147000E+00        21     -1.179410E+04      0.000000E+00
     1.147500E+00        21     -1.175548E+04      0.000000E+00
     1.148000E+00        21     -9.469607E+03      0.000000E+00
     1.148500E+00        21     -9.553645E+03      0.000000E+00
     1.149000E+00        21     -8.731591E+03      0.000000E+00
     1.149500E+00        21     -6.566563E+03      0.000000E+00
     1.150000E+00        21     -5.976518E+03      0.000000E+00
     1.150500E+00        21     -4.024957E+03      0.000000E+00
     1.151000E+00        21     -3.112673E+03      0.000000E+00
     1.151500E+00        21     -1.567938E+03      0.000000E+00
     1.152000E+00        21      1.329314E+05      3.374249E+02
     1.152500E+00        21      1.460044E+05      2.276921E+03
     1.153000E+00        21      1.420216E+05      3.913181E+03
     1.153500E+00        21      1.516971E+05      5.847452E+03
     1.154000E+00        21      1.581006E+05      7.697536E+03
     1.154500E+00        21      1.526341E+05      8.863617E+03
     1.155000E+00        21      1.526137E+05      1.019138E+04
     1.155500E+00        21      1.532734E+05      1.147739E+04
     1.156000E+00        21      1.403516E+05      1.157066E+04
     1.156500E+00        21      1.359117E+05      1.216521E+04
     1.157000E+00        21      1.221448E+05      1.174190E+04
     1.157500E+00        21      1.143836E+05      1.170714E+04
     1.158000E+00        21      1.079080E+05      1.167570E+04
     1.158500E+00        21      8.878349E+04      1.009599E+04
     1.159000E+00        21      8.413567E+04      1.000548E+04
     1.159500E+00        21      6.610304E+04      8.186447E+03
     1.160000E+00        21      6.700725E+04      8.610840E+03
     1.160500E+00        21      6.375205E+04      8.474435E+03
     1.161000E+00        21      5.130698E+04      7.035606E+03
     1.161500E+00        21      5.434630E+04      7.669423E+03
     1.162000E+00        21      4.294793E+04      6.224179E+03
     1.162500E+00        21      5.217514E+04      7.750544E+03
     1.163000E+00        21      5.148997E+04      7.826875E+03
     1.163500E+00        21      4.631310E+04      7.193000E+03
     1.164000E+00        21      4.938951E+04      7.826891E+03
     1.164500E+00        21      4.907475E+04      7.925473E+03
     1.165000E+00        21      4.336656E+04      7.129313E+03
     1.165500E+00        21      4.175186E+04      6.979922E+03
     1.166000E+00        21      3.525627E+04      5.988080E+03
     1.166500E+00        21      3.523782E+04      6.075261E+03
     1.167000E+00        21      3.136622E+04      5.485055E+03
     1.167500E+00        21      2.478736E+04      4.393362E+03
     1.168000E+00        21      2.216492E+04      3.979147E+03
     1.168500E+00        21      1.573988E+04      2.860308E+03
     1.169000E+00        21      1.496064E+04      2.750423E+03
     1.169500E+00        21      1.198282E+04      2.227482E+03
     1.170000E+00        21      7.807961E+03      1.466838E+03
     1.170500E+00        21      6.589742E+03      1.250549E+03
     1.171000E+00        21      3.773019E+03      7.229704E+02
     1.171500E+00        21      3.074996E+03      5.947013E+02
     1.172000E+00        21      1.867387E+03      3.643729E+02
     1.172500E+00        21      7.317724E+02      1.440091E+02
     1.173000E+00        21      2.265741E+02      4.495523E+01
     1.173500E+00        21      3.637133E-02      7.273579E-03
