     4.755000E-01        24     -1.902264E+01      0.000000E+00
     4.760000E-01        24     -1.100036E+02      0.000000E+00
     4.765000E-01        24     -3.045992E+02      0.000000E+00
     4.770000E-01        24     -5.288162E+02      0.000000E+00
     4.775000E-01        24     -9.074377E+02      0.000000E+00
     4.780000E-01        24     -1.422331E+03      0.000000E+00
     4.785000E-01        24     -1.815066E+03      0.000000E+00
     4.790000E-01        24     -2.501327E+03      0.000000E+00
     4.795000E-01        24     -3.071501E+03      0.000000E+00
     4.800000E-01        24     -3.816106E+03      0.000000E+00
     4.805000E-01        24     -4.539411E+03      0.000000E+00
     4.810000E-01        24     -5.504812E+03      0.000000E+00
     4.815000E-01        24     -6.004902E+03      0.000000E+00
     4.820000E-01        24     -6.947371E+03      0.000000E+00
     4.825000E-01        24     -7.309436E+03      0.000000E+00
     4.830000E-01        24     -8.068871E+03      0.000000E+00
     4.835000E-01        24     -8.380514E+03      0.000000E+00
     4.840000E-01        24     -8.947674E+03      0.000000E+00
     4.845000E-01        24     -9.099715E+03      0.000000E+00
     4.850000E-01        24     -9.248113E+03      0.000000E+00
     4.855000E-01        24     -9.289588E+03      0.000000E+00
     4.860000E-01        24     -9.627519E+03      0.000000E+00
     4.865000E-01        24     -9.095526E+03      0.000000E+00
     4.870000E-01        24     -9.648226E+03      0.000000E+00
     4.875000E-01        24     -9.379526E+03      0.000000E+00
     4.880000E-01        24     -9.883322E+03      0.000000E+00
     4.885000E-01        24     -9.813065E+03      0.000000E+00
     4.890000E-01        24     -1.031526E+04      0.000000E+00
     4.895000E-01        24     -1.080627E+04      0.000000E+00
     4.900000E-01        24     -1.106514E+04      0.000000E+00
     4.905000E-01        24     -1.119607E+04      0.000000E+00
     4.910000E-01        24     -1.131307E+04      0.000000E+00
     4.915000E-01        24     -1.169398E+04      0.000000E+00
     4.920000E-01        24     -1.178321E+04      0.000000E+00
     4.925000E-01        24     -1.140208E+04      0.000000E+00
     4.930000E-01        24     -1.083509E+04      0.000000E+00
     4.935000E-01        24     -1.002844E+04      0.000000E+00
     4.940000E-01        24     -8.936568E+03      0.000000E+00
     4.945000E-01        24     -7.735089E+03      0.000000E+00
     4.950000E-01        24     -6.263366E+03      0.000000E+00
     4.955000E-01        24     -4.455075E+03      0.000000E+00
     4.960000E-01        24     -2.576994E+03      0.000000E+00
     4.965000E-01        24     -9.286233E+02      0.000000E+00
     4.970000E-01        24      1.226620E+05      7.991868E+02
     4.975000E-01        24      1.107615E+05      2.130229E+03
     4.980000E-01        24      1.115740E+05      3.446903E+03
     4.985000E-01        24      1.109938E+05      4.620042E+03
     4.990000E-01        24      1.037698E+05      5.347490E+03
     4.995000E-01        24      1.069953E+05      6.495504E+03
     5.000000E-01        24      9.612175E+04      6.654582E+03
     5.005000E-01        24      1.038749E+05      8.015723E+03
     5.010000E-01        24      1.136849E+05      9.614974E+03
     5.015000E-01        24      1.063862E+05      9.735126E+03
     5.020000E-01        24      1.145978E+05      1.123138E+04
     5.025000E-01        24      1.177345E+05      1.225776E+04
     5.030000E-01        24      1.184444E+05      1.301252E+04
     5.035000E-01        24      1.164462E+05      1.342419E+04
     5.040000E-01        24      1.140843E+05      1.373601E+04
     5.045000E-01        24      1.098776E+05      1.376174E+04
     5.050000E-01        24      1.047203E+05      1.359641E+04
     5.055000E-01        24      9.947530E+04      1.334859E+04
     5.060000E-01        24      9.302914E+04      1.286846E+04
     5.065000E-01        24      8.284607E+04      1.178593E+04
     5.070000E-01        24      7.495166E+04      1.094382E+04
     5.075000E-01        24      6.732412E+04      1.007077E+04
     5.080000E-01        24      5.523670E+04      8.451151E+03
     5.085000E-01        24      4.979238E+04      7.780551E+03
     5.090000E-01        24      3.920127E+04      6.247875E+03
     5.095000E-01        24      3.881725E+04      6.302616E+03
     5.100000E-01        24      3.543609E+04      5.855074E+03
     5.105000E-01        24      2.755126E+04      4.627928E+03
     5.110000E-01        24      2.805337E+04      4.786230E+03
     5.115000E-01        24      2.638013E+04      4.567581E+03
     5.120000E-01        24      2.091035E+04      3.671452E+03
     5.125000E-01        24      2.043622E+04      3.636108E+03
     5.130000E-01        24      1.588527E+04      2.862242E+03
     5.135000E-01        24      1.583078E+04      2.886863E+03
     5.140000E-01        24      1.375377E+04      2.536957E+03
     5.145000E-01        24      1.009575E+04      1.882653E+03
     5.150000E-01        24      8.788084E+03      1.655977E+03
     5.155000E-01        24      5.859704E+03      1.115235E+03
     5.160000E-01        24      4.695338E+03      9.022017E+02
     5.165000E-01        24      2.952463E+03      5.725245E+02
     5.170000E-01        24      1.470019E+03      2.875697E+02
     5.175000E-01        24      6.423761E+02      1.267266E+02
     5.180000E-01        24      9.266433E+01      1.842917E+01
     5.655000E-01        24     -1.998932E+01      0.000000E+00
     5.660000E-01        24     -1.127974E+02      0.000000E+00
     5.665000E-01        24     -3.107495E+02      0.000000E+00
     5.670000E-01        24     -5.318758E+02      0.000000E+00
     5.675000E-01        24     -9.217765E+02      0.000000E+00
     5.680000E-01        24     -1.429912E+03      0.000000E+00
     5.685000E-01        24     -1.812486E+03      0.000000E+00
     5.690000E-01        24     -2.536758E+03      0.000000E+00
     5.695000E-01        24     -3.040834E+03      0.000000E+00
     5.700000E-01        24     -3.836123E+03      0.000000E+00
     5.705000E-01        24     -4.545768E+03      0.000000E+00
     5.710000E-01        24     -5.432586E+03      0.000000E+00
     5.715000E-01        24     -6.061343E+03      0.000000E+00
     5.720000E-01        24     -6.858255E+03      0.000000E+00
     5.725000E-01        24     -7.280691E+03      0.000000E+00
     5.730000E-01        24     -8.084643E+03      0.000000E+00
     5.735000E-01        24     -8.241009E+03      0.000000E+00
     5.740000E-01        24     -8.991702E+03      0.000000E+00
     5.745000E-01        24     -9.021191E+03      0.000000E+00
     5.750000E-01        24     -9.181359E+03      0.000000E+00
     5.755000E-01        24     -9.343204E+03      0.000000E+00
     5.760000E-01        24     -9.548481E+03      0.000000E+00
     5.765000E-01        24     -9.135455E+03      0.000000E+00
     5.770000E-01        24     -9.694981E+03      0.000000E+00
     5.775000E-01        24     -9.362667E+03      0.000000E+00
     5.780000E-01        24     -1.000573E+04      0.000000E+00
     5.785000E-01        24     -9.865347E+03      0.000000E+00
     5.790000E-01        24     -1.038829E+04      0.000000E+00
     5.795000E-01        24     -1.094807E+04      0.000000E+00
     5.800000E-01        24     -1.113630E+04      0.000000E+00
     5.805000E-01        24     -1.132503E+04      0.000000E+00
     5.810000E-01        24     -1.202964E+04      0.000000E+00
     5.815000E-01        24     -1.148421E+04      0.000000E+00
     5.820000E-01        24     -1.178724E+04      0.000000E+00
     5.825000E-01        24     -1.142655E+04      0.000000E+00
     5.830000E-01        24     -1.087066E+04      0.000000E+00
     5.835000E-01        24     -1.009524E+04      0.000000E+00
     5.840000E-01        24     -8.979816E+03      0.000000E+00
     5.845000E-01        24     -7.770542E+03      0.000000E+00
     5.850000E-01        24     -6.308946E+03      0.000000E+00
     5.855000E-01        24     -4.463538E+03      0.000000E+00
     5.860000E-01        24     -2.582996E+03      0.000000E+00
     5.865000E-01        24     -9.120923E+02      0.000000E+00
     5.870000E-01        24      1.240347E+05      8.318562E+02
     5.875000E-01        24      1.116346E+05      2.166564E+03
     5.880000E-01        24      1.131382E+05      3.513423E+03
     5.885000E-01        24      1.117519E+05      4.668165E+03
     5.890000E-01        24      1.045421E+05      5.401620E+03
     5.895000E-01        24      1.086126E+05      6.607500E+03
     5.900000E-01        24      9.587124E+04      6.648579E+03
     5.905000E-01        24      1.055562E+05      8.157104E+03
     5.910000E-01        24      1.139690E+05      9.650745E+03
     5.915000E-01        24      1.067601E+05      9.779648E+03
     5.920000E-01        24      1.161075E+05      1.138987E+04
     5.925000E-01        24      1.173235E+05      1.222497E+04
     5.930000E-01        24      1.198663E+05      1.317836E+04
     5.935000E-01        24      1.168309E+05      1.347739E+04
     5.940000E-01        24      1.145359E+05      1.379859E+04
     5.945000E-01        24      1.111699E+05      1.393114E+04
     5.950000E-01        24      1.049653E+05      1.363498E+04
     5.955000E-01        24      1.006284E+05      1.350947E+04
     5.960000E-01        24      9.377633E+04      1.297726E+04
     5.965000E-01        24      8.351051E+04      1.188507E+04
     5.970000E-01        24      7.590568E+04      1.108712E+04
     5.975000E-01        24      6.798963E+04      1.017374E+04
     5.980000E-01        24      5.595357E+04      8.563516E+03
     5.985000E-01        24      5.055675E+04      7.902313E+03
     5.990000E-01        24      3.981334E+04      6.347175E+03
     5.995000E-01        24      3.939906E+04      6.398741E+03
     6.000000E-01        24      3.605650E+04      5.959038E+03
     6.005000E-01        24      2.798708E+04      4.702219E+03
     6.010000E-01        24      2.856096E+04      4.873892E+03
     6.015000E-01        24      2.681285E+04      4.643462E+03
     6.020000E-01        24      2.124297E+04      3.730584E+03
     6.025000E-01        24      2.080797E+04      3.702941E+03
     6.030000E-01        24      1.614029E+04      2.908707E+03
     6.035000E-01        24      1.604888E+04      2.927128E+03
     6.040000E-01        24      1.392878E+04      2.569651E+03
     6.045000E-01        24      1.021132E+04      1.904497E+03
     6.050000E-01        24      8.875475E+03      1.672690E+03
     6.055000E-01        24      5.914192E+03      1.125764E+03
     6.060000E-01        24      4.720087E+03      9.070791E+02
     6.065000E-01        24      2.957576E+03      5.735900E+02
     6.070000E-01        24      1.469529E+03      2.875094E+02
     6.075000E-01        24      6.360509E+02      1.254937E+02
     6.080000E-01        24      8.970384E+01      1.784242E+01
     1.105500E+00        24     -2.384910E+01      0.000000E+00
     1.106000E+00        24     -1.282034E+02      0.000000E+00
     1.106500E+00        24     -3.327135E+02      0.000000E+00
     1.107000E+00        24     -5.608188E+02      0.000000E+00
     1.107500E+00        24     -9.517072E+02      0.000000E+00
     1.108000E+00        24     -1.412869E+03      0.000000E+00
     1.108500E+00        24     -1.910582E+03      0.000000E+00
     1.109000E+00        24     -2.599913E+03      0.000000E+00
     1.109500E+00        24     -3.148987E+03      0.000000E+00
     1.110000E+00        24     -3.889496E+03      0.000000E+00
     1.110500E+00        24     -4.646460E+03      0.000000E+00
     1.111000E+00        24     -5.552846E+03      0.000000E+00
     1.111500E+00        24     -6.096972E+03      0.000000E+00
     1.112000E+00        24     -7.029561E+03      0.000000E+00
     1.112500E+00        24     -7.322763E+03      0.000000E+00
     1.113000E+00        24     -8.193520E+03      0.000000E+00
     1.113500E+00        24     -8.374444E+03      0.000000E+00
     1.114000E+00        24     -8.997086E+03      0.000000E+00
     1.114500E+00        24     -9.174965E+03      0.000000E+00
     1.115000E+00        24     -9.179683E+03      0.000000E+00
     1.115500E+00        24     -9.417103E+03      0.000000E+00
     1.116000E+00        24     -9.577316E+03      0.000000E+00
     1.116500E+00        24     -9.121913E+03      0.000000E+00
     1.117000E+00        24     -9.714332E+03      0.000000E+00
     1.117500E+00        24     -9.294991E+03      0.000000E+00
     1.118000E+00        24     -1.001389E+04      0.000000E+00
     1.118500E+00        24     -9.747064E+03      0.000000E+00
     1.119000E+00        24     -1.036912E+04      0.000000E+00
     1.119500E+00        24     -1.083799E+04      0.000000E+00
     1.120000E+00        24     -1.101396E+04      0.000000E+00
     1.120500E+00        24     -1.128222E+04      0.000000E+00
     1.121000E+00        24     -1.182199E+04      0.000000E+00
     1.121500E+00        24     -1.141828E+04      0.000000E+00
     1.122000E+00        24     -1.163014E+04      0.000000E+00
     1.122500E+00        24     -1.123856E+04      0.000000E+00
     1.123000E+00        24     -1.077194E+04      0.000000E+00
     1.123500E+00        24     -1.032277E+04      0.000000E+00
     1.124000E+00        24     -8.603322E+03      0.000000E+00
     1.124500E+00        24     -7.519224E+03      0.000000E+00
     1.125000E+00        24     -6.073196E+03      0.000000E+00
     1.125500E+00        24     -4.282834E+03      0.000000E+00
     1.126000E+00        24     -2.408759E+03      0.000000E+00
     1.126500E+00        24     -7.507363E+02      0.000000E+00
     1.127000E+00        24      1.225765E+05      9.621175E+02
     1.127500E+00        24      1.106883E+05      2.263962E+03
     1.128000E+00        24      1.115528E+05      3.571391E+03
     1.128500E+00        24      1.112317E+05      4.744991E+03
     1.129000E+00        24      1.037067E+05      5.443448E+03
     1.129500E+00        24      1.074068E+05      6.615802E+03
     1.130000E+00        24      9.604625E+04      6.728636E+03
     1.130500E+00        24      1.042214E+05      8.122678E+03
     1.131000E+00        24      1.137043E+05      9.698421E+03
     1.131500E+00        24      1.063146E+05      9.800226E+03
     1.132000E+00        24      1.148842E+05      1.133214E+04
     1.132500E+00        24      1.172180E+05      1.227374E+04
     1.133000E+00        24      1.186004E+05      1.309616E+04
     1.133500E+00        24      1.160480E+05      1.343969E+04
     1.134000E+00        24      1.136333E+05      1.373857E+04
     1.134500E+00        24      1.098241E+05      1.380707E+04
     1.135000E+00        24      1.039610E+05      1.354453E+04
     1.135500E+00        24      9.932251E+04      1.337046E+04
     1.136000E+00        24      9.242709E+04      1.282267E+04
     1.136500E+00        24      8.231379E+04      1.174199E+04
     1.137000E+00        24      7.464165E+04      1.092602E+04
     1.137500E+00        24      6.669016E+04      9.999355E+03
     1.138000E+00        24      5.497023E+04      8.428816E+03
     1.138500E+00        24      4.929994E+04      7.719412E+03
     1.139000E+00        24      3.888218E+04      6.208951E+03
     1.139500E+00        24      3.846692E+04      6.257045E+03
     1.140000E+00        24      3.504038E+04      5.799571E+03
     1.140500E+00        24      2.731319E+04      4.595329E+03
     1.141000E+00        24      2.766409E+04      4.727004E+03
     1.141500E+00        24      2.127309E+04      3.688638E+03
     1.142000E+00        24      2.284556E+04      4.016728E+03
     1.142500E+00        24      2.081417E+04      3.708172E+03
     1.143000E+00        24      1.631707E+04      2.943682E+03
     1.143500E+00        24      1.566434E+04      2.859878E+03
     1.144000E+00        24      1.225558E+04      2.263149E+03
     1.144500E+00        24      1.061429E+04      1.981475E+03
     1.145000E+00        24      8.736182E+03      1.647885E+03
     1.145500E+00        24      5.833788E+03      1.111393E+03
     1.146000E+00        24      4.540337E+03      8.732387E+02
     1.146500E+00        24      2.825961E+03      5.484878E+02
     1.147000E+00        24      1.375234E+03      2.692603E+02
     1.147500E+00        24      5.704698E+02      1.126346E+02
     1.148000E+00        24      6.863898E+01      1.366189E+01
     1.195500E+00        24     -2.474017E+01      0.000000E+00
     1.196000E+00        24     -1.307618E+02      0.000000E+00
     1.196500E+00        24     -3.363710E+02      0.000000E+00
     1.197000E+00        24     -5.646025E+02      0.000000E+00
     1.197500E+00        24     -9.656747E+02      0.000000E+00
     1.198000E+00        24     -1.411888E+03      0.000000E+00
     1.198500E+00        24     -1.927895E+03      0.000000E+00
     1.199000E+00        24     -2.615113E+03      0.000000E+00
     1.199500E+00        24     -3.133037E+03      0.000000E+00
     1.200000E+00        24     -3.932384E+03      0.000000E+00
     1.200500E+00        24     -4.620612E+03      0.000000E+00
     1.201000E+00        24     -5.547169E+03      0.000000E+00
     1.201500E+00        24     -6.128055E+03      0.000000E+00
     1.202000E+00        24     -6.948050E+03      0.000000E+00
     1.202500E+00        24     -7.354817E+03      0.000000E+00
     1.203000E+00        24     -8.143239E+03      0.000000E+00
     1.203500E+00        24     -8.299742E+03      0.000000E+00
     1.204000E+00        24     -9.040839E+03      0.000000E+00
     1.204500E+00        24     -9.064519E+03      0.000000E+00
     1.205000E+00        24     -9.195417E+03      0.000000E+00
     1.205500E+00        24     -9.408498E+03      0.000000E+00
     1.206000E+00        24     -9.510689E+03      0.000000E+00
     1.206500E+00        24     -9.206868E+03      0.000000E+00
     1.207000E+00        24     -9.684789E+03      0.000000E+00
     1.207500E+00        24     -9.356641E+03      0.000000E+00
     1.208000E+00        24     -1.007689E+04      0.000000E+00
     1.208500E+00        24     -9.791624E+03      0.000000E+00
     1.209000E+00        24     -1.046538E+04      0.000000E+00
     1.209500E+00        24     -1.092070E+04      0.000000E+00
     1.210000E+00        24     -1.112154E+04      0.000000E+00
     1.210500E+00        24     -1.136212E+04      0.000000E+00
     1.211000E+00        24     -1.195812E+04      0.000000E+00
     1.211500E+00        24     -1.148988E+04      0.000000E+00
     1.212000E+00        24     -1.173778E+04      0.000000E+00
     1.212500E+00        24     -1.135232E+04      0.000000E+00
     1.213000E+00        24     -1.082106E+04      0.000000E+00
     1.213500E+00        24     -1.044050E+04      0.000000E+00
     1.214000E+00        24     -8.646450E+03      0.000000E+00
     1.214500E+00        24     -7.571242E+03      0.000000E+00
     1.215000E+00        24     -6.121048E+03      0.000000E+00
     1.215500E+00        24     -4.291428E+03      0.000000E+00
     1.216000E+00        24     -2.414707E+03      0.000000E+00
     1.216500E+00        24     -7.321113E+02      0.000000E+00
     1.217000E+00        24      1.237754E+05      9.949896E+02
     1.217500E+00        24      1.114553E+05      2.298993E+03
     1.218000E+00        24      1.130540E+05      3.637485E+03
     1.218500E+00        24      1.115232E+05      4.773831E+03
     1.219000E+00        24      1.047002E+05      5.509842E+03
     1.219500E+00        24      1.083697E+05      6.688789E+03
     1.220000E+00        24      9.579959E+04      6.722606E+03
     1.220500E+00        24      1.057189E+05      8.250972E+03
     1.221000E+00        24      1.134408E+05      9.687556E+03
     1.221500E+00        24      1.069847E+05      9.872260E+03
     1.222000E+00        24      1.158020E+05      1.143311E+04
     1.222500E+00        24      1.169354E+05      1.225406E+04
     1.223000E+00        24      1.199668E+05      1.325661E+04
     1.223500E+00        24      1.161653E+05      1.346204E+04
     1.224000E+00        24      1.143604E+05      1.383462E+04
     1.224500E+00        24      1.108836E+05      1.394776E+04
     1.225000E+00        24      1.042507E+05      1.358895E+04
     1.225500E+00        24      1.005156E+05      1.353717E+04
     1.226000E+00        24      9.305049E+04      1.291453E+04
     1.226500E+00        24      8.304967E+04      1.185153E+04
     1.227000E+00        24      7.560211E+04      1.107058E+04
     1.227500E+00        24      6.725916E+04      1.008803E+04
     1.228000E+00        24      5.576412E+04      8.553211E+03
     1.228500E+00        24      5.000653E+04      7.832335E+03
     1.229000E+00        24      3.945821E+04      6.302663E+03
     1.229500E+00        24      3.910502E+04      6.362477E+03
     1.230000E+00        24      3.557509E+04      5.889500E+03
     1.230500E+00        24      2.773887E+04      4.668016E+03
     1.231000E+00        24      2.820502E+04      4.820478E+03
     1.231500E+00        24      2.162242E+04      3.749980E+03
     1.232000E+00        24      2.322927E+04      4.084988E+03
     1.232500E+00        24      2.112906E+04      3.764968E+03
     1.233000E+00        24      1.653514E+04      2.983548E+03
     1.233500E+00        24      1.591495E+04      2.906119E+03
     1.234000E+00        24      1.238372E+04      2.287176E+03
     1.234500E+00        24      1.074695E+04      2.006546E+03
     1.235000E+00        24      8.802689E+03      1.660673E+03
     1.235500E+00        24      5.875404E+03      1.119478E+03
     1.236000E+00        24      4.564860E+03      8.780728E+02
     1.236500E+00        24      2.825162E+03      5.484033E+02
     1.237000E+00        24      1.374887E+03      2.692255E+02
     1.237500E+00        24      5.635692E+02      1.112853E+02
     1.238000E+00        24      6.597802E+01      1.313374E+01
