     4.970000E-01        25     -8.970547E+00      0.000000E+00
     4.975000E-01        25     -7.554785E+01      0.000000E+00
     4.980000E-01        25     -2.099005E+02      0.000000E+00
     4.985000E-01        25     -4.047467E+02      0.000000E+00
     4.990000E-01        25     -6.186932E+02      0.000000E+00
     4.995000E-01        25     -9.436577E+02      0.000000E+00
     5.000000E-01        25     -1.174338E+03      0.000000E+00
     5.005000E-01        25     -1.678566E+03      0.000000E+00
     5.010000E-01        25     -2.348413E+03      0.000000E+00
     5.015000E-01        25     -2.737010E+03      0.000000E+00
     5.020000E-01        25     -3.597483E+03      0.000000E+00
     5.025000E-01        25     -4.436501E+03      0.000000E+00
     5.030000E-01        25     -5.286621E+03      0.000000E+00
     5.035000E-01        25     -6.089132E+03      0.000000E+00
     5.040000E-01        25     -6.925856E+03      0.000000E+00
     5.045000E-01        25     -7.685684E+03      0.000000E+00
     5.050000E-01        25     -8.386471E+03      0.000000E+00
     5.055000E-01        25     -9.072827E+03      0.000000E+00
     5.060000E-01        25     -9.620987E+03      0.000000E+00
     5.065000E-01        25     -9.680111E+03      0.000000E+00
     5.070000E-01        25     -9.865878E+03      0.000000E+00
     5.075000E-01        25     -9.960597E+03      0.000000E+00
     5.080000E-01        25     -9.170098E+03      0.000000E+00
     5.085000E-01        25     -9.265239E+03      0.000000E+00
     5.090000E-01        25     -8.171407E+03      0.000000E+00
     5.095000E-01        25     -9.063996E+03      0.000000E+00
     5.100000E-01        25     -9.274316E+03      0.000000E+00
     5.105000E-01        25     -8.091401E+03      0.000000E+00
     5.110000E-01        25     -9.261995E+03      0.000000E+00
     5.115000E-01        25     -9.816235E+03      0.000000E+00
     5.120000E-01        25     -8.799512E+03      0.000000E+00
     5.125000E-01        25     -9.768900E+03      0.000000E+00
     5.130000E-01        25     -8.674404E+03      0.000000E+00
     5.135000E-01        25     -9.946491E+03      0.000000E+00
     5.140000E-01        25     -1.003468E+04      0.000000E+00
     5.145000E-01        25     -8.655566E+03      0.000000E+00
     5.150000E-01        25     -8.993393E+03      0.000000E+00
     5.155000E-01        25     -7.311175E+03      0.000000E+00
     5.160000E-01        25     -7.359718E+03      0.000000E+00
     5.165000E-01        25     -6.080869E+03      0.000000E+00
     5.170000E-01        25     -4.284285E+03      0.000000E+00
     5.175000E-01        25     -3.061363E+03      0.000000E+00
     5.180000E-01        25     -1.091762E+03      0.000000E+00
     5.185000E-01        25      1.249314E+05      4.846318E+02
     5.190000E-01        25      1.362460E+05      2.291772E+03
     5.195000E-01        25      1.111032E+05      3.186292E+03
     5.200000E-01        25      1.229825E+05      4.868058E+03
     5.205000E-01        25      1.269928E+05      6.304598E+03
     5.210000E-01        25      1.070764E+05      6.313086E+03
     5.215000E-01        25      1.186778E+05      8.023095E+03
     5.220000E-01        25      1.038713E+05      7.857926E+03
     5.225000E-01        25      1.206130E+05      1.003001E+04
     5.230000E-01        25      1.212071E+05      1.093051E+04
     5.235000E-01        25      1.161059E+05      1.123461E+04
     5.240000E-01        25      1.207368E+05      1.242898E+04
     5.245000E-01        25      1.133911E+05      1.233228E+04
     5.250000E-01        25      1.216482E+05      1.389727E+04
     5.255000E-01        25      1.215678E+05      1.451744E+04
     5.260000E-01        25      1.174341E+05      1.459880E+04
     5.265000E-01        25      1.116226E+05      1.439402E+04
     5.270000E-01        25      1.088360E+05      1.451348E+04
     5.275000E-01        25      1.103838E+05      1.518114E+04
     5.280000E-01        25      1.007421E+05      1.425548E+04
     5.285000E-01        25      9.930285E+04      1.442762E+04
     5.290000E-01        25      8.945765E+04      1.331997E+04
     5.295000E-01        25      8.629875E+04      1.314679E+04
     5.300000E-01        25      8.213506E+04      1.278271E+04
     5.305000E-01        25      7.135478E+04      1.132950E+04
     5.310000E-01        25      7.186877E+04      1.162760E+04
     5.315000E-01        25      6.008741E+04      9.894948E+03
     5.320000E-01        25      5.246408E+04      8.784812E+03
     5.325000E-01        25      4.993046E+04      8.493258E+03
     5.330000E-01        25      3.929184E+04      6.783921E+03
     5.335000E-01        25      3.852465E+04      6.746024E+03
     5.340000E-01        25      2.929305E+04      5.198666E+03
     5.345000E-01        25      2.279010E+04      4.096408E+03
     5.350000E-01        25      2.095697E+04      3.812833E+03
     5.355000E-01        25      1.452914E+04      2.674073E+03
     5.360000E-01        25      1.266771E+04      2.357303E+03
     5.365000E-01        25      8.199794E+03      1.542017E+03
     5.370000E-01        25      5.757053E+03      1.093591E+03
     5.375000E-01        25      4.542056E+03      8.711410E+02
     5.380000E-01        25      2.396099E+03      4.638170E+02
     5.385000E-01        25      1.346743E+03      2.630077E+02
     5.390000E-01        25      6.608407E+02      1.301571E+02
     5.395000E-01        25      1.435259E+02      2.849992E+01
     5.870000E-01        25     -9.620888E+00      0.000000E+00
     5.875000E-01        25     -7.761107E+01      0.000000E+00
     5.880000E-01        25     -2.152699E+02      0.000000E+00
     5.885000E-01        25     -4.108040E+02      0.000000E+00
     5.890000E-01        25     -6.271981E+02      0.000000E+00
     5.895000E-01        25     -9.628184E+02      0.000000E+00
     5.900000E-01        25     -1.176347E+03      0.000000E+00
     5.905000E-01        25     -1.712151E+03      0.000000E+00
     5.910000E-01        25     -2.362132E+03      0.000000E+00
     5.915000E-01        25     -2.754881E+03      0.000000E+00
     5.920000E-01        25     -3.654870E+03      0.000000E+00
     5.925000E-01        25     -4.432193E+03      0.000000E+00
     5.930000E-01        25     -5.362688E+03      0.000000E+00
     5.935000E-01        25     -6.122761E+03      0.000000E+00
     5.940000E-01        25     -6.967822E+03      0.000000E+00
     5.945000E-01        25     -7.791575E+03      0.000000E+00
     5.950000E-01        25     -8.422146E+03      0.000000E+00
     5.955000E-01        25     -9.194886E+03      0.000000E+00
     5.960000E-01        25     -9.715551E+03      0.000000E+00
     5.965000E-01        25     -9.774689E+03      0.000000E+00
     5.970000E-01        25     -1.000843E+04      0.000000E+00
     5.975000E-01        25     -1.007587E+04      0.000000E+00
     5.980000E-01        25     -9.304441E+03      0.000000E+00
     5.985000E-01        25     -9.422888E+03      0.000000E+00
     5.990000E-01        25     -8.312556E+03      0.000000E+00
     5.995000E-01        25     -9.214927E+03      0.000000E+00
     6.000000E-01        25     -9.452267E+03      0.000000E+00
     6.005000E-01        25     -8.233141E+03      0.000000E+00
     6.010000E-01        25     -9.445642E+03      0.000000E+00
     6.015000E-01        25     -9.994679E+03      0.000000E+00
     6.020000E-01        25     -8.955601E+03      0.000000E+00
     6.025000E-01        25     -9.965250E+03      0.000000E+00
     6.030000E-01        25     -8.830995E+03      0.000000E+00
     6.035000E-01        25     -1.010453E+04      0.000000E+00
     6.040000E-01        25     -1.018507E+04      0.000000E+00
     6.045000E-01        25     -8.775921E+03      0.000000E+00
     6.050000E-01        25     -9.107266E+03      0.000000E+00
     6.055000E-01        25     -7.401673E+03      0.000000E+00
     6.060000E-01        25     -7.424940E+03      0.000000E+00
     6.065000E-01        25     -6.118108E+03      0.000000E+00
     6.070000E-01        25     -4.307740E+03      0.000000E+00
     6.075000E-01        25     -3.058278E+03      0.000000E+00
     6.080000E-01        25     -1.079028E+03      0.000000E+00
     6.085000E-01        25      1.256419E+05      5.118545E+02
     6.090000E-01        25      1.369087E+05      2.327301E+03
     6.095000E-01        25      1.115511E+05      3.217375E+03
     6.100000E-01        25      1.236221E+05      4.911993E+03
     6.105000E-01        25      1.277804E+05      6.361490E+03
     6.110000E-01        25      1.073515E+05      6.343156E+03
     6.115000E-01        25      1.204433E+05      8.156896E+03
     6.120000E-01        25      1.042334E+05      7.896972E+03
     6.125000E-01        25      1.224431E+05      1.019499E+04
     6.130000E-01        25      1.230579E+05      1.110945E+04
     6.135000E-01        25      1.169522E+05      1.132723E+04
     6.140000E-01        25      1.240703E+05      1.278283E+04
     6.145000E-01        25      1.143329E+05      1.244400E+04
     6.150000E-01        25      1.243279E+05      1.421293E+04
     6.155000E-01        25      1.240133E+05      1.481847E+04
     6.160000E-01        25      1.185446E+05      1.474497E+04
     6.165000E-01        25      1.147396E+05      1.480344E+04
     6.170000E-01        25      1.097127E+05      1.463716E+04
     6.175000E-01        25      1.122625E+05      1.544609E+04
     6.180000E-01        25      1.023050E+05      1.448235E+04
     6.185000E-01        25      9.985784E+04      1.451356E+04
     6.190000E-01        25      9.095321E+04      1.354727E+04
     6.195000E-01        25      8.665874E+04      1.320583E+04
     6.200000E-01        25      8.277900E+04      1.288676E+04
     6.205000E-01        25      7.192921E+04      1.142389E+04
     6.210000E-01        25      7.205504E+04      1.166080E+04
     6.215000E-01        25      6.050582E+04      9.966311E+03
     6.220000E-01        25      5.270165E+04      8.826649E+03
     6.225000E-01        25      5.014919E+04      8.532345E+03
     6.230000E-01        25      3.958093E+04      6.835261E+03
     6.235000E-01        25      3.874701E+04      6.786303E+03
     6.240000E-01        25      2.950521E+04      5.237303E+03
     6.245000E-01        25      2.301644E+04      4.137832E+03
     6.250000E-01        25      2.113470E+04      3.845822E+03
     6.255000E-01        25      1.469292E+04      2.704656E+03
     6.260000E-01        25      1.281069E+04      2.384278E+03
     6.265000E-01        25      8.306510E+03      1.562316E+03
     6.270000E-01        25      5.833407E+03      1.108252E+03
     6.275000E-01        25      4.602801E+03      8.829113E+02
     6.280000E-01        25      2.426240E+03      4.697125E+02
     6.285000E-01        25      1.364179E+03      2.664459E+02
     6.290000E-01        25      6.643933E+02      1.308724E+02
     6.295000E-01        25      1.418593E+02      2.817222E+01
     1.127000E+00        25     -1.310043E+01      0.000000E+00
     1.127500E+00        25     -8.596828E+01      0.000000E+00
     1.128000E+00        25     -2.268836E+02      0.000000E+00
     1.128500E+00        25     -4.288230E+02      0.000000E+00
     1.129000E+00        25     -6.456470E+02      0.000000E+00
     1.129500E+00        25     -9.814366E+02      0.000000E+00
     1.130000E+00        25     -1.209197E+03      0.000000E+00
     1.130500E+00        25     -1.728764E+03      0.000000E+00
     1.131000E+00        25     -2.403930E+03      0.000000E+00
     1.131500E+00        25     -2.792959E+03      0.000000E+00
     1.132000E+00        25     -3.675991E+03      0.000000E+00
     1.132500E+00        25     -4.495574E+03      0.000000E+00
     1.133000E+00        25     -5.381231E+03      0.000000E+00
     1.133500E+00        25     -6.162650E+03      0.000000E+00
     1.134000E+00        25     -6.999938E+03      0.000000E+00
     1.134500E+00        25     -7.789536E+03      0.000000E+00
     1.135000E+00        25     -8.437398E+03      0.000000E+00
     1.135500E+00        25     -9.176055E+03      0.000000E+00
     1.136000E+00        25     -9.678505E+03      0.000000E+00
     1.136500E+00        25     -9.735294E+03      0.000000E+00
     1.137000E+00        25     -9.942421E+03      0.000000E+00
     1.137500E+00        25     -9.982703E+03      0.000000E+00
     1.138000E+00        25     -9.231785E+03      0.000000E+00
     1.138500E+00        25     -9.279330E+03      0.000000E+00
     1.139000E+00        25     -8.198083E+03      0.000000E+00
     1.139500E+00        25     -9.085744E+03      0.000000E+00
     1.140000E+00        25     -9.277304E+03      0.000000E+00
     1.140500E+00        25     -8.115921E+03      0.000000E+00
     1.141000E+00        25     -9.243060E+03      0.000000E+00
     1.141500E+00        25     -8.013274E+03      0.000000E+00
     1.142000E+00        25     -9.736049E+03      0.000000E+00
     1.142500E+00        25     -1.008113E+04      0.000000E+00
     1.143000E+00        25     -9.033865E+03      0.000000E+00
     1.143500E+00        25     -9.986769E+03      0.000000E+00
     1.144000E+00        25     -9.082853E+03      0.000000E+00
     1.144500E+00        25     -9.256684E+03      0.000000E+00
     1.145000E+00        25     -9.110888E+03      0.000000E+00
     1.145500E+00        25     -7.436686E+03      0.000000E+00
     1.146000E+00        25     -7.298053E+03      0.000000E+00
     1.146500E+00        25     -6.003228E+03      0.000000E+00
     1.147000E+00        25     -4.176425E+03      0.000000E+00
     1.147500E+00        25     -2.897643E+03      0.000000E+00
     1.148000E+00        25     -9.439469E+02      0.000000E+00
     1.148500E+00        25      1.247659E+05      6.533937E+02
     1.149000E+00        25      1.356979E+05      2.451081E+03
     1.149500E+00        25      1.104988E+05      3.294961E+03
     1.150000E+00        25      1.222166E+05      4.966150E+03
     1.150500E+00        25      9.846279E+04      4.983845E+03
     1.151000E+00        25      1.215157E+05      7.273824E+03
     1.151500E+00        25      1.235482E+05      8.455775E+03
     1.152000E+00        25      1.066996E+05      8.155143E+03
     1.152500E+00        25      1.216117E+05      1.020172E+04
     1.153000E+00        25      1.047266E+05      9.515778E+03
     1.153500E+00        25      1.259718E+05      1.226994E+04
     1.154000E+00        25      1.241292E+05      1.285295E+04
     1.154500E+00        25      1.173965E+05      1.283449E+04
     1.155000E+00        25      1.212678E+05      1.391872E+04
     1.155500E+00        25      1.234435E+05      1.480389E+04
     1.156000E+00        25      1.175422E+05      1.466852E+04
     1.156500E+00        25      1.106232E+05      1.431536E+04
     1.157000E+00        25      1.097040E+05      1.467650E+04
     1.157500E+00        25      1.084066E+05      1.495361E+04
     1.158000E+00        25      1.005558E+05      1.426831E+04
     1.158500E+00        25      9.836345E+04      1.432767E+04
     1.159000E+00        25      8.781925E+04      1.310714E+04
     1.159500E+00        25      8.927196E+04      1.362993E+04
     1.160000E+00        25      7.888732E+04      1.230279E+04
     1.160500E+00        25      7.022578E+04      1.117198E+04
     1.161000E+00        25      7.034028E+04      1.140117E+04
     1.161500E+00        25      5.881050E+04      9.701390E+03
     1.162000E+00        25      5.596515E+04      9.386312E+03
     1.162500E+00        25      4.683081E+04      7.978271E+03
     1.163000E+00        25      3.825854E+04      6.615149E+03
     1.163500E+00        25      3.715165E+04      6.514595E+03
     1.164000E+00        25      2.866399E+04      5.093709E+03
     1.164500E+00        25      2.224154E+04      4.002801E+03
     1.165000E+00        25      2.036885E+04      3.710240E+03
     1.165500E+00        25      1.432120E+04      2.638793E+03
     1.166000E+00        25      1.227831E+04      2.287314E+03
     1.166500E+00        25      8.043813E+03      1.514249E+03
     1.167000E+00        25      5.592236E+03      1.063334E+03
     1.167500E+00        25      4.379461E+03      8.407524E+02
     1.168000E+00        25      2.308248E+03      4.472177E+02
     1.168500E+00        25      1.437259E+03      2.809293E+02
     1.169000E+00        25      5.573376E+02      1.098633E+02
     1.169500E+00        25      1.113648E+02      2.213148E+01
     1.217000E+00        25     -1.388889E+01      0.000000E+00
     1.217500E+00        25     -8.812443E+01      0.000000E+00
     1.218000E+00        25     -2.324543E+02      0.000000E+00
     1.218500E+00        25     -4.333219E+02      0.000000E+00
     1.219000E+00        25     -6.558210E+02      0.000000E+00
     1.219500E+00        25     -9.952054E+02      0.000000E+00
     1.220000E+00        25     -1.211233E+03      0.000000E+00
     1.220500E+00        25     -1.760116E+03      0.000000E+00
     1.221000E+00        25     -2.406268E+03      0.000000E+00
     1.221500E+00        25     -2.818923E+03      0.000000E+00
     1.222000E+00        25     -3.715432E+03      0.000000E+00
     1.222500E+00        25     -4.495992E+03      0.000000E+00
     1.223000E+00        25     -5.455963E+03      0.000000E+00
     1.223500E+00        25     -6.182449E+03      0.000000E+00
     1.224000E+00        25     -7.059389E+03      0.000000E+00
     1.224500E+00        25     -7.880289E+03      0.000000E+00
     1.225000E+00        25     -8.477001E+03      0.000000E+00
     1.225500E+00        25     -9.303310E+03      0.000000E+00
     1.226000E+00        25     -9.761106E+03      0.000000E+00
     1.226500E+00        25     -9.839338E+03      0.000000E+00
     1.227000E+00        25     -1.008743E+04      0.000000E+00
     1.227500E+00        25     -1.008467E+04      0.000000E+00
     1.228000E+00        25     -9.380556E+03      0.000000E+00
     1.228500E+00        25     -9.427741E+03      0.000000E+00
     1.229000E+00        25     -8.333136E+03      0.000000E+00
     1.229500E+00        25     -9.251603E+03      0.000000E+00
     1.230000E+00        25     -9.434438E+03      0.000000E+00
     1.230500E+00        25     -8.256213E+03      0.000000E+00
     1.231000E+00        25     -9.439884E+03      0.000000E+00
     1.231500E+00        25     -8.159129E+03      0.000000E+00
     1.232000E+00        25     -9.917485E+03      0.000000E+00
     1.232500E+00        25     -1.025291E+04      0.000000E+00
     1.233000E+00        25     -9.172699E+03      0.000000E+00
     1.233500E+00        25     -1.016782E+04      0.000000E+00
     1.234000E+00        25     -9.198477E+03      0.000000E+00
     1.234500E+00        25     -9.395364E+03      0.000000E+00
     1.235000E+00        25     -9.205236E+03      0.000000E+00
     1.235500E+00        25     -7.512916E+03      0.000000E+00
     1.236000E+00        25     -7.364163E+03      0.000000E+00
     1.236500E+00        25     -6.028490E+03      0.000000E+00
     1.237000E+00        25     -4.200484E+03      0.000000E+00
     1.237500E+00        25     -2.889666E+03      0.000000E+00
     1.238000E+00        25     -9.294795E+02      0.000000E+00
     1.238500E+00        25      1.253040E+05      6.803895E+02
     1.239000E+00        25      1.363907E+05      2.487671E+03
     1.239500E+00        25      1.106069E+05      3.316117E+03
     1.240000E+00        25      1.230636E+05      5.018951E+03
     1.240500E+00        25      9.889231E+04      5.019245E+03
     1.241000E+00        25      1.218663E+05      7.310419E+03
     1.241500E+00        25      1.253278E+05      8.592499E+03
     1.242000E+00        25      1.065909E+05      8.158669E+03
     1.242500E+00        25      1.240055E+05      1.041539E+04
     1.243000E+00        25      1.059814E+05      9.640092E+03
     1.243500E+00        25      1.271681E+05      1.239805E+04
     1.244000E+00        25      1.274434E+05      1.320704E+04
     1.244500E+00        25      1.178721E+05      1.289601E+04
     1.245000E+00        25      1.245695E+05      1.430716E+04
     1.245500E+00        25      1.252826E+05      1.503346E+04
     1.246000E+00        25      1.188930E+05      1.484519E+04
     1.246500E+00        25      1.137735E+05      1.473039E+04
     1.247000E+00        25      1.101190E+05      1.473878E+04
     1.247500E+00        25      1.106746E+05      1.527291E+04
     1.248000E+00        25      1.016880E+05      1.443461E+04
     1.248500E+00        25      9.889432E+04      1.441023E+04
     1.249000E+00        25      8.942458E+04      1.335125E+04
     1.249500E+00        25      8.923943E+04      1.362927E+04
     1.250000E+00        25      7.976790E+04      1.244379E+04
     1.250500E+00        25      7.060329E+04      1.123515E+04
     1.251000E+00        25      7.044083E+04      1.142044E+04
     1.251500E+00        25      5.939281E+04      9.799853E+03
     1.252000E+00        25      5.598326E+04      9.391526E+03
     1.252500E+00        25      4.718993E+04      8.041213E+03
     1.253000E+00        25      3.845016E+04      6.649663E+03
     1.253500E+00        25      3.735191E+04      6.551000E+03
     1.254000E+00        25      2.890802E+04      5.138034E+03
     1.254500E+00        25      2.564595E+04      4.616312E+03
     1.255000E+00        25      1.909608E+04      3.478991E+03
     1.255500E+00        25      1.400762E+04      2.581430E+03
     1.256000E+00        25      1.210812E+04      2.255957E+03
     1.256500E+00        25      8.021509E+03      1.510273E+03
     1.257000E+00        25      5.577675E+03      1.060715E+03
     1.257500E+00        25      4.382686E+03      8.414852E+02
     1.258000E+00        25      2.319816E+03      4.495170E+02
     1.258500E+00        25      1.442385E+03      2.819664E+02
     1.259000E+00        25      5.579768E+02      1.100024E+02
     1.259500E+00        25      1.096356E+02      2.179033E+01
