     2.200000E-02         3     -2.722364E+01      0.000000E+00
     2.250000E-02         3     -1.285255E+02      0.000000E+00
     2.300000E-02         3     -2.989350E+02      0.000000E+00
     2.350000E-02         3     -5.818054E+02      0.000000E+00
     2.400000E-02         3     -8.614288E+02      0.000000E+00
     2.450000E-02         3     -1.255255E+03      0.000000E+00
     2.500000E-02         3     -1.622341E+03      0.000000E+00
     2.550000E-02         3     -2.008437E+03      0.000000E+00
     2.600000E-02         3     -2.475056E+03      0.000000E+00
     2.650000E-02         3     -2.918376E+03      0.000000E+00
     2.700000E-02         3     -3.277427E+03      0.000000E+00
     2.750000E-02         3     -3.808126E+03      0.000000E+00
     2.800000E-02         3     -4.296372E+03      0.000000E+00
     2.850000E-02         3     -4.577037E+03      0.000000E+00
     2.900000E-02         3     -5.276074E+03      0.000000E+00
     2.950000E-02         3     -5.822240E+03      0.000000E+00
     3.000000E-02         3     -6.085955E+03      0.000000E+00
     3.050000E-02         3     -6.899136E+03      0.000000E+00
     3.100000E-02         3     -6.942250E+03      0.000000E+00
     3.150000E-02         3     -8.051802E+03      0.000000E+00
     3.200000E-02         3     -8.657319E+03      0.000000E+00
     3.250000E-02         3     -8.562321E+03      0.000000E+00
     3.300000E-02         3     -9.559702E+03      0.000000E+00
     3.350000E-02         3     -8.884421E+03      0.000000E+00
     3.400000E-02         3     -1.024229E+04      0.000000E+00
     3.450000E-02         3     -1.061403E+04      0.000000E+00
     3.500000E-02         3     -9.702712E+03      0.000000E+00
     3.550000E-02         3     -1.078919E+04      0.000000E+00
     3.600000E-02         3     -9.308978E+03      0.000000E+00
     3.650000E-02         3     -1.091759E+04      0.000000E+00
     3.700000E-02         3     -1.112364E+04      0.000000E+00
     3.750000E-02         3     -9.957966E+03      0.000000E+00
     3.800000E-02         3     -1.103589E+04      0.000000E+00
     3.850000E-02         3     -1.107708E+04      0.000000E+00
     3.900000E-02         3     -1.019925E+04      0.000000E+00
     3.950000E-02         3     -1.044211E+04      0.000000E+00
     4.000000E-02         3     -9.516305E+03      0.000000E+00
     4.050000E-02         3     -9.399661E+03      0.000000E+00
     4.100000E-02         3     -8.350201E+03      0.000000E+00
     4.150000E-02         3     -7.022351E+03      0.000000E+00
     4.200000E-02         3     -5.384550E+03      0.000000E+00
     4.250000E-02         3     -3.403954E+03      0.000000E+00
     4.300000E-02         3     -1.008102E+03      0.000000E+00
     4.350000E-02         3      1.858401E+05      1.523813E+03
     4.400000E-02         3      1.902679E+05      3.952700E+03
     4.450000E-02         3      1.795802E+05      5.802266E+03
     4.500000E-02         3      1.806418E+05      7.755058E+03
     4.550000E-02         3      1.647131E+05      8.687047E+03
     4.600000E-02         3      1.535748E+05      9.495399E+03
     4.650000E-02         3      1.496578E+05      1.051696E+04
     4.700000E-02         3      1.326549E+05      1.036556E+04
     4.750000E-02         3      1.227665E+05      1.049463E+04
     4.800000E-02         3      1.143923E+05      1.056513E+04
     4.850000E-02         3      1.027912E+05      1.015641E+04
     4.900000E-02         3      9.649436E+04      1.011892E+04
     4.950000E-02         3      8.551131E+04      9.455001E+03
     5.000000E-02         3      8.083061E+04      9.372384E+03
     5.050000E-02         3      7.407964E+04      8.966186E+03
     5.100000E-02         3      6.931858E+04      8.723372E+03
     5.150000E-02         3      6.538591E+04      8.526523E+03
     5.200000E-02         3      6.167332E+04      8.309182E+03
     5.250000E-02         3      6.042681E+04      8.389637E+03
     5.300000E-02         3      5.508146E+04      7.862924E+03
     5.350000E-02         3      5.367459E+04      7.862074E+03
     5.400000E-02         3      4.857481E+04      7.287678E+03
     5.450000E-02         3      4.830235E+04      7.410671E+03
     5.500000E-02         3      4.667317E+04      7.312056E+03
     5.550000E-02         3      4.061420E+04      6.488817E+03
     5.600000E-02         3      4.000058E+04      6.509611E+03
     5.650000E-02         3      3.864160E+04      6.398484E+03
     5.700000E-02         3      3.242031E+04      5.456893E+03
     5.750000E-02         3      3.169100E+04      5.417259E+03
     5.800000E-02         3      2.668052E+04      4.628015E+03
     5.850000E-02         3      2.636732E+04      4.637599E+03
     5.900000E-02         3      2.407403E+04      4.290403E+03
     5.950000E-02         3      2.011505E+04      3.630039E+03
     6.000000E-02         3      1.828806E+04      3.339932E+03
     6.050000E-02         3      1.492981E+04      2.757795E+03
     6.100000E-02         3      1.296282E+04      2.420582E+03
     6.150000E-02         3      1.026455E+04      1.936701E+03
     6.200000E-02         3      7.667152E+03      1.461044E+03
     6.250000E-02         3      5.427348E+03      1.044095E+03
     6.300000E-02         3      3.432897E+03      6.664458E+02
     6.350000E-02         3      1.836222E+03      3.596002E+02
     6.400000E-02         3      6.975752E+02      1.377606E+02
     6.450000E-02         3      9.856024E+01      1.962153E+01
     1.120000E-01         3     -2.797603E+01      0.000000E+00
     1.125000E-01         3     -1.290191E+02      0.000000E+00
     1.130000E-01         3     -2.975158E+02      0.000000E+00
     1.135000E-01         3     -5.787631E+02      0.000000E+00
     1.140000E-01         3     -8.491338E+02      0.000000E+00
     1.145000E-01         3     -1.241334E+03      0.000000E+00
     1.150000E-01         3     -1.600260E+03      0.000000E+00
     1.155000E-01         3     -1.970945E+03      0.000000E+00
     1.160000E-01         3     -2.449794E+03      0.000000E+00
     1.165000E-01         3     -2.868852E+03      0.000000E+00
     1.170000E-01         3     -3.237817E+03      0.000000E+00
     1.175000E-01         3     -3.782220E+03      0.000000E+00
     1.180000E-01         3     -4.249133E+03      0.000000E+00
     1.185000E-01         3     -4.578063E+03      0.000000E+00
     1.190000E-01         3     -5.274364E+03      0.000000E+00
     1.195000E-01         3     -5.836455E+03      0.000000E+00
     1.200000E-01         3     -6.164156E+03      0.000000E+00
     1.205000E-01         3     -6.965155E+03      0.000000E+00
     1.210000E-01         3     -7.064046E+03      0.000000E+00
     1.215000E-01         3     -8.206612E+03      0.000000E+00
     1.220000E-01         3     -8.796487E+03      0.000000E+00
     1.225000E-01         3     -8.776147E+03      0.000000E+00
     1.230000E-01         3     -9.740744E+03      0.000000E+00
     1.235000E-01         3     -9.067953E+03      0.000000E+00
     1.240000E-01         3     -1.046145E+04      0.000000E+00
     1.245000E-01         3     -1.074644E+04      0.000000E+00
     1.250000E-01         3     -9.876933E+03      0.000000E+00
     1.255000E-01         3     -1.090521E+04      0.000000E+00
     1.260000E-01         3     -9.380263E+03      0.000000E+00
     1.265000E-01         3     -1.100850E+04      0.000000E+00
     1.270000E-01         3     -1.112228E+04      0.000000E+00
     1.275000E-01         3     -9.967617E+03      0.000000E+00
     1.280000E-01         3     -1.101543E+04      0.000000E+00
     1.285000E-01         3     -1.101517E+04      0.000000E+00
     1.290000E-01         3     -1.016370E+04      0.000000E+00
     1.295000E-01         3     -1.037592E+04      0.000000E+00
     1.300000E-01         3     -9.459815E+03      0.000000E+00
     1.305000E-01         3     -9.354311E+03      0.000000E+00
     1.310000E-01         3     -8.302736E+03      0.000000E+00
     1.315000E-01         3     -6.988106E+03      0.000000E+00
     1.320000E-01         3     -5.353213E+03      0.000000E+00
     1.325000E-01         3     -3.372369E+03      0.000000E+00
     1.330000E-01         3     -9.731074E+02      0.000000E+00
     1.335000E-01         3      1.862563E+05      1.562446E+03
     1.340000E-01         3      1.908723E+05      3.998306E+03
     1.345000E-01         3      1.801700E+05      5.849997E+03
     1.350000E-01         3      1.815587E+05      7.821070E+03
     1.355000E-01         3      1.653630E+05      8.743775E+03
     1.360000E-01         3      1.543545E+05      9.563052E+03
     1.365000E-01         3      1.505075E+05      1.059431E+04
     1.370000E-01         3      1.330460E+05      1.041067E+04
     1.375000E-01         3      1.236249E+05      1.058064E+04
     1.380000E-01         3      1.147095E+05      1.060541E+04
     1.385000E-01         3      1.032007E+05      1.020615E+04
     1.390000E-01         3      9.691761E+04      1.017150E+04
     1.395000E-01         3      8.549408E+04      9.459911E+03
     1.400000E-01         3      8.130804E+04      9.433860E+03
     1.405000E-01         3      7.384209E+04      8.942688E+03
     1.410000E-01         3      6.957181E+04      8.759928E+03
     1.415000E-01         3      6.528792E+04      8.517917E+03
     1.420000E-01         3      6.163147E+04      8.307283E+03
     1.425000E-01         3      6.077503E+04      8.441490E+03
     1.430000E-01         3      5.477510E+04      7.822199E+03
     1.435000E-01         3      5.421790E+04      7.944495E+03
     1.440000E-01         3      4.848069E+04      7.275980E+03
     1.445000E-01         3      4.856746E+04      7.453663E+03
     1.450000E-01         3      4.714181E+04      7.387627E+03
     1.455000E-01         3      4.049518E+04      6.471571E+03
     1.460000E-01         3      4.062211E+04      6.612458E+03
     1.465000E-01         3      3.860481E+04      6.393941E+03
     1.470000E-01         3      3.262533E+04      5.492658E+03
     1.475000E-01         3      3.198947E+04      5.469463E+03
     1.480000E-01         3      2.648956E+04      4.595832E+03
     1.485000E-01         3      2.665523E+04      4.689150E+03
     1.490000E-01         3      2.392491E+04      4.264616E+03
     1.495000E-01         3      2.009132E+04      3.626394E+03
     1.500000E-01         3      1.828992E+04      3.340831E+03
     1.505000E-01         3      1.474891E+04      2.724816E+03
     1.510000E-01         3      1.294331E+04      2.417306E+03
     1.515000E-01         3      1.015223E+04      1.915789E+03
     1.520000E-01         3      7.591025E+03      1.446739E+03
     1.525000E-01         3      5.378492E+03      1.034835E+03
     1.530000E-01         3      3.380988E+03      6.564526E+02
     1.535000E-01         3      1.809936E+03      3.544959E+02
     1.540000E-01         3      6.818449E+02      1.346700E+02
     1.545000E-01         3      9.345339E+01      1.860697E+01
     6.520000E-01         3     -3.467265E+01      0.000000E+00
     6.525000E-01         3     -1.436386E+02      0.000000E+00
     6.530000E-01         3     -3.493151E+02      0.000000E+00
     6.535000E-01         3     -5.891552E+02      0.000000E+00
     6.540000E-01         3     -8.859484E+02      0.000000E+00
     6.545000E-01         3     -1.298940E+03      0.000000E+00
     6.550000E-01         3     -1.660745E+03      0.000000E+00
     6.555000E-01         3     -2.058832E+03      0.000000E+00
     6.560000E-01         3     -2.527049E+03      0.000000E+00
     6.565000E-01         3     -2.964983E+03      0.000000E+00
     6.570000E-01         3     -3.335635E+03      0.000000E+00
     6.575000E-01         3     -3.856031E+03      0.000000E+00
     6.580000E-01         3     -4.345207E+03      0.000000E+00
     6.585000E-01         3     -4.627183E+03      0.000000E+00
     6.590000E-01         3     -5.321495E+03      0.000000E+00
     6.595000E-01         3     -5.471237E+03      0.000000E+00
     6.600000E-01         3     -6.360616E+03      0.000000E+00
     6.605000E-01         3     -7.006441E+03      0.000000E+00
     6.610000E-01         3     -7.109125E+03      0.000000E+00
     6.615000E-01         3     -8.111588E+03      0.000000E+00
     6.620000E-01         3     -7.882735E+03      0.000000E+00
     6.625000E-01         3     -9.126123E+03      0.000000E+00
     6.630000E-01         3     -9.684232E+03      0.000000E+00
     6.635000E-01         3     -9.224018E+03      0.000000E+00
     6.640000E-01         3     -1.028547E+04      0.000000E+00
     6.645000E-01         3     -1.066755E+04      0.000000E+00
     6.650000E-01         3     -9.874526E+03      0.000000E+00
     6.655000E-01         3     -1.065946E+04      0.000000E+00
     6.660000E-01         3     -9.423974E+03      0.000000E+00
     6.665000E-01         3     -1.086680E+04      0.000000E+00
     6.670000E-01         3     -1.103092E+04      0.000000E+00
     6.675000E-01         3     -1.000765E+04      0.000000E+00
     6.680000E-01         3     -1.086762E+04      0.000000E+00
     6.685000E-01         3     -9.741057E+03      0.000000E+00
     6.690000E-01         3     -1.078624E+04      0.000000E+00
     6.695000E-01         3     -1.050787E+04      0.000000E+00
     6.700000E-01         3     -9.621371E+03      0.000000E+00
     6.705000E-01         3     -9.296766E+03      0.000000E+00
     6.710000E-01         3     -8.091920E+03      0.000000E+00
     6.715000E-01         3     -6.961453E+03      0.000000E+00
     6.720000E-01         3     -5.198505E+03      0.000000E+00
     6.725000E-01         3     -3.187580E+03      0.000000E+00
     6.730000E-01         3     -7.541698E+02      0.000000E+00
     6.735000E-01         3      1.858189E+05      1.768647E+03
     6.740000E-01         3      1.899217E+05      4.174851E+03
     6.745000E-01         3      1.795929E+05      6.002034E+03
     6.750000E-01         3      1.798219E+05      7.903979E+03
     6.755000E-01         3      1.641332E+05      8.811960E+03
     6.760000E-01         3      1.533570E+05      9.616754E+03
     6.765000E-01         3      1.482212E+05      1.053725E+04
     6.770000E-01         3      1.326297E+05      1.046479E+04
     6.775000E-01         3      1.264425E+05      1.089907E+04
     6.780000E-01         3      1.110369E+05      1.032947E+04
     6.785000E-01         3      1.019604E+05      1.013832E+04
     6.790000E-01         3      9.445313E+04      9.960638E+03
     6.795000E-01         3      8.515414E+04      9.462901E+03
     6.800000E-01         3      7.978303E+04      9.292836E+03
     6.805000E-01         3      7.312630E+04      8.887132E+03
     6.810000E-01         3      6.927040E+04      8.749903E+03
     6.815000E-01         3      6.451044E+04      8.441147E+03
     6.820000E-01         3      6.144339E+04      8.304244E+03
     6.825000E-01         3      6.012532E+04      8.372009E+03
     6.830000E-01         3      5.462933E+04      7.819343E+03
     6.835000E-01         3      5.348386E+04      7.853698E+03
     6.840000E-01         3      4.835111E+04      7.270993E+03
     6.845000E-01         3      4.790695E+04      7.365982E+03
     6.850000E-01         3      4.652842E+04      7.304216E+03
     6.855000E-01         3      4.029313E+04      6.449820E+03
     6.860000E-01         3      3.964271E+04      6.462965E+03
     6.865000E-01         3      3.375510E+04      5.598818E+03
     6.870000E-01         3      3.418313E+04      5.762807E+03
     6.875000E-01         3      3.210415E+04      5.496185E+03
     6.880000E-01         3      2.715680E+04      4.717381E+03
     6.885000E-01         3      2.607983E+04      4.593271E+03
     6.890000E-01         3      2.180332E+04      3.890744E+03
     6.895000E-01         3      2.093669E+04      3.782960E+03
     6.900000E-01         3      1.824913E+04      3.336726E+03
     6.905000E-01         3      1.497988E+04      2.770134E+03
     6.910000E-01         3      1.266748E+04      2.367955E+03
     6.915000E-01         3      1.005962E+04      1.899971E+03
     6.920000E-01         3      7.442280E+03      1.419577E+03
     6.925000E-01         3      5.187199E+03      9.988291E+02
     6.930000E-01         3      3.258550E+03      6.331661E+02
     6.935000E-01         3      1.692713E+03      3.317810E+02
     6.940000E-01         3      6.112395E+02      1.208104E+02
     6.945000E-01         3      6.762786E+01      1.347416E+01
     7.420000E-01         3     -3.324239E+01      0.000000E+00
     7.425000E-01         3     -1.335895E+02      0.000000E+00
     7.430000E-01         3     -3.242521E+02      0.000000E+00
     7.435000E-01         3     -5.442131E+02      0.000000E+00
     7.440000E-01         3     -8.108125E+02      0.000000E+00
     7.445000E-01         3     -1.209436E+03      0.000000E+00
     7.450000E-01         3     -1.538844E+03      0.000000E+00
     7.455000E-01         3     -1.920006E+03      0.000000E+00
     7.460000E-01         3     -2.399627E+03      0.000000E+00
     7.465000E-01         3     -2.803456E+03      0.000000E+00
     7.470000E-01         3     -3.227645E+03      0.000000E+00
     7.475000E-01         3     -3.753874E+03      0.000000E+00
     7.480000E-01         3     -4.266749E+03      0.000000E+00
     7.485000E-01         3     -4.643990E+03      0.000000E+00
     7.490000E-01         3     -5.329629E+03      0.000000E+00
     7.495000E-01         3     -5.588665E+03      0.000000E+00
     7.500000E-01         3     -6.530169E+03      0.000000E+00
     7.505000E-01         3     -7.204432E+03      0.000000E+00
     7.510000E-01         3     -7.423288E+03      0.000000E+00
     7.515000E-01         3     -8.406643E+03      0.000000E+00
     7.520000E-01         3     -8.255548E+03      0.000000E+00
     7.525000E-01         3     -9.508132E+03      0.000000E+00
     7.530000E-01         3     -1.005020E+04      0.000000E+00
     7.535000E-01         3     -9.611191E+03      0.000000E+00
     7.540000E-01         3     -1.061432E+04      0.000000E+00
     7.545000E-01         3     -9.491359E+03      0.000000E+00
     7.550000E-01         3     -1.090951E+04      0.000000E+00
     7.555000E-01         3     -1.114300E+04      0.000000E+00
     7.560000E-01         3     -9.946727E+03      0.000000E+00
     7.565000E-01         3     -1.103143E+04      0.000000E+00
     7.570000E-01         3     -1.120386E+04      0.000000E+00
     7.575000E-01         3     -1.011235E+04      0.000000E+00
     7.580000E-01         3     -1.081506E+04      0.000000E+00
     7.585000E-01         3     -9.733504E+03      0.000000E+00
     7.590000E-01         3     -1.069585E+04      0.000000E+00
     7.595000E-01         3     -1.039524E+04      0.000000E+00
     7.600000E-01         3     -9.531007E+03      0.000000E+00
     7.605000E-01         3     -9.186620E+03      0.000000E+00
     7.610000E-01         3     -7.997750E+03      0.000000E+00
     7.615000E-01         3     -6.893124E+03      0.000000E+00
     7.620000E-01         3     -5.133217E+03      0.000000E+00
     7.625000E-01         3     -3.142057E+03      0.000000E+00
     7.630000E-01         3     -7.152263E+02      0.000000E+00
     7.635000E-01         3      1.934066E+05      1.877110E+03
     7.640000E-01         3      1.852719E+05      4.104442E+03
     7.645000E-01         3      1.782454E+05      5.985131E+03
     7.650000E-01         3      1.795028E+05      7.916087E+03
     7.655000E-01         3      1.635692E+05      8.803718E+03
     7.660000E-01         3      1.538554E+05      9.667252E+03
     7.665000E-01         3      1.482038E+05      1.055326E+04
     7.670000E-01         3      1.330910E+05      1.051565E+04
     7.675000E-01         3      1.273274E+05      1.098828E+04
     7.680000E-01         3      1.110950E+05      1.034545E+04
     7.685000E-01         3      1.031598E+05      1.026681E+04
     7.690000E-01         3      9.476244E+04      1.000122E+04
     7.695000E-01         3      8.555763E+04      9.514520E+03
     7.700000E-01         3      8.077191E+04      9.414060E+03
     7.705000E-01         3      7.283273E+04      8.856607E+03
     7.710000E-01         3      7.038622E+04      8.895564E+03
     7.715000E-01         3      6.437597E+04      8.427644E+03
     7.720000E-01         3      6.184648E+04      8.362455E+03
     7.725000E-01         3      5.755109E+04      8.016870E+03
     7.730000E-01         3      5.585988E+04      7.998531E+03
     7.735000E-01         3      5.507364E+04      8.090015E+03
     7.740000E-01         3      4.863125E+04      7.315539E+03
     7.745000E-01         3      4.878633E+04      7.503511E+03
     7.750000E-01         3      4.698048E+04      7.377317E+03
     7.755000E-01         3      4.052737E+04      6.489079E+03
     7.760000E-01         3      4.038972E+04      6.586434E+03
     7.765000E-01         3      3.355615E+04      5.567161E+03
     7.770000E-01         3      3.479287E+04      5.866935E+03
     7.775000E-01         3      3.200492E+04      5.480375E+03
     7.780000E-01         3      2.722304E+04      4.729853E+03
     7.785000E-01         3      2.624229E+04      4.622779E+03
     7.790000E-01         3      2.152202E+04      3.841254E+03
     7.795000E-01         3      2.105286E+04      3.804616E+03
     7.800000E-01         3      1.804048E+04      3.299125E+03
     7.805000E-01         3      1.487937E+04      2.751987E+03
     7.810000E-01         3      1.260112E+04      2.355908E+03
     7.815000E-01         3      9.652989E+03      1.823435E+03
     7.820000E-01         3      7.500797E+03      1.430938E+03
     7.825000E-01         3      5.143195E+03      9.904877E+02
     7.830000E-01         3      3.224231E+03      6.265775E+02
     7.835000E-01         3      1.671250E+03      3.276144E+02
     7.840000E-01         3      5.972534E+02      1.180600E+02
     7.845000E-01         3      6.360704E+01      1.267449E+01
