     7.345000E-01        36     -3.254835E+00      0.000000E+00
     7.350000E-01        36     -5.097849E+01      0.000000E+00
     7.355000E-01        36     -1.706578E+02      0.000000E+00
     7.360000E-01        36     -3.194104E+02      0.000000E+00
     7.365000E-01        36     -5.186613E+02      0.000000E+00
     7.370000E-01        36     -9.099056E+02      0.000000E+00
     7.375000E-01        36     -1.209497E+03      0.000000E+00
     7.380000E-01        36     -1.822096E+03      0.000000E+00
     7.385000E-01        36     -2.256679E+03      0.000000E+00
     7.390000E-01        36     -2.747683E+03      0.000000E+00
     7.395000E-01        36     -3.779170E+03      0.000000E+00
     7.400000E-01        36     -4.256752E+03      0.000000E+00
     7.405000E-01        36     -5.327215E+03      0.000000E+00
     7.410000E-01        36     -5.733984E+03      0.000000E+00
     7.415000E-01        36     -6.241216E+03      0.000000E+00
     7.420000E-01        36     -7.252140E+03      0.000000E+00
     7.425000E-01        36     -7.512053E+03      0.000000E+00
     7.430000E-01        36     -8.277174E+03      0.000000E+00
     7.435000E-01        36     -8.246043E+03      0.000000E+00
     7.440000E-01        36     -8.562008E+03      0.000000E+00
     7.445000E-01        36     -8.917627E+03      0.000000E+00
     7.450000E-01        36     -9.055839E+03      0.000000E+00
     7.455000E-01        36     -9.220873E+03      0.000000E+00
     7.460000E-01        36     -9.505726E+03      0.000000E+00
     7.465000E-01        36     -9.881536E+03      0.000000E+00
     7.470000E-01        36     -1.014124E+04      0.000000E+00
     7.475000E-01        36     -1.038798E+04      0.000000E+00
     7.480000E-01        36     -1.074374E+04      0.000000E+00
     7.485000E-01        36     -1.105764E+04      0.000000E+00
     7.490000E-01        36     -1.142804E+04      0.000000E+00
     7.495000E-01        36     -1.174725E+04      0.000000E+00
     7.500000E-01        36     -1.157736E+04      0.000000E+00
     7.505000E-01        36     -1.163003E+04      0.000000E+00
     7.510000E-01        36     -1.155188E+04      0.000000E+00
     7.515000E-01        36     -1.117549E+04      0.000000E+00
     7.520000E-01        36     -1.093613E+04      0.000000E+00
     7.525000E-01        36     -9.821444E+03      0.000000E+00
     7.530000E-01        36     -8.997560E+03      0.000000E+00
     7.535000E-01        36     -8.095568E+03      0.000000E+00
     7.540000E-01        36     -6.662505E+03      0.000000E+00
     7.545000E-01        36     -5.424142E+03      0.000000E+00
     7.550000E-01        36     -3.538051E+03      0.000000E+00
     7.555000E-01        36     -1.711941E+03      0.000000E+00
     7.560000E-01        36      1.524579E+05      2.547030E+02
     7.565000E-01        36      1.439696E+05      2.131007E+03
     7.570000E-01        36      1.384382E+05      3.713702E+03
     7.575000E-01        36      1.447246E+05      5.481705E+03
     7.580000E-01        36      1.319082E+05      6.340631E+03
     7.585000E-01        36      1.357769E+05      7.806814E+03
     7.590000E-01        36      1.241214E+05      8.222536E+03
     7.595000E-01        36      1.158967E+05      8.621002E+03
     7.600000E-01        36      1.175773E+05      9.638607E+03
     7.605000E-01        36      1.042032E+05      9.281796E+03
     7.610000E-01        36      1.033213E+05      9.890309E+03
     7.615000E-01        36      9.542599E+04      9.730314E+03
     7.620000E-01        36      8.866044E+04      9.561153E+03
     7.625000E-01        36      8.715513E+04      9.881196E+03
     7.630000E-01        36      7.972067E+04      9.454838E+03
     7.635000E-01        36      7.729161E+04      9.548589E+03
     7.640000E-01        36      7.612027E+04      9.759992E+03
     7.645000E-01        36      7.199047E+04      9.549870E+03
     7.650000E-01        36      7.169506E+04      9.812749E+03
     7.655000E-01        36      6.831413E+04      9.623693E+03
     7.660000E-01        36      6.766369E+04      9.790147E+03
     7.665000E-01        36      6.530456E+04      9.686232E+03
     7.670000E-01        36      6.149407E+04      9.334388E+03
     7.675000E-01        36      5.959515E+04      9.243653E+03
     7.680000E-01        36      5.598977E+04      8.861873E+03
     7.685000E-01        36      5.222451E+04      8.424345E+03
     7.690000E-01        36      4.795928E+04      7.875706E+03
     7.695000E-01        36      4.313783E+04      7.204172E+03
     7.700000E-01        36      3.803527E+04      6.453769E+03
     7.705000E-01        36      3.437510E+04      5.921042E+03
     7.710000E-01        36      2.980980E+04      5.208313E+03
     7.715000E-01        36      2.505049E+04      4.436304E+03
     7.720000E-01        36      2.160807E+04      3.876109E+03
     7.725000E-01        36      1.731369E+04      3.143937E+03
     7.730000E-01        36      1.507377E+04      2.769231E+03
     7.735000E-01        36      1.211803E+04      2.251071E+03
     7.740000E-01        36      9.460260E+03      1.776082E+03
     7.745000E-01        36      7.382261E+03      1.400069E+03
     7.750000E-01        36      5.369563E+03      1.028276E+03
     7.755000E-01        36      3.695957E+03      7.143835E+02
     7.760000E-01        36      2.182205E+03      4.255667E+02
     7.765000E-01        36      1.093941E+03      2.151680E+02
     7.770000E-01        36      3.000015E+02      5.949388E+01
     7.775000E-01        36      1.519116E+00      3.036457E-01
     8.245000E-01        36     -3.915313E+00      0.000000E+00
     8.250000E-01        36     -5.757787E+01      0.000000E+00
     8.255000E-01        36     -1.896265E+02      0.000000E+00
     8.260000E-01        36     -3.483216E+02      0.000000E+00
     8.265000E-01        36     -6.413645E+02      0.000000E+00
     8.270000E-01        36     -9.091157E+02      0.000000E+00
     8.275000E-01        36     -1.234634E+03      0.000000E+00
     8.280000E-01        36     -1.883801E+03      0.000000E+00
     8.285000E-01        36     -2.274038E+03      0.000000E+00
     8.290000E-01        36     -2.772906E+03      0.000000E+00
     8.295000E-01        36     -3.787608E+03      0.000000E+00
     8.300000E-01        36     -4.196696E+03      0.000000E+00
     8.305000E-01        36     -5.279034E+03      0.000000E+00
     8.310000E-01        36     -5.611965E+03      0.000000E+00
     8.315000E-01        36     -6.077801E+03      0.000000E+00
     8.320000E-01        36     -7.066712E+03      0.000000E+00
     8.325000E-01        36     -7.275569E+03      0.000000E+00
     8.330000E-01        36     -7.987718E+03      0.000000E+00
     8.335000E-01        36     -7.997222E+03      0.000000E+00
     8.340000E-01        36     -8.247522E+03      0.000000E+00
     8.345000E-01        36     -8.615882E+03      0.000000E+00
     8.350000E-01        36     -8.866136E+03      0.000000E+00
     8.355000E-01        36     -9.161411E+03      0.000000E+00
     8.360000E-01        36     -9.270793E+03      0.000000E+00
     8.365000E-01        36     -9.704430E+03      0.000000E+00
     8.370000E-01        36     -9.924813E+03      0.000000E+00
     8.375000E-01        36     -1.052311E+04      0.000000E+00
     8.380000E-01        36     -1.057299E+04      0.000000E+00
     8.385000E-01        36     -1.123447E+04      0.000000E+00
     8.390000E-01        36     -1.155915E+04      0.000000E+00
     8.395000E-01        36     -1.173542E+04      0.000000E+00
     8.400000E-01        36     -1.194912E+04      0.000000E+00
     8.405000E-01        36     -1.156103E+04      0.000000E+00
     8.410000E-01        36     -1.179765E+04      0.000000E+00
     8.415000E-01        36     -1.129184E+04      0.000000E+00
     8.420000E-01        36     -1.089459E+04      0.000000E+00
     8.425000E-01        36     -1.001552E+04      0.000000E+00
     8.430000E-01        36     -8.881370E+03      0.000000E+00
     8.435000E-01        36     -8.132561E+03      0.000000E+00
     8.440000E-01        36     -6.628822E+03      0.000000E+00
     8.445000E-01        36     -5.343903E+03      0.000000E+00
     8.450000E-01        36     -3.512326E+03      0.000000E+00
     8.455000E-01        36     -1.662589E+03      0.000000E+00
     8.460000E-01        36      1.513151E+05      2.827008E+02
     8.465000E-01        36      1.422347E+05      2.131020E+03
     8.470000E-01        36      1.376780E+05      3.716129E+03
     8.475000E-01        36      1.423305E+05      5.412744E+03
     8.480000E-01        36      1.318594E+05      6.356875E+03
     8.485000E-01        36      1.344233E+05      7.746542E+03
     8.490000E-01        36      1.227516E+05      8.146689E+03
     8.495000E-01        36      1.171778E+05      8.729539E+03
     8.500000E-01        36      1.150582E+05      9.444241E+03
     8.505000E-01        36      1.060109E+05      9.453297E+03
     8.510000E-01        36      1.028409E+05      9.853859E+03
     8.515000E-01        36      9.491690E+04      9.686672E+03
     8.520000E-01        36      9.108093E+04      9.829649E+03
     8.525000E-01        36      8.536753E+04      9.685132E+03
     8.530000E-01        36      8.188192E+04      9.717147E+03
     8.535000E-01        36      7.741903E+04      9.569686E+03
     8.540000E-01        36      7.562007E+04      9.700815E+03
     8.545000E-01        36      7.418369E+04      9.845427E+03
     8.550000E-01        36      7.008123E+04      9.596012E+03
     8.555000E-01        36      6.978504E+04      9.834832E+03
     8.560000E-01        36      6.755108E+04      9.777473E+03
     8.565000E-01        36      6.460144E+04      9.585245E+03
     8.570000E-01        36      6.274946E+04      9.528009E+03
     8.575000E-01        36      5.818752E+04      9.028032E+03
     8.580000E-01        36      5.669972E+04      8.976772E+03
     8.585000E-01        36      5.174514E+04      8.349228E+03
     8.590000E-01        36      4.743035E+04      7.790790E+03
     8.595000E-01        36      4.342316E+04      7.253530E+03
     8.600000E-01        36      3.717846E+04      6.309790E+03
     8.605000E-01        36      3.445487E+04      5.936032E+03
     8.610000E-01        36      2.942230E+04      5.141635E+03
     8.615000E-01        36      2.472424E+04      4.379358E+03
     8.620000E-01        36      2.155149E+04      3.866655E+03
     8.625000E-01        36      1.700396E+04      3.088223E+03
     8.630000E-01        36      1.500232E+04      2.756556E+03
     8.635000E-01        36      1.201738E+04      2.232722E+03
     8.640000E-01        36      9.362235E+03      1.757941E+03
     8.645000E-01        36      7.367605E+03      1.397489E+03
     8.650000E-01        36      5.329237E+03      1.020693E+03
     8.655000E-01        36      3.680025E+03      7.113971E+02
     8.660000E-01        36      2.173282E+03      4.238797E+02
     8.665000E-01        36      1.083071E+03      2.130557E+02
     8.670000E-01        36      2.940628E+02      5.832292E+01
     8.675000E-01        36      1.002711E+00      2.004474E-01
     1.364500E+00        36     -6.033317E+00      0.000000E+00
     1.365000E+00        36     -6.369946E+01      0.000000E+00
     1.365500E+00        36     -1.991770E+02      0.000000E+00
     1.366000E+00        36     -3.604707E+02      0.000000E+00
     1.366500E+00        36     -6.545947E+02      0.000000E+00
     1.367000E+00        36     -9.272909E+02      0.000000E+00
     1.367500E+00        36     -1.254330E+03      0.000000E+00
     1.368000E+00        36     -1.908681E+03      0.000000E+00
     1.368500E+00        36     -2.320486E+03      0.000000E+00
     1.369000E+00        36     -3.157523E+03      0.000000E+00
     1.369500E+00        36     -3.640865E+03      0.000000E+00
     1.370000E+00        36     -4.170825E+03      0.000000E+00
     1.370500E+00        36     -5.274927E+03      0.000000E+00
     1.371000E+00        36     -5.705756E+03      0.000000E+00
     1.371500E+00        36     -6.665562E+03      0.000000E+00
     1.372000E+00        36     -6.899352E+03      0.000000E+00
     1.372500E+00        36     -7.285347E+03      0.000000E+00
     1.373000E+00        36     -7.981847E+03      0.000000E+00
     1.373500E+00        36     -8.178008E+03      0.000000E+00
     1.374000E+00        36     -8.300199E+03      0.000000E+00
     1.374500E+00        36     -8.802807E+03      0.000000E+00
     1.375000E+00        36     -9.007295E+03      0.000000E+00
     1.375500E+00        36     -9.275256E+03      0.000000E+00
     1.376000E+00        36     -9.454597E+03      0.000000E+00
     1.376500E+00        36     -9.740898E+03      0.000000E+00
     1.377000E+00        36     -1.006804E+04      0.000000E+00
     1.377500E+00        36     -1.049968E+04      0.000000E+00
     1.378000E+00        36     -1.091675E+04      0.000000E+00
     1.378500E+00        36     -1.103350E+04      0.000000E+00
     1.379000E+00        36     -1.141823E+04      0.000000E+00
     1.379500E+00        36     -1.163121E+04      0.000000E+00
     1.380000E+00        36     -1.175699E+04      0.000000E+00
     1.380500E+00        36     -1.197109E+04      0.000000E+00
     1.381000E+00        36     -1.134704E+04      0.000000E+00
     1.381500E+00        36     -1.114385E+04      0.000000E+00
     1.382000E+00        36     -1.069448E+04      0.000000E+00
     1.382500E+00        36     -9.872779E+03      0.000000E+00
     1.383000E+00        36     -8.807477E+03      0.000000E+00
     1.383500E+00        36     -7.971510E+03      0.000000E+00
     1.384000E+00        36     -6.571711E+03      0.000000E+00
     1.384500E+00        36     -5.210389E+03      0.000000E+00
     1.385000E+00        36     -3.389113E+03      0.000000E+00
     1.385500E+00        36     -1.517143E+03      0.000000E+00
     1.386000E+00        36      1.524439E+05      4.647558E+02
     1.386500E+00        36      1.432991E+05      2.301592E+03
     1.387000E+00        36      1.484909E+05      4.155016E+03
     1.387500E+00        36      1.377712E+05      5.364983E+03
     1.388000E+00        36      1.300951E+05      6.381422E+03
     1.388500E+00        36      1.349008E+05      7.879383E+03
     1.389000E+00        36      1.206475E+05      8.094576E+03
     1.389500E+00        36      1.219317E+05      9.166121E+03
     1.390000E+00        36      1.117261E+05      9.241273E+03
     1.390500E+00        36      1.030151E+05      9.247026E+03
     1.391000E+00        36      1.026904E+05      9.896364E+03
     1.391500E+00        36      9.227109E+04      9.464735E+03
     1.392000E+00        36      8.967986E+04      9.722446E+03
     1.392500E+00        36      8.514076E+04      9.698812E+03
     1.393000E+00        36      7.889255E+04      9.396893E+03
     1.393500E+00        36      7.808594E+04      9.684440E+03
     1.394000E+00        36      7.394783E+04      9.515300E+03
     1.394500E+00        36      7.287211E+04      9.698487E+03
     1.395000E+00        36      7.111663E+04      9.762946E+03
     1.395500E+00        36      6.715581E+04      9.486903E+03
     1.396000E+00        36      6.708335E+04      9.731290E+03
     1.396500E+00        36      6.441294E+04      9.576980E+03
     1.397000E+00        36      6.202808E+04      9.436592E+03
     1.397500E+00        36      5.964194E+04      9.270343E+03
     1.398000E+00        36      5.484956E+04      8.698503E+03
     1.398500E+00        36      5.155938E+04      8.332445E+03
     1.399000E+00        36      4.745648E+04      7.806720E+03
     1.399500E+00        36      4.302686E+04      7.197455E+03
     1.400000E+00        36      3.802137E+04      6.461436E+03
     1.400500E+00        36      3.352955E+04      5.783894E+03
     1.401000E+00        36      2.980136E+04      5.214099E+03
     1.401500E+00        36      2.448675E+04      4.342212E+03
     1.402000E+00        36      2.118299E+04      3.804641E+03
     1.402500E+00        36      1.710551E+04      3.109858E+03
     1.403000E+00        36      1.457362E+04      2.680408E+03
     1.403500E+00        36      1.188343E+04      2.209899E+03
     1.404000E+00        36      9.158472E+03      1.721216E+03
     1.404500E+00        36      7.100841E+03      1.348039E+03
     1.405000E+00        36      5.159739E+03      9.890380E+02
     1.405500E+00        36      3.498424E+03      6.768214E+02
     1.406000E+00        36      2.042505E+03      3.986723E+02
     1.406500E+00        36      9.892604E+02      1.947423E+02
     1.407000E+00        36      2.458407E+02      4.879263E+01
     1.454500E+00        36     -6.484690E+00      0.000000E+00
     1.455000E+00        36     -6.559294E+01      0.000000E+00
     1.455500E+00        36     -2.037150E+02      0.000000E+00
     1.456000E+00        36     -3.655055E+02      0.000000E+00
     1.456500E+00        36     -6.717884E+02      0.000000E+00
     1.457000E+00        36     -9.364586E+02      0.000000E+00
     1.457500E+00        36     -1.277190E+03      0.000000E+00
     1.458000E+00        36     -1.940125E+03      0.000000E+00
     1.458500E+00        36     -2.320809E+03      0.000000E+00
     1.459000E+00        36     -3.208388E+03      0.000000E+00
     1.459500E+00        36     -3.626344E+03      0.000000E+00
     1.460000E+00        36     -4.179631E+03      0.000000E+00
     1.460500E+00        36     -5.272544E+03      0.000000E+00
     1.461000E+00        36     -5.627583E+03      0.000000E+00
     1.461500E+00        36     -6.647964E+03      0.000000E+00
     1.462000E+00        36     -6.762197E+03      0.000000E+00
     1.462500E+00        36     -7.205150E+03      0.000000E+00
     1.463000E+00        36     -7.820479E+03      0.000000E+00
     1.463500E+00        36     -8.026398E+03      0.000000E+00
     1.464000E+00        36     -8.152713E+03      0.000000E+00
     1.464500E+00        36     -8.586882E+03      0.000000E+00
     1.465000E+00        36     -8.935634E+03      0.000000E+00
     1.465500E+00        36     -9.024620E+03      0.000000E+00
     1.466000E+00        36     -9.451643E+03      0.000000E+00
     1.466500E+00        36     -9.580034E+03      0.000000E+00
     1.467000E+00        36     -1.002181E+04      0.000000E+00
     1.467500E+00        36     -1.057673E+04      0.000000E+00
     1.468000E+00        36     -1.078080E+04      0.000000E+00
     1.468500E+00        36     -1.126976E+04      0.000000E+00
     1.469000E+00        36     -1.133091E+04      0.000000E+00
     1.469500E+00        36     -1.177865E+04      0.000000E+00
     1.470000E+00        36     -1.188235E+04      0.000000E+00
     1.470500E+00        36     -1.191385E+04      0.000000E+00
     1.471000E+00        36     -1.157265E+04      0.000000E+00
     1.471500E+00        36     -1.103276E+04      0.000000E+00
     1.472000E+00        36     -1.077287E+04      0.000000E+00
     1.472500E+00        36     -9.866746E+03      0.000000E+00
     1.473000E+00        36     -8.701900E+03      0.000000E+00
     1.473500E+00        36     -7.994829E+03      0.000000E+00
     1.474000E+00        36     -6.450228E+03      0.000000E+00
     1.474500E+00        36     -5.167260E+03      0.000000E+00
     1.475000E+00        36     -3.329723E+03      0.000000E+00
     1.475500E+00        36     -1.471322E+03      0.000000E+00
     1.476000E+00        36      1.509157E+05      4.896498E+02
     1.476500E+00        36      1.418411E+05      2.303570E+03
     1.477000E+00        36      1.468227E+05      4.132465E+03
     1.477500E+00        36      1.362282E+05      5.325516E+03
     1.478000E+00        36      1.298532E+05      6.387716E+03
     1.478500E+00        36      1.326911E+05      7.767519E+03
     1.479000E+00        36      1.212716E+05      8.151061E+03
     1.479500E+00        36      1.211297E+05      9.119432E+03
     1.480000E+00        36      1.109770E+05      9.190951E+03
     1.480500E+00        36      1.046704E+05      9.405891E+03
     1.481000E+00        36      1.011490E+05      9.757136E+03
     1.481500E+00        36      9.382791E+04      9.632549E+03
     1.482000E+00        36      9.031221E+04      9.798363E+03
     1.482500E+00        36      8.426021E+04      9.604985E+03
     1.483000E+00        36      8.154790E+04      9.719100E+03
     1.483500E+00        36      7.662039E+04      9.507949E+03
     1.484000E+00        36      7.527435E+04      9.690900E+03
     1.484500E+00        36      7.365047E+04      9.806637E+03
     1.485000E+00        36      6.967381E+04      9.568973E+03
     1.485500E+00        36      6.935952E+04      9.802097E+03
     1.486000E+00        36      6.538008E+04      9.487695E+03
     1.486500E+00        36      6.507865E+04      9.679269E+03
     1.487000E+00        36      6.224239E+04      9.472219E+03
     1.487500E+00        36      5.827516E+04      9.060606E+03
     1.488000E+00        36      5.595076E+04      8.875626E+03
     1.488500E+00        36      5.023117E+04      8.119932E+03
     1.489000E+00        36      4.752417E+04      7.819793E+03
     1.489500E+00        36      4.293061E+04      7.183033E+03
     1.490000E+00        36      3.709572E+04      6.305522E+03
     1.490500E+00        36      3.381907E+04      5.835058E+03
     1.491000E+00        36      2.911887E+04      5.095701E+03
     1.491500E+00        36      2.430537E+04      4.310861E+03
     1.492000E+00        36      2.110503E+04      3.791318E+03
     1.492500E+00        36      1.670137E+04      3.036902E+03
     1.493000E+00        36      1.460045E+04      2.685780E+03
     1.493500E+00        36      1.171520E+04      2.178953E+03
     1.494000E+00        36      9.070234E+03      1.704886E+03
     1.494500E+00        36      7.103507E+03      1.348737E+03
     1.495000E+00        36      5.097005E+03      9.771458E+02
     1.495500E+00        36      3.493983E+03      6.760504E+02
     1.496000E+00        36      2.030274E+03      3.963346E+02
     1.496500E+00        36      9.777091E+02      1.924914E+02
     1.497000E+00        36      2.404563E+02      4.772949E+01
