     8.210000E-01        40     -1.121564E+01      0.000000E+00
     8.215000E-01        40     -8.176902E+01      0.000000E+00
     8.220000E-01        40     -2.745388E+02      0.000000E+00
     8.225000E-01        40     -5.859815E+02      0.000000E+00
     8.230000E-01        40     -8.819882E+02      0.000000E+00
     8.235000E-01        40     -1.458160E+03      0.000000E+00
     8.240000E-01        40     -1.871417E+03      0.000000E+00
     8.245000E-01        40     -2.643080E+03      0.000000E+00
     8.250000E-01        40     -3.398875E+03      0.000000E+00
     8.255000E-01        40     -3.707709E+03      0.000000E+00
     8.260000E-01        40     -4.606162E+03      0.000000E+00
     8.265000E-01        40     -4.667115E+03      0.000000E+00
     8.270000E-01        40     -5.636624E+03      0.000000E+00
     8.275000E-01        40     -6.264047E+03      0.000000E+00
     8.280000E-01        40     -5.832695E+03      0.000000E+00
     8.285000E-01        40     -6.794257E+03      0.000000E+00
     8.290000E-01        40     -7.341974E+03      0.000000E+00
     8.295000E-01        40     -6.634112E+03      0.000000E+00
     8.300000E-01        40     -7.671843E+03      0.000000E+00
     8.305000E-01        40     -6.855691E+03      0.000000E+00
     8.310000E-01        40     -8.639376E+03      0.000000E+00
     8.315000E-01        40     -9.264672E+03      0.000000E+00
     8.320000E-01        40     -9.041549E+03      0.000000E+00
     8.325000E-01        40     -1.053703E+04      0.000000E+00
     8.330000E-01        40     -1.004766E+04      0.000000E+00
     8.335000E-01        40     -1.227782E+04      0.000000E+00
     8.340000E-01        40     -1.267438E+04      0.000000E+00
     8.345000E-01        40     -1.280098E+04      0.000000E+00
     8.350000E-01        40     -1.380089E+04      0.000000E+00
     8.355000E-01        40     -1.300385E+04      0.000000E+00
     8.360000E-01        40     -1.421350E+04      0.000000E+00
     8.365000E-01        40     -1.371012E+04      0.000000E+00
     8.370000E-01        40     -1.281692E+04      0.000000E+00
     8.375000E-01        40     -1.272707E+04      0.000000E+00
     8.380000E-01        40     -1.179625E+04      0.000000E+00
     8.385000E-01        40     -1.036966E+04      0.000000E+00
     8.390000E-01        40     -9.521811E+03      0.000000E+00
     8.395000E-01        40     -7.682223E+03      0.000000E+00
     8.400000E-01        40     -6.995517E+03      0.000000E+00
     8.405000E-01        40     -5.673854E+03      0.000000E+00
     8.410000E-01        40     -3.840553E+03      0.000000E+00
     8.415000E-01        40     -2.666190E+03      0.000000E+00
     8.420000E-01        40     -9.830455E+02      0.000000E+00
     8.425000E-01        40      1.198261E+05      5.486867E+02
     8.430000E-01        40      1.239200E+05      2.163757E+03
     8.435000E-01        40      1.084368E+05      3.173546E+03
     8.440000E-01        40      1.195071E+05      4.795192E+03
     8.445000E-01        40      1.082832E+05      5.429943E+03
     8.450000E-01        40      1.177930E+05      6.999568E+03
     8.455000E-01        40      1.232426E+05      8.384841E+03
     8.460000E-01        40      1.097679E+05      8.348130E+03
     8.465000E-01        40      1.174765E+05      9.813304E+03
     8.470000E-01        40      1.216386E+05      1.101219E+04
     8.475000E-01        40      1.055820E+05      1.025113E+04
     8.480000E-01        40      1.119809E+05      1.156235E+04
     8.485000E-01        40      9.811768E+04      1.069983E+04
     8.490000E-01        40      1.036867E+05      1.187390E+04
     8.495000E-01        40      1.038173E+05      1.242476E+04
     8.500000E-01        40      9.116614E+04      1.135578E+04
     8.505000E-01        40      9.237586E+04      1.193370E+04
     8.510000E-01        40      7.753650E+04      1.035684E+04
     8.515000E-01        40      8.664874E+04      1.193512E+04
     8.520000E-01        40      8.133400E+04      1.152546E+04
     8.525000E-01        40      7.321669E+04      1.065159E+04
     8.530000E-01        40      7.418297E+04      1.105915E+04
     8.535000E-01        40      6.585171E+04      1.004335E+04
     8.540000E-01        40      6.763519E+04      1.053736E+04
     8.545000E-01        40      6.465268E+04      1.027566E+04
     8.550000E-01        40      5.866804E+04      9.500821E+03
     8.555000E-01        40      5.549931E+04      9.147521E+03
     8.560000E-01        40      5.036648E+04      8.440654E+03
     8.565000E-01        40      4.463469E+04      7.598458E+03
     8.570000E-01        40      4.009383E+04      6.927586E+03
     8.575000E-01        40      3.473056E+04      6.085972E+03
     8.580000E-01        40      3.053955E+04      5.423549E+03
     8.585000E-01        40      2.407237E+04      4.329673E+03
     8.590000E-01        40      2.069964E+04      3.768321E+03
     8.595000E-01        40      1.631369E+04      3.004272E+03
     8.600000E-01        40      1.283449E+04      2.389669E+03
     8.605000E-01        40      1.023530E+04      1.925829E+03
     8.610000E-01        40      7.119680E+03      1.353120E+03
     8.615000E-01        40      5.106914E+03      9.799555E+02
     8.620000E-01        40      3.244028E+03      6.282458E+02
     8.625000E-01        40      1.891753E+03      3.696093E+02
     8.630000E-01        40      7.863284E+02      1.549395E+02
     8.635000E-01        40      1.649113E+02      3.275998E+01
     9.110000E-01        40     -1.175840E+01      0.000000E+00
     9.115000E-01        40     -8.255507E+01      0.000000E+00
     9.120000E-01        40     -2.768477E+02      0.000000E+00
     9.125000E-01        40     -5.880528E+02      0.000000E+00
     9.130000E-01        40     -8.834645E+02      0.000000E+00
     9.135000E-01        40     -1.467727E+03      0.000000E+00
     9.140000E-01        40     -1.870413E+03      0.000000E+00
     9.145000E-01        40     -2.662270E+03      0.000000E+00
     9.150000E-01        40     -3.412701E+03      0.000000E+00
     9.155000E-01        40     -3.727404E+03      0.000000E+00
     9.160000E-01        40     -4.649296E+03      0.000000E+00
     9.165000E-01        40     -4.693862E+03      0.000000E+00
     9.170000E-01        40     -5.704051E+03      0.000000E+00
     9.175000E-01        40     -6.313779E+03      0.000000E+00
     9.180000E-01        40     -5.914523E+03      0.000000E+00
     9.185000E-01        40     -6.874285E+03      0.000000E+00
     9.190000E-01        40     -7.419201E+03      0.000000E+00
     9.195000E-01        40     -6.753047E+03      0.000000E+00
     9.200000E-01        40     -7.712402E+03      0.000000E+00
     9.205000E-01        40     -6.989768E+03      0.000000E+00
     9.210000E-01        40     -8.662849E+03      0.000000E+00
     9.215000E-01        40     -9.325701E+03      0.000000E+00
     9.220000E-01        40     -9.107549E+03      0.000000E+00
     9.225000E-01        40     -1.046616E+04      0.000000E+00
     9.230000E-01        40     -1.013898E+04      0.000000E+00
     9.235000E-01        40     -1.217089E+04      0.000000E+00
     9.240000E-01        40     -1.265126E+04      0.000000E+00
     9.245000E-01        40     -1.279402E+04      0.000000E+00
     9.250000E-01        40     -1.363983E+04      0.000000E+00
     9.255000E-01        40     -1.304847E+04      0.000000E+00
     9.260000E-01        40     -1.408412E+04      0.000000E+00
     9.265000E-01        40     -1.364041E+04      0.000000E+00
     9.270000E-01        40     -1.283743E+04      0.000000E+00
     9.275000E-01        40     -1.258853E+04      0.000000E+00
     9.280000E-01        40     -1.184864E+04      0.000000E+00
     9.285000E-01        40     -1.032566E+04      0.000000E+00
     9.290000E-01        40     -9.486089E+03      0.000000E+00
     9.295000E-01        40     -7.733716E+03      0.000000E+00
     9.300000E-01        40     -6.945601E+03      0.000000E+00
     9.305000E-01        40     -5.693363E+03      0.000000E+00
     9.310000E-01        40     -3.833300E+03      0.000000E+00
     9.315000E-01        40     -2.649041E+03      0.000000E+00
     9.320000E-01        40     -9.685045E+02      0.000000E+00
     9.325000E-01        40      1.202193E+05      5.737873E+02
     9.330000E-01        40      1.242686E+05      2.191875E+03
     9.335000E-01        40      1.086473E+05      3.197391E+03
     9.340000E-01        40      1.202505E+05      4.843058E+03
     9.345000E-01        40      1.078968E+05      5.425526E+03
     9.350000E-01        40      1.185052E+05      7.057122E+03
     9.355000E-01        40      1.233974E+05      8.410120E+03
     9.360000E-01        40      1.092892E+05      8.323898E+03
     9.365000E-01        40      1.185557E+05      9.915789E+03
     9.370000E-01        40      1.207777E+05      1.094602E+04
     9.375000E-01        40      1.061581E+05      1.031677E+04
     9.380000E-01        40      1.121292E+05      1.158730E+04
     9.385000E-01        40      9.762551E+04      1.065406E+04
     9.390000E-01        40      1.045959E+05      1.198601E+04
     9.395000E-01        40      1.032593E+05      1.236543E+04
     9.400000E-01        40      9.177863E+04      1.143835E+04
     9.405000E-01        40      9.253195E+04      1.195986E+04
     9.410000E-01        40      7.766927E+04      1.037935E+04
     9.415000E-01        40      8.726427E+04      1.202500E+04
     9.420000E-01        40      8.131039E+04      1.152664E+04
     9.425000E-01        40      7.382025E+04      1.074331E+04
     9.430000E-01        40      7.424757E+04      1.107254E+04
     9.435000E-01        40      6.615073E+04      1.009215E+04
     9.440000E-01        40      6.786265E+04      1.057593E+04
     9.445000E-01        40      6.462286E+04      1.027378E+04
     9.450000E-01        40      5.894004E+04      9.547365E+03
     9.455000E-01        40      5.530921E+04      9.118433E+03
     9.460000E-01        40      5.045865E+04      8.458065E+03
     9.465000E-01        40      4.450169E+04      7.577481E+03
     9.470000E-01        40      3.994435E+04      6.903194E+03
     9.475000E-01        40      3.469876E+04      6.081601E+03
     9.480000E-01        40      3.030920E+04      5.383650E+03
     9.485000E-01        40      2.405321E+04      4.326997E+03
     9.490000E-01        40      2.054751E+04      3.741261E+03
     9.495000E-01        40      1.624348E+04      2.991826E+03
     9.500000E-01        40      1.277905E+04      2.379714E+03
     9.505000E-01        40      1.016601E+04      1.913076E+03
     9.510000E-01        40      7.103875E+03      1.350307E+03
     9.515000E-01        40      5.074634E+03      9.738931E+02
     9.520000E-01        40      3.229843E+03      6.255798E+02
     9.525000E-01        40      1.878397E+03      3.670454E+02
     9.530000E-01        40      7.770934E+02      1.531381E+02
     9.535000E-01        40      1.602688E+02      3.184139E+01
     1.451000E+00        40     -1.657212E+01      0.000000E+00
     1.451500E+00        40     -9.461889E+01      0.000000E+00
     1.452000E+00        40     -3.021369E+02      0.000000E+00
     1.452500E+00        40     -5.423679E+02      0.000000E+00
     1.453000E+00        40     -9.996544E+02      0.000000E+00
     1.453500E+00        40     -1.554249E+03      0.000000E+00
     1.454000E+00        40     -1.958900E+03      0.000000E+00
     1.454500E+00        40     -2.734816E+03      0.000000E+00
     1.455000E+00        40     -3.498727E+03      0.000000E+00
     1.455500E+00        40     -3.783498E+03      0.000000E+00
     1.456000E+00        40     -4.683214E+03      0.000000E+00
     1.456500E+00        40     -4.719017E+03      0.000000E+00
     1.457000E+00        40     -5.677795E+03      0.000000E+00
     1.457500E+00        40     -6.289247E+03      0.000000E+00
     1.458000E+00        40     -5.828408E+03      0.000000E+00
     1.458500E+00        40     -6.798322E+03      0.000000E+00
     1.459000E+00        40     -5.939750E+03      0.000000E+00
     1.459500E+00        40     -7.392534E+03      0.000000E+00
     1.460000E+00        40     -7.862693E+03      0.000000E+00
     1.460500E+00        40     -7.236034E+03      0.000000E+00
     1.461000E+00        40     -8.676340E+03      0.000000E+00
     1.461500E+00        40     -7.796178E+03      0.000000E+00
     1.462000E+00        40     -1.009521E+04      0.000000E+00
     1.462500E+00        40     -1.066808E+04      0.000000E+00
     1.463000E+00        40     -1.069453E+04      0.000000E+00
     1.463500E+00        40     -1.225575E+04      0.000000E+00
     1.464000E+00        40     -1.279687E+04      0.000000E+00
     1.464500E+00        40     -1.307060E+04      0.000000E+00
     1.465000E+00        40     -1.353075E+04      0.000000E+00
     1.465500E+00        40     -1.322315E+04      0.000000E+00
     1.466000E+00        40     -1.404919E+04      0.000000E+00
     1.466500E+00        40     -1.355491E+04      0.000000E+00
     1.467000E+00        40     -1.285249E+04      0.000000E+00
     1.467500E+00        40     -1.241309E+04      0.000000E+00
     1.468000E+00        40     -1.086222E+04      0.000000E+00
     1.468500E+00        40     -1.064438E+04      0.000000E+00
     1.469000E+00        40     -9.440846E+03      0.000000E+00
     1.469500E+00        40     -7.681045E+03      0.000000E+00
     1.470000E+00        40     -6.824950E+03      0.000000E+00
     1.470500E+00        40     -4.915104E+03      0.000000E+00
     1.471000E+00        40     -3.990191E+03      0.000000E+00
     1.471500E+00        40     -2.564955E+03      0.000000E+00
     1.472000E+00        40     -8.481718E+02      0.000000E+00
     1.472500E+00        40      1.210903E+05      7.181143E+02
     1.473000E+00        40      1.243990E+05      2.325919E+03
     1.473500E+00        40      1.086180E+05      3.302174E+03
     1.474000E+00        40      1.199869E+05      4.939987E+03
     1.474500E+00        40      1.077216E+05      5.505982E+03
     1.475000E+00        40      1.173039E+05      7.075719E+03
     1.475500E+00        40      1.232115E+05      8.485486E+03
     1.476000E+00        40      1.081450E+05      8.308777E+03
     1.476500E+00        40      1.173115E+05      9.884740E+03
     1.477000E+00        40      1.049350E+05      9.571369E+03
     1.477500E+00        40      1.119241E+05      1.093835E+04
     1.478000E+00        40      1.143273E+05      1.187325E+04
     1.478500E+00        40      9.925096E+04      1.087954E+04
     1.479000E+00        40      1.039137E+05      1.195535E+04
     1.479500E+00        40      9.252061E+04      1.111944E+04
     1.480000E+00        40      9.629550E+04      1.204068E+04
     1.480500E+00        40      9.396485E+04      1.218151E+04
     1.481000E+00        40      8.009090E+04      1.073246E+04
     1.481500E+00        40      8.614814E+04      1.190135E+04
     1.482000E+00        40      8.223698E+04      1.168540E+04
     1.482500E+00        40      7.305808E+04      1.065558E+04
     1.483000E+00        40      7.315217E+04      1.093134E+04
     1.483500E+00        40      6.594508E+04      1.007985E+04
     1.484000E+00        40      6.606136E+04      1.031348E+04
     1.484500E+00        40      6.397478E+04      1.018768E+04
     1.485000E+00        40      5.767309E+04      9.356759E+03
     1.485500E+00        40      5.414271E+04      8.939281E+03
     1.486000E+00        40      4.752513E+04      7.977422E+03
     1.486500E+00        40      4.426463E+04      7.547031E+03
     1.487000E+00        40      3.967354E+04      6.864934E+03
     1.487500E+00        40      3.449344E+04      6.052757E+03
     1.488000E+00        40      2.989141E+04      5.315398E+03
     1.488500E+00        40      2.379359E+04      4.284862E+03
     1.489000E+00        40      2.026470E+04      3.693518E+03
     1.489500E+00        40      1.593188E+04      2.937279E+03
     1.490000E+00        40      1.254984E+04      2.339193E+03
     1.490500E+00        40      9.910280E+03      1.866601E+03
     1.491000E+00        40      6.880161E+03      1.308890E+03
     1.491500E+00        40      4.896419E+03      9.404527E+02
     1.492000E+00        40      3.070205E+03      5.951220E+02
     1.492500E+00        40      1.760140E+03      3.441940E+02
     1.493000E+00        40      7.024894E+02      1.385353E+02
     1.493500E+00        40      1.283277E+02      2.551303E+01
     1.541000E+00        40     -1.723725E+01      0.000000E+00
     1.541500E+00        40     -9.525288E+01      0.000000E+00
     1.542000E+00        40     -3.044438E+02      0.000000E+00
     1.542500E+00        40     -5.396363E+02      0.000000E+00
     1.543000E+00        40     -1.000932E+03      0.000000E+00
     1.543500E+00        40     -1.557219E+03      0.000000E+00
     1.544000E+00        40     -1.946098E+03      0.000000E+00
     1.544500E+00        40     -2.754358E+03      0.000000E+00
     1.545000E+00        40     -3.124288E+03      0.000000E+00
     1.545500E+00        40     -4.040117E+03      0.000000E+00
     1.546000E+00        40     -4.809024E+03      0.000000E+00
     1.546500E+00        40     -4.843889E+03      0.000000E+00
     1.547000E+00        40     -5.783876E+03      0.000000E+00
     1.547500E+00        40     -6.400621E+03      0.000000E+00
     1.548000E+00        40     -5.975521E+03      0.000000E+00
     1.548500E+00        40     -6.856560E+03      0.000000E+00
     1.549000E+00        40     -6.124429E+03      0.000000E+00
     1.549500E+00        40     -7.434237E+03      0.000000E+00
     1.550000E+00        40     -7.975111E+03      0.000000E+00
     1.550500E+00        40     -7.352088E+03      0.000000E+00
     1.551000E+00        40     -8.627228E+03      0.000000E+00
     1.551500E+00        40     -7.957086E+03      0.000000E+00
     1.552000E+00        40     -9.992544E+03      0.000000E+00
     1.552500E+00        40     -1.068935E+04      0.000000E+00
     1.553000E+00        40     -1.070859E+04      0.000000E+00
     1.553500E+00        40     -1.207449E+04      0.000000E+00
     1.554000E+00        40     -1.172892E+04      0.000000E+00
     1.554500E+00        40     -1.349791E+04      0.000000E+00
     1.555000E+00        40     -1.366524E+04      0.000000E+00
     1.555500E+00        40     -1.348142E+04      0.000000E+00
     1.556000E+00        40     -1.390796E+04      0.000000E+00
     1.556500E+00        40     -1.370738E+04      0.000000E+00
     1.557000E+00        40     -1.285155E+04      0.000000E+00
     1.557500E+00        40     -1.234075E+04      0.000000E+00
     1.558000E+00        40     -1.099267E+04      0.000000E+00
     1.558500E+00        40     -1.053989E+04      0.000000E+00
     1.559000E+00        40     -9.482129E+03      0.000000E+00
     1.559500E+00        40     -7.694064E+03      0.000000E+00
     1.560000E+00        40     -6.775891E+03      0.000000E+00
     1.560500E+00        40     -4.945466E+03      0.000000E+00
     1.561000E+00        40     -3.960581E+03      0.000000E+00
     1.561500E+00        40     -2.548770E+03      0.000000E+00
     1.562000E+00        40     -8.293457E+02      0.000000E+00
     1.562500E+00        40      1.212940E+05      7.426165E+02
     1.563000E+00        40      1.077754E+05      2.034045E+03
     1.563500E+00        40      1.183470E+05      3.617054E+03
     1.564000E+00        40      1.236643E+05      5.109789E+03
     1.564500E+00        40      1.089252E+05      5.582488E+03
     1.565000E+00        40      1.200482E+05      7.256574E+03
     1.565500E+00        40      1.239171E+05      8.548780E+03
     1.566000E+00        40      1.092992E+05      8.409546E+03
     1.566500E+00        40      1.186115E+05      1.000654E+04
     1.567000E+00        40      1.045996E+05      9.550905E+03
     1.567500E+00        40      1.130645E+05      1.106008E+04
     1.568000E+00        40      1.141181E+05      1.186128E+04
     1.568500E+00        40      9.922865E+04      1.088508E+04
     1.569000E+00        40      1.044177E+05      1.202127E+04
     1.569500E+00        40      9.193062E+04      1.105514E+04
     1.570000E+00        40      9.673168E+04      1.210180E+04
     1.570500E+00        40      9.376080E+04      1.216110E+04
     1.571000E+00        40      8.012190E+04      1.074152E+04
     1.571500E+00        40      8.636257E+04      1.193600E+04
     1.572000E+00        40      7.408324E+04      1.053090E+04
     1.572500E+00        40      7.677115E+04      1.120119E+04
     1.573000E+00        40      7.431888E+04      1.110943E+04
     1.573500E+00        40      6.816341E+04      1.042221E+04
     1.574000E+00        40      6.652217E+04      1.038848E+04
     1.574500E+00        40      6.491509E+04      1.034028E+04
     1.575000E+00        40      5.834925E+04      9.468919E+03
     1.575500E+00        40      5.405260E+04      8.926587E+03
     1.576000E+00        40      4.806489E+04      8.069890E+03
     1.576500E+00        40      4.394689E+04      7.494494E+03
     1.577000E+00        40      3.970468E+04      6.871745E+03
     1.577500E+00        40      3.435684E+04      6.029971E+03
     1.578000E+00        40      2.960741E+04      5.265880E+03
     1.578500E+00        40      2.372901E+04      4.273991E+03
     1.579000E+00        40      2.002079E+04      3.649679E+03
     1.579500E+00        40      1.583072E+04      2.919099E+03
     1.580000E+00        40      1.244771E+04      2.320515E+03
     1.580500E+00        40      9.818759E+03      1.849635E+03
     1.581000E+00        40      6.846055E+03      1.302585E+03
     1.581500E+00        40      4.855896E+03      9.327952E+02
     1.582000E+00        40      3.054415E+03      5.921379E+02
     1.582500E+00        40      1.746296E+03      3.415292E+02
     1.583000E+00        40      6.940639E+02      1.368901E+02
     1.583500E+00        40      1.242511E+02      2.470539E+01
