     9.505000E-01        46     -5.690171E+00      0.000000E+00
     9.510000E-01        46     -8.340344E+01      0.000000E+00
     9.515000E-01        46     -2.379999E+02      0.000000E+00
     9.520000E-01        46     -4.903730E+02      0.000000E+00
     9.525000E-01        46     -7.461825E+02      0.000000E+00
     9.530000E-01        46     -1.162172E+03      0.000000E+00
     9.535000E-01        46     -1.708891E+03      0.000000E+00
     9.540000E-01        46     -1.998514E+03      0.000000E+00
     9.545000E-01        46     -2.583422E+03      0.000000E+00
     9.550000E-01        46     -3.223360E+03      0.000000E+00
     9.555000E-01        46     -3.446272E+03      0.000000E+00
     9.560000E-01        46     -4.192625E+03      0.000000E+00
     9.565000E-01        46     -4.453342E+03      0.000000E+00
     9.570000E-01        46     -5.529053E+03      0.000000E+00
     9.575000E-01        46     -6.460141E+03      0.000000E+00
     9.580000E-01        46     -6.338405E+03      0.000000E+00
     9.585000E-01        46     -7.440802E+03      0.000000E+00
     9.590000E-01        46     -7.602592E+03      0.000000E+00
     9.595000E-01        46     -9.188030E+03      0.000000E+00
     9.600000E-01        46     -9.650758E+03      0.000000E+00
     9.605000E-01        46     -9.987138E+03      0.000000E+00
     9.610000E-01        46     -1.099280E+04      0.000000E+00
     9.615000E-01        46     -1.073986E+04      0.000000E+00
     9.620000E-01        46     -1.143734E+04      0.000000E+00
     9.625000E-01        46     -1.188801E+04      0.000000E+00
     9.630000E-01        46     -1.164028E+04      0.000000E+00
     9.635000E-01        46     -1.200279E+04      0.000000E+00
     9.640000E-01        46     -1.203630E+04      0.000000E+00
     9.645000E-01        46     -1.142053E+04      0.000000E+00
     9.650000E-01        46     -1.139609E+04      0.000000E+00
     9.655000E-01        46     -1.062407E+04      0.000000E+00
     9.660000E-01        46     -1.105435E+04      0.000000E+00
     9.665000E-01        46     -1.077471E+04      0.000000E+00
     9.670000E-01        46     -1.008578E+04      0.000000E+00
     9.675000E-01        46     -9.993428E+03      0.000000E+00
     9.680000E-01        46     -9.202985E+03      0.000000E+00
     9.685000E-01        46     -9.165206E+03      0.000000E+00
     9.690000E-01        46     -8.436411E+03      0.000000E+00
     9.695000E-01        46     -7.446772E+03      0.000000E+00
     9.700000E-01        46     -6.458799E+03      0.000000E+00
     9.705000E-01        46     -5.039270E+03      0.000000E+00
     9.710000E-01        46     -3.534769E+03      0.000000E+00
     9.715000E-01        46     -1.704342E+03      0.000000E+00
     9.720000E-01        46      1.481003E+05      3.176099E+02
     9.725000E-01        46      1.473942E+05      2.245540E+03
     9.730000E-01        46      1.445762E+05      3.935818E+03
     9.735000E-01        46      1.338752E+05      5.119756E+03
     9.740000E-01        46      1.316166E+05      6.371107E+03
     9.745000E-01        46      1.173456E+05      6.783819E+03
     9.750000E-01        46      1.152927E+05      7.671228E+03
     9.755000E-01        46      1.122572E+05      8.380716E+03
     9.760000E-01        46      9.402169E+04      7.731401E+03
     9.765000E-01        46      9.671850E+04      8.638030E+03
     9.770000E-01        46      8.201298E+04      7.868828E+03
     9.775000E-01        46      8.734369E+04      8.924435E+03
     9.780000E-01        46      8.929934E+04      9.647620E+03
     9.785000E-01        46      7.870672E+04      8.937965E+03
     9.790000E-01        46      8.583252E+04      1.019475E+04
     9.795000E-01        46      8.037248E+04      9.942535E+03
     9.800000E-01        46      8.811230E+04      1.131144E+04
     9.805000E-01        46      8.978953E+04      1.192440E+04
     9.810000E-01        46      8.835372E+04      1.210531E+04
     9.815000E-01        46      8.997484E+04      1.268727E+04
     9.820000E-01        46      8.838851E+04      1.280015E+04
     9.825000E-01        46      8.706079E+04      1.292388E+04
     9.830000E-01        46      8.225901E+04      1.249600E+04
     9.835000E-01        46      7.920823E+04      1.229465E+04
     9.840000E-01        46      7.275307E+04      1.152290E+04
     9.845000E-01        46      6.528877E+04      1.053844E+04
     9.850000E-01        46      6.030209E+04      9.908526E+03
     9.855000E-01        46      5.184356E+04      8.662949E+03
     9.860000E-01        46      4.569955E+04      7.758370E+03
     9.865000E-01        46      3.847130E+04      6.629951E+03
     9.870000E-01        46      3.183644E+04      5.565066E+03
     9.875000E-01        46      2.680621E+04      4.749391E+03
     9.880000E-01        46      2.158263E+04      3.873218E+03
     9.885000E-01        46      1.740319E+04      3.161489E+03
     9.890000E-01        46      1.390056E+04      2.554701E+03
     9.895000E-01        46      1.076626E+04      2.000712E+03
     9.900000E-01        46      8.344069E+03      1.567087E+03
     9.905000E-01        46      6.182039E+03      1.172844E+03
     9.910000E-01        46      4.388550E+03      8.406867E+02
     9.915000E-01        46      2.952718E+03      5.709037E+02
     9.920000E-01        46      1.709025E+03      3.333890E+02
     9.925000E-01        46      8.198322E+02      1.613000E+02
     9.930000E-01        46      2.185194E+02      4.334707E+01
     9.935000E-01        46      3.501824E-01      7.001429E-02
     1.040500E+00        46     -6.187959E+00      0.000000E+00
     1.041000E+00        46     -8.536774E+01      0.000000E+00
     1.041500E+00        46     -2.407657E+02      0.000000E+00
     1.042000E+00        46     -4.956121E+02      0.000000E+00
     1.042500E+00        46     -7.470751E+02      0.000000E+00
     1.043000E+00        46     -1.168928E+03      0.000000E+00
     1.043500E+00        46     -1.713941E+03      0.000000E+00
     1.044000E+00        46     -1.992793E+03      0.000000E+00
     1.044500E+00        46     -2.603335E+03      0.000000E+00
     1.045000E+00        46     -2.901786E+03      0.000000E+00
     1.045500E+00        46     -3.660013E+03      0.000000E+00
     1.046000E+00        46     -4.291552E+03      0.000000E+00
     1.046500E+00        46     -4.534499E+03      0.000000E+00
     1.047000E+00        46     -5.627799E+03      0.000000E+00
     1.047500E+00        46     -6.509446E+03      0.000000E+00
     1.048000E+00        46     -6.448708E+03      0.000000E+00
     1.048500E+00        46     -7.485130E+03      0.000000E+00
     1.049000E+00        46     -7.680208E+03      0.000000E+00
     1.049500E+00        46     -9.259123E+03      0.000000E+00
     1.050000E+00        46     -9.668202E+03      0.000000E+00
     1.050500E+00        46     -1.008038E+04      0.000000E+00
     1.051000E+00        46     -1.097228E+04      0.000000E+00
     1.051500E+00        46     -1.080457E+04      0.000000E+00
     1.052000E+00        46     -1.144371E+04      0.000000E+00
     1.052500E+00        46     -1.188547E+04      0.000000E+00
     1.053000E+00        46     -1.171201E+04      0.000000E+00
     1.053500E+00        46     -1.196426E+04      0.000000E+00
     1.054000E+00        46     -1.118312E+04      0.000000E+00
     1.054500E+00        46     -1.194115E+04      0.000000E+00
     1.055000E+00        46     -1.161573E+04      0.000000E+00
     1.055500E+00        46     -1.097369E+04      0.000000E+00
     1.056000E+00        46     -1.111515E+04      0.000000E+00
     1.056500E+00        46     -1.102732E+04      0.000000E+00
     1.057000E+00        46     -1.022732E+04      0.000000E+00
     1.057500E+00        46     -1.008743E+04      0.000000E+00
     1.058000E+00        46     -9.384728E+03      0.000000E+00
     1.058500E+00        46     -9.203434E+03      0.000000E+00
     1.059000E+00        46     -8.529209E+03      0.000000E+00
     1.059500E+00        46     -7.495109E+03      0.000000E+00
     1.060000E+00        46     -6.470211E+03      0.000000E+00
     1.060500E+00        46     -5.056707E+03      0.000000E+00
     1.061000E+00        46     -3.519478E+03      0.000000E+00
     1.061500E+00        46     -1.681019E+03      0.000000E+00
     1.062000E+00        46      1.481933E+05      3.470064E+02
     1.062500E+00        46      1.474527E+05      2.272986E+03
     1.063000E+00        46      1.392343E+05      3.813403E+03
     1.063500E+00        46      1.364113E+05      5.237500E+03
     1.064000E+00        46      1.324950E+05      6.432254E+03
     1.064500E+00        46      1.170388E+05      6.781333E+03
     1.065000E+00        46      1.160301E+05      7.734340E+03
     1.065500E+00        46      1.119455E+05      8.370071E+03
     1.066000E+00        46      9.435892E+04      7.769070E+03
     1.066500E+00        46      9.720781E+04      8.691316E+03
     1.067000E+00        46      8.187424E+04      7.863089E+03
     1.067500E+00        46      8.852348E+04      9.052676E+03
     1.068000E+00        46      8.952288E+04      9.679098E+03
     1.068500E+00        46      7.988638E+04      9.078096E+03
     1.069000E+00        46      8.690680E+04      1.032869E+04
     1.069500E+00        46      8.122035E+04      1.005303E+04
     1.070000E+00        46      8.978719E+04      1.153233E+04
     1.070500E+00        46      9.063477E+04      1.204228E+04
     1.071000E+00        46      8.994821E+04      1.232908E+04
     1.071500E+00        46      9.109725E+04      1.285065E+04
     1.072000E+00        46      8.901620E+04      1.289581E+04
     1.072500E+00        46      8.858469E+04      1.315461E+04
     1.073000E+00        46      8.286431E+04      1.259198E+04
     1.073500E+00        46      8.033392E+04      1.247312E+04
     1.074000E+00        46      7.313260E+04      1.158627E+04
     1.074500E+00        46      6.577246E+04      1.061931E+04
     1.075000E+00        46      6.069595E+04      9.975724E+03
     1.075500E+00        46      5.175091E+04      8.649497E+03
     1.076000E+00        46      4.597602E+04      7.807038E+03
     1.076500E+00        46      3.821066E+04      6.586417E+03
     1.077000E+00        46      3.182279E+04      5.563789E+03
     1.077500E+00        46      2.665772E+04      4.723976E+03
     1.078000E+00        46      2.133669E+04      3.829771E+03
     1.078500E+00        46      1.735474E+04      3.153227E+03
     1.079000E+00        46      1.366144E+04      2.511165E+03
     1.079500E+00        46      1.070625E+04      1.989870E+03
     1.080000E+00        46      8.232170E+03      1.546302E+03
     1.080500E+00        46      6.100195E+03      1.157482E+03
     1.081000E+00        46      4.394394E+03      8.419211E+02
     1.081500E+00        46      2.893146E+03      5.594585E+02
     1.082000E+00        46      1.692896E+03      3.302839E+02
     1.082500E+00        46      8.063277E+02      1.586621E+02
     1.083000E+00        46      2.127425E+02      4.220599E+01
     1.083500E+00        46      1.481177E-01      2.961745E-02
     1.580500E+00        46     -9.524604E+00      0.000000E+00
     1.581000E+00        46     -8.723452E+01      0.000000E+00
     1.581500E+00        46     -2.739463E+02      0.000000E+00
     1.582000E+00        46     -5.320327E+02      0.000000E+00
     1.582500E+00        46     -7.852420E+02      0.000000E+00
     1.583000E+00        46     -1.209387E+03      0.000000E+00
     1.583500E+00        46     -1.770190E+03      0.000000E+00
     1.584000E+00        46     -2.031856E+03      0.000000E+00
     1.584500E+00        46     -2.640735E+03      0.000000E+00
     1.585000E+00        46     -2.952517E+03      0.000000E+00
     1.585500E+00        46     -3.658723E+03      0.000000E+00
     1.586000E+00        46     -4.328960E+03      0.000000E+00
     1.586500E+00        46     -4.529952E+03      0.000000E+00
     1.587000E+00        46     -5.586886E+03      0.000000E+00
     1.587500E+00        46     -5.628614E+03      0.000000E+00
     1.588000E+00        46     -6.882322E+03      0.000000E+00
     1.588500E+00        46     -7.677356E+03      0.000000E+00
     1.589000E+00        46     -7.919513E+03      0.000000E+00
     1.589500E+00        46     -9.224947E+03      0.000000E+00
     1.590000E+00        46     -9.386074E+03      0.000000E+00
     1.590500E+00        46     -1.033928E+04      0.000000E+00
     1.591000E+00        46     -1.102814E+04      0.000000E+00
     1.591500E+00        46     -1.105341E+04      0.000000E+00
     1.592000E+00        46     -1.132743E+04      0.000000E+00
     1.592500E+00        46     -1.198815E+04      0.000000E+00
     1.593000E+00        46     -1.169775E+04      0.000000E+00
     1.593500E+00        46     -1.180883E+04      0.000000E+00
     1.594000E+00        46     -1.122529E+04      0.000000E+00
     1.594500E+00        46     -1.171055E+04      0.000000E+00
     1.595000E+00        46     -1.152208E+04      0.000000E+00
     1.595500E+00        46     -1.081940E+04      0.000000E+00
     1.596000E+00        46     -1.086449E+04      0.000000E+00
     1.596500E+00        46     -1.000699E+04      0.000000E+00
     1.597000E+00        46     -1.043011E+04      0.000000E+00
     1.597500E+00        46     -1.004753E+04      0.000000E+00
     1.598000E+00        46     -9.319673E+03      0.000000E+00
     1.598500E+00        46     -9.029067E+03      0.000000E+00
     1.599000E+00        46     -8.080756E+03      0.000000E+00
     1.599500E+00        46     -7.491469E+03      0.000000E+00
     1.600000E+00        46     -6.347724E+03      0.000000E+00
     1.600500E+00        46     -4.914206E+03      0.000000E+00
     1.601000E+00        46     -3.356227E+03      0.000000E+00
     1.601500E+00        46     -1.507106E+03      0.000000E+00
     1.602000E+00        46      1.478875E+05      5.203051E+02
     1.602500E+00        46      1.469184E+05      2.422801E+03
     1.603000E+00        46      1.389165E+05      3.941850E+03
     1.603500E+00        46      1.359765E+05      5.344452E+03
     1.604000E+00        46      1.320154E+05      6.519897E+03
     1.604500E+00        46      1.167201E+05      6.853758E+03
     1.605000E+00        46      1.152415E+05      7.765177E+03
     1.605500E+00        46      9.951967E+04      7.508112E+03
     1.606000E+00        46      9.985890E+04      8.284811E+03
     1.606500E+00        46      9.891542E+04      8.902319E+03
     1.607000E+00        46      8.291322E+04      8.008736E+03
     1.607500E+00        46      8.764140E+04      9.008042E+03
     1.608000E+00        46      7.740775E+04      8.407129E+03
     1.608500E+00        46      8.470954E+04      9.665318E+03
     1.609000E+00        46      8.770587E+04      1.046194E+04
     1.609500E+00        46      8.252664E+04      1.024881E+04
     1.610000E+00        46      8.774786E+04      1.130475E+04
     1.610500E+00        46      9.043096E+04      1.204880E+04
     1.611000E+00        46      8.817182E+04      1.211674E+04
     1.611500E+00        46      8.900969E+04      1.258609E+04
     1.612000E+00        46      8.796529E+04      1.277173E+04
     1.612500E+00        46      8.590039E+04      1.278224E+04
     1.613000E+00        46      8.164322E+04      1.243024E+04
     1.613500E+00        46      7.844985E+04      1.220246E+04
     1.614000E+00        46      7.146938E+04      1.134183E+04
     1.614500E+00        46      6.635171E+04      1.072979E+04
     1.615000E+00        46      5.844206E+04      9.619597E+03
     1.615500E+00        46      5.079836E+04      8.502226E+03
     1.616000E+00        46      4.482160E+04      7.621123E+03
     1.616500E+00        46      3.752408E+04      6.476207E+03
     1.617000E+00        46      3.170898E+04      5.550503E+03
     1.617500E+00        46      2.596587E+04      4.606585E+03
     1.618000E+00        46      2.105912E+04      3.784020E+03
     1.618500E+00        46      1.701087E+04      3.093919E+03
     1.619000E+00        46      1.347745E+04      2.479766E+03
     1.619500E+00        46      1.052623E+04      1.958238E+03
     1.620000E+00        46      8.077690E+03      1.518638E+03
     1.620500E+00        46      5.968763E+03      1.133509E+03
     1.621000E+00        46      4.267053E+03      8.181914E+02
     1.621500E+00        46      2.785497E+03      5.390637E+02
     1.622000E+00        46      1.600768E+03      3.125444E+02
     1.622500E+00        46      7.410449E+02      1.459215E+02
     1.623000E+00        46      1.782995E+02      3.539736E+01
     1.670500E+00        46     -1.017642E+01      0.000000E+00
     1.671000E+00        46     -8.917046E+01      0.000000E+00
     1.671500E+00        46     -2.779518E+02      0.000000E+00
     1.672000E+00        46     -5.376808E+02      0.000000E+00
     1.672500E+00        46     -7.896937E+02      0.000000E+00
     1.673000E+00        46     -1.221700E+03      0.000000E+00
     1.673500E+00        46     -1.776466E+03      0.000000E+00
     1.674000E+00        46     -2.042905E+03      0.000000E+00
     1.674500E+00        46     -2.662219E+03      0.000000E+00
     1.675000E+00        46     -2.952435E+03      0.000000E+00
     1.675500E+00        46     -3.694787E+03      0.000000E+00
     1.676000E+00        46     -4.347017E+03      0.000000E+00
     1.676500E+00        46     -4.551836E+03      0.000000E+00
     1.677000E+00        46     -5.653288E+03      0.000000E+00
     1.677500E+00        46     -5.633691E+03      0.000000E+00
     1.678000E+00        46     -6.961517E+03      0.000000E+00
     1.678500E+00        46     -7.714854E+03      0.000000E+00
     1.679000E+00        46     -7.963827E+03      0.000000E+00
     1.679500E+00        46     -9.307534E+03      0.000000E+00
     1.680000E+00        46     -9.408641E+03      0.000000E+00
     1.680500E+00        46     -1.042140E+04      0.000000E+00
     1.681000E+00        46     -1.106299E+04      0.000000E+00
     1.681500E+00        46     -1.110914E+04      0.000000E+00
     1.682000E+00        46     -1.137145E+04      0.000000E+00
     1.682500E+00        46     -1.204133E+04      0.000000E+00
     1.683000E+00        46     -1.174660E+04      0.000000E+00
     1.683500E+00        46     -1.186566E+04      0.000000E+00
     1.684000E+00        46     -1.131141E+04      0.000000E+00
     1.684500E+00        46     -1.175691E+04      0.000000E+00
     1.685000E+00        46     -1.164483E+04      0.000000E+00
     1.685500E+00        46     -1.089311E+04      0.000000E+00
     1.686000E+00        46     -1.097706E+04      0.000000E+00
     1.686500E+00        46     -1.014231E+04      0.000000E+00
     1.687000E+00        46     -1.050754E+04      0.000000E+00
     1.687500E+00        46     -1.019075E+04      0.000000E+00
     1.688000E+00        46     -9.396225E+03      0.000000E+00
     1.688500E+00        46     -9.123878E+03      0.000000E+00
     1.689000E+00        46     -8.160441E+03      0.000000E+00
     1.689500E+00        46     -7.535224E+03      0.000000E+00
     1.690000E+00        46     -6.388198E+03      0.000000E+00
     1.690500E+00        46     -4.925299E+03      0.000000E+00
     1.691000E+00        46     -3.351013E+03      0.000000E+00
     1.691500E+00        46     -1.486033E+03      0.000000E+00
     1.692000E+00        46      1.483003E+05      5.507068E+02
     1.692500E+00        46      1.472984E+05      2.455360E+03
     1.693000E+00        46      1.388293E+05      3.962124E+03
     1.693500E+00        46      1.361249E+05      5.370832E+03
     1.694000E+00        46      1.318690E+05      6.531059E+03
     1.694500E+00        46      1.165310E+05      6.857723E+03
     1.695000E+00        46      1.153953E+05      7.789408E+03
     1.695500E+00        46      9.908846E+04      7.486678E+03
     1.696000E+00        46      1.003173E+05      8.333342E+03
     1.696500E+00        46      9.893187E+04      8.913490E+03
     1.697000E+00        46      8.329259E+04      8.053034E+03
     1.697500E+00        46      8.843217E+04      9.096959E+03
     1.698000E+00        46      7.779716E+04      8.455753E+03
     1.698500E+00        46      8.602194E+04      9.821666E+03
     1.699000E+00        46      8.869995E+04      1.058695E+04
     1.699500E+00        46      8.368692E+04      1.039864E+04
     1.700000E+00        46      8.941855E+04      1.152581E+04
     1.700500E+00        46      9.144502E+04      1.218956E+04
     1.701000E+00        46      8.986431E+04      1.235460E+04
     1.701500E+00        46      9.030251E+04      1.277394E+04
     1.702000E+00        46      8.903787E+04      1.293220E+04
     1.702500E+00        46      8.737904E+04      1.300670E+04
     1.703000E+00        46      8.225741E+04      1.252774E+04
     1.703500E+00        46      7.946094E+04      1.236341E+04
     1.704000E+00        46      7.203251E+04      1.143439E+04
     1.704500E+00        46      6.666230E+04      1.078285E+04
     1.705000E+00        46      5.893019E+04      9.702344E+03
     1.705500E+00        46      5.074316E+04      8.494969E+03
     1.706000E+00        46      4.497769E+04      7.649351E+03
     1.706500E+00        46      3.743789E+04      6.462681E+03
     1.707000E+00        46      3.156667E+04      5.526686E+03
     1.707500E+00        46      2.588285E+04      4.592721E+03
     1.708000E+00        46      2.086949E+04      3.750617E+03
     1.708500E+00        46      1.688961E+04      3.072388E+03
     1.709000E+00        46      1.334108E+04      2.455074E+03
     1.709500E+00        46      1.041400E+04      1.937659E+03
     1.710000E+00        46      7.987217E+03      1.501851E+03
     1.710500E+00        46      5.906734E+03      1.121889E+03
     1.711000E+00        46      4.220038E+03      8.092864E+02
     1.711500E+00        46      2.757385E+03      5.336928E+02
     1.712000E+00        46      1.585485E+03      3.095991E+02
     1.712500E+00        46      7.299330E+02      1.437506E+02
     1.713000E+00        46      1.735153E+02      3.445153E+01
