     6.500000E-02         5     -9.251325E+00      0.000000E+00
     6.550000E-02         5     -1.035375E+02      0.000000E+00
     6.600000E-02         5     -2.947965E+02      0.000000E+00
     6.650000E-02         5     -5.469404E+02      0.000000E+00
     6.700000E-02         5     -8.893295E+02      0.000000E+00
     6.750000E-02         5     -1.225064E+03      0.000000E+00
     6.800000E-02         5     -1.612981E+03      0.000000E+00
     6.850000E-02         5     -2.114404E+03      0.000000E+00
     6.900000E-02         5     -2.505855E+03      0.000000E+00
     6.950000E-02         5     -3.155800E+03      0.000000E+00
     7.000000E-02         5     -3.523593E+03      0.000000E+00
     7.050000E-02         5     -4.046639E+03      0.000000E+00
     7.100000E-02         5     -4.930493E+03      0.000000E+00
     7.150000E-02         5     -5.311803E+03      0.000000E+00
     7.200000E-02         5     -6.507408E+03      0.000000E+00
     7.250000E-02         5     -6.723368E+03      0.000000E+00
     7.300000E-02         5     -7.339772E+03      0.000000E+00
     7.350000E-02         5     -8.730166E+03      0.000000E+00
     7.400000E-02         5     -8.849583E+03      0.000000E+00
     7.450000E-02         5     -9.415100E+03      0.000000E+00
     7.500000E-02         5     -1.085163E+04      0.000000E+00
     7.550000E-02         5     -1.088436E+04      0.000000E+00
     7.600000E-02         5     -1.261597E+04      0.000000E+00
     7.650000E-02         5     -1.185142E+04      0.000000E+00
     7.700000E-02         5     -1.215869E+04      0.000000E+00
     7.750000E-02         5     -1.367809E+04      0.000000E+00
     7.800000E-02         5     -1.294734E+04      0.000000E+00
     7.850000E-02         5     -1.496882E+04      0.000000E+00
     7.900000E-02         5     -1.317562E+04      0.000000E+00
     7.950000E-02         5     -1.302675E+04      0.000000E+00
     8.000000E-02         5     -1.451734E+04      0.000000E+00
     8.050000E-02         5     -1.284463E+04      0.000000E+00
     8.100000E-02         5     -1.453630E+04      0.000000E+00
     8.150000E-02         5     -1.184237E+04      0.000000E+00
     8.200000E-02         5     -1.086633E+04      0.000000E+00
     8.250000E-02         5     -1.149975E+04      0.000000E+00
     8.300000E-02         5     -8.967407E+03      0.000000E+00
     8.350000E-02         5     -7.702987E+03      0.000000E+00
     8.400000E-02         5     -7.355659E+03      0.000000E+00
     8.450000E-02         5     -5.222705E+03      0.000000E+00
     8.500000E-02         5     -4.433366E+03      0.000000E+00
     8.550000E-02         5     -2.572987E+03      0.000000E+00
     8.600000E-02         5     -1.045998E+03      0.000000E+00
     8.650000E-02         5      1.081100E+05      3.179391E+02
     8.700000E-02         5      9.671249E+04      1.543810E+03
     8.750000E-02         5      1.004706E+05      2.802242E+03
     8.800000E-02         5      9.038227E+04      3.512069E+03
     8.850000E-02         5      9.274844E+04      4.542353E+03
     8.900000E-02         5      9.681156E+04      5.647731E+03
     8.950000E-02         5      1.004846E+05      6.735129E+03
     9.000000E-02         5      1.089052E+05      8.180135E+03
     9.050000E-02         5      1.115733E+05      9.222200E+03
     9.100000E-02         5      1.139250E+05      1.022018E+04
     9.150000E-02         5      1.282130E+05      1.234950E+04
     9.200000E-02         5      1.320158E+05      1.353527E+04
     9.250000E-02         5      1.261996E+05      1.367599E+04
     9.300000E-02         5      1.456056E+05      1.658050E+04
     9.350000E-02         5      1.371854E+05      1.633467E+04
     9.400000E-02         5      1.402008E+05      1.738279E+04
     9.450000E-02         5      1.286354E+05      1.654766E+04
     9.500000E-02         5      1.195685E+05      1.590920E+04
     9.550000E-02         5      1.121195E+05      1.538822E+04
     9.600000E-02         5      9.736087E+04      1.375088E+04
     9.650000E-02         5      8.446253E+04      1.224988E+04
     9.700000E-02         5      6.973681E+04      1.036659E+04
     9.750000E-02         5      5.761826E+04      8.764168E+03
     9.800000E-02         5      4.358744E+04      6.773825E+03
     9.850000E-02         5      3.653558E+04      5.793226E+03
     9.900000E-02         5      2.586025E+04      4.178637E+03
     9.950000E-02         5      1.993109E+04      3.278271E+03
     1.000000E-01         5      1.974429E+04      3.302364E+03
     1.005000E-01         5      1.282097E+04      2.178558E+03
     1.010000E-01         5      1.421736E+04      2.452232E+03
     1.015000E-01         5      1.427762E+04      2.497765E+03
     1.020000E-01         5      1.173898E+04      2.081446E+03
     1.025000E-01         5      1.300371E+04      2.335345E+03
     1.030000E-01         5      1.170904E+04      2.128556E+03
     1.035000E-01         5      1.240292E+04      2.280963E+03
     1.040000E-01         5      1.132091E+04      2.105111E+03
     1.045000E-01         5      9.740912E+03      1.830529E+03
     1.050000E-01         5      8.179636E+03      1.552719E+03
     1.055000E-01         5      6.152608E+03      1.179267E+03
     1.060000E-01         5      4.352259E+03      8.419479E+02
     1.065000E-01         5      2.671149E+03      5.213403E+02
     1.070000E-01         5      1.194151E+03      2.350608E+02
     1.075000E-01         5      3.065156E+02      6.083109E+01
     1.550000E-01         5     -9.875325E+00      0.000000E+00
     1.555000E-01         5     -1.054987E+02      0.000000E+00
     1.560000E-01         5     -2.979460E+02      0.000000E+00
     1.565000E-01         5     -5.509593E+02      0.000000E+00
     1.570000E-01         5     -8.986461E+02      0.000000E+00
     1.575000E-01         5     -1.230650E+03      0.000000E+00
     1.580000E-01         5     -1.627836E+03      0.000000E+00
     1.585000E-01         5     -2.134050E+03      0.000000E+00
     1.590000E-01         5     -2.517053E+03      0.000000E+00
     1.595000E-01         5     -3.195624E+03      0.000000E+00
     1.600000E-01         5     -3.543442E+03      0.000000E+00
     1.605000E-01         5     -4.070760E+03      0.000000E+00
     1.610000E-01         5     -4.985335E+03      0.000000E+00
     1.615000E-01         5     -5.305794E+03      0.000000E+00
     1.620000E-01         5     -6.556573E+03      0.000000E+00
     1.625000E-01         5     -6.741376E+03      0.000000E+00
     1.630000E-01         5     -7.297512E+03      0.000000E+00
     1.635000E-01         5     -8.798202E+03      0.000000E+00
     1.640000E-01         5     -8.750844E+03      0.000000E+00
     1.645000E-01         5     -9.419131E+03      0.000000E+00
     1.650000E-01         5     -1.083128E+04      0.000000E+00
     1.655000E-01         5     -1.072163E+04      0.000000E+00
     1.660000E-01         5     -1.268590E+04      0.000000E+00
     1.665000E-01         5     -1.164628E+04      0.000000E+00
     1.670000E-01         5     -1.212075E+04      0.000000E+00
     1.675000E-01         5     -1.364570E+04      0.000000E+00
     1.680000E-01         5     -1.272903E+04      0.000000E+00
     1.685000E-01         5     -1.506338E+04      0.000000E+00
     1.690000E-01         5     -1.298653E+04      0.000000E+00
     1.695000E-01         5     -1.300210E+04      0.000000E+00
     1.700000E-01         5     -1.454452E+04      0.000000E+00
     1.705000E-01         5     -1.269301E+04      0.000000E+00
     1.710000E-01         5     -1.464270E+04      0.000000E+00
     1.715000E-01         5     -1.177584E+04      0.000000E+00
     1.720000E-01         5     -1.085878E+04      0.000000E+00
     1.725000E-01         5     -1.157601E+04      0.000000E+00
     1.730000E-01         5     -8.915966E+03      0.000000E+00
     1.735000E-01         5     -7.773694E+03      0.000000E+00
     1.740000E-01         5     -7.370528E+03      0.000000E+00
     1.745000E-01         5     -5.225296E+03      0.000000E+00
     1.750000E-01         5     -4.459664E+03      0.000000E+00
     1.755000E-01         5     -2.563138E+03      0.000000E+00
     1.760000E-01         5     -1.036245E+03      0.000000E+00
     1.765000E-01         5      1.087726E+05      3.412039E+02
     1.770000E-01         5      9.759410E+04      1.575369E+03
     1.775000E-01         5      1.006041E+05      2.822508E+03
     1.780000E-01         5      9.117529E+04      3.556693E+03
     1.785000E-01         5      9.288307E+04      4.561946E+03
     1.790000E-01         5      9.639109E+04      5.635705E+03
     1.795000E-01         5      1.011476E+05      6.791761E+03
     1.800000E-01         5      1.073398E+05      8.074614E+03
     1.805000E-01         5      1.097595E+05      9.083791E+03
     1.810000E-01         5      1.095171E+05      9.835516E+03
     1.815000E-01         5      1.208220E+05      1.164873E+04
     1.820000E-01         5      1.233876E+05      1.266133E+04
     1.825000E-01         5      1.143828E+05      1.240475E+04
     1.830000E-01         5      1.325312E+05      1.510188E+04
     1.835000E-01         5      1.227587E+05      1.462580E+04
     1.840000E-01         5      1.245058E+05      1.544542E+04
     1.845000E-01         5      1.130777E+05      1.455369E+04
     1.850000E-01         5      1.049315E+05      1.396817E+04
     1.855000E-01         5      9.895466E+04      1.358719E+04
     1.860000E-01         5      8.686330E+04      1.227311E+04
     1.865000E-01         5      7.611613E+04      1.104343E+04
     1.870000E-01         5      6.355534E+04      9.450926E+03
     1.875000E-01         5      5.407004E+04      8.227084E+03
     1.880000E-01         5      4.105981E+04      6.382920E+03
     1.885000E-01         5      3.604596E+04      5.717192E+03
     1.890000E-01         5      2.620264E+04      4.235077E+03
     1.895000E-01         5      2.078557E+04      3.419664E+03
     1.900000E-01         5      2.166009E+04      3.623641E+03
     1.905000E-01         5      1.418678E+04      2.411172E+03
     1.910000E-01         5      1.611906E+04      2.780823E+03
     1.915000E-01         5      1.584838E+04      2.773109E+03
     1.920000E-01         5      1.294459E+04      2.295647E+03
     1.925000E-01         5      1.434745E+04      2.577129E+03
     1.930000E-01         5      1.239169E+04      2.253038E+03
     1.935000E-01         5      1.312082E+04      2.413383E+03
     1.940000E-01         5      1.177688E+04      2.190238E+03
     1.945000E-01         5      9.941477E+03      1.868497E+03
     1.950000E-01         5      8.387379E+03      1.592380E+03
     1.955000E-01         5      6.179589E+03      1.184599E+03
     1.960000E-01         5      4.371485E+03      8.457775E+02
     1.965000E-01         5      2.666444E+03      5.204870E+02
     1.970000E-01         5      1.177010E+03      2.317145E+02
     1.975000E-01         5      2.981675E+02      5.918115E+01
     6.950000E-01         5     -1.425900E+01      0.000000E+00
     6.955000E-01         5     -1.216445E+02      0.000000E+00
     6.960000E-01         5     -3.122157E+02      0.000000E+00
     6.965000E-01         5     -5.714798E+02      0.000000E+00
     6.970000E-01         5     -9.193919E+02      0.000000E+00
     6.975000E-01         5     -1.260349E+03      0.000000E+00
     6.980000E-01         5     -1.722053E+03      0.000000E+00
     6.985000E-01         5     -2.100942E+03      0.000000E+00
     6.990000E-01         5     -2.524592E+03      0.000000E+00
     6.995000E-01         5     -3.177018E+03      0.000000E+00
     7.000000E-01         5     -3.563862E+03      0.000000E+00
     7.005000E-01         5     -4.083030E+03      0.000000E+00
     7.010000E-01         5     -4.977986E+03      0.000000E+00
     7.015000E-01         5     -5.369018E+03      0.000000E+00
     7.020000E-01         5     -6.578743E+03      0.000000E+00
     7.025000E-01         5     -6.781389E+03      0.000000E+00
     7.030000E-01         5     -7.429621E+03      0.000000E+00
     7.035000E-01         5     -8.814075E+03      0.000000E+00
     7.040000E-01         5     -8.913559E+03      0.000000E+00
     7.045000E-01         5     -1.071556E+04      0.000000E+00
     7.050000E-01         5     -1.024938E+04      0.000000E+00
     7.055000E-01         5     -1.078323E+04      0.000000E+00
     7.060000E-01         5     -1.235176E+04      0.000000E+00
     7.065000E-01         5     -1.181823E+04      0.000000E+00
     7.070000E-01         5     -1.395940E+04      0.000000E+00
     7.075000E-01         5     -1.254499E+04      0.000000E+00
     7.080000E-01         5     -1.274259E+04      0.000000E+00
     7.085000E-01         5     -1.438910E+04      0.000000E+00
     7.090000E-01         5     -1.308358E+04      0.000000E+00
     7.095000E-01         5     -1.291238E+04      0.000000E+00
     7.100000E-01         5     -1.422056E+04      0.000000E+00
     7.105000E-01         5     -1.295724E+04      0.000000E+00
     7.110000E-01         5     -1.434159E+04      0.000000E+00
     7.115000E-01         5     -1.180940E+04      0.000000E+00
     7.120000E-01         5     -1.090648E+04      0.000000E+00
     7.125000E-01         5     -1.135199E+04      0.000000E+00
     7.130000E-01         5     -9.001980E+03      0.000000E+00
     7.135000E-01         5     -9.330274E+03      0.000000E+00
     7.140000E-01         5     -6.424886E+03      0.000000E+00
     7.145000E-01         5     -4.925255E+03      0.000000E+00
     7.150000E-01         5     -4.187506E+03      0.000000E+00
     7.155000E-01         5     -2.397181E+03      0.000000E+00
     7.160000E-01         5     -1.039203E+03      0.000000E+00
     7.165000E-01         5      9.853269E+04      4.244057E+02
     7.170000E-01         5      9.267365E+04      1.595131E+03
     7.175000E-01         5      9.902917E+04      2.875617E+03
     7.180000E-01         5      8.851790E+04      3.533144E+03
     7.185000E-01         5      9.128832E+04      4.559978E+03
     7.190000E-01         5      9.722846E+04      5.760049E+03
     7.195000E-01         5      9.905384E+04      6.722560E+03
     7.200000E-01         5      1.092928E+05      8.294931E+03
     7.205000E-01         5      1.121128E+05      9.348898E+03
     7.210000E-01         5      1.128946E+05      1.020516E+04
     7.215000E-01         5      1.297890E+05      1.258479E+04
     7.220000E-01         5      1.313688E+05      1.354838E+04
     7.225000E-01         5      1.429034E+05      1.556753E+04
     7.230000E-01         5      1.380213E+05      1.579102E+04
     7.235000E-01         5      1.332405E+05      1.593261E+04
     7.240000E-01         5      1.376934E+05      1.713810E+04
     7.245000E-01         5      1.277255E+05      1.648880E+04
     7.250000E-01         5      1.276047E+05      1.703364E+04
     7.255000E-01         5      1.096842E+05      1.509906E+04
     7.260000E-01         5      9.921952E+04      1.405220E+04
     7.265000E-01         5      8.720915E+04      1.268073E+04
     7.270000E-01         5      7.589285E+04      1.130868E+04
     7.275000E-01         5      6.293044E+04      9.593552E+03
     7.280000E-01         5      4.917244E+04      7.657734E+03
     7.285000E-01         5      4.186670E+04      6.651549E+03
     7.290000E-01         5      2.945680E+04      4.768545E+03
     7.295000E-01         5      2.345665E+04      3.864844E+03
     7.300000E-01         5      2.192505E+04      3.673108E+03
     7.305000E-01         5      1.427393E+04      2.429198E+03
     7.310000E-01         5      1.531443E+04      2.645322E+03
     7.315000E-01         5      1.011361E+04      1.771757E+03
     7.320000E-01         5      1.389073E+04      2.466220E+03
     7.325000E-01         5      1.341010E+04      2.411347E+03
     7.330000E-01         5      1.183378E+04      2.153799E+03
     7.335000E-01         5      1.213701E+04      2.234601E+03
     7.340000E-01         5      1.035844E+04      1.928233E+03
     7.345000E-01         5      9.649123E+03      1.815162E+03
     7.350000E-01         5      7.845643E+03      1.490797E+03
     7.355000E-01         5      5.868894E+03      1.125957E+03
     7.360000E-01         5      4.082932E+03      7.905662E+02
     7.365000E-01         5      2.466522E+03      4.818231E+02
     7.370000E-01         5      1.063619E+03      2.095421E+02
     7.375000E-01         5      2.438702E+02      4.843753E+01
     7.850000E-01         5     -1.503892E+01      0.000000E+00
     7.855000E-01         5     -1.239413E+02      0.000000E+00
     7.860000E-01         5     -3.152070E+02      0.000000E+00
     7.865000E-01         5     -5.776947E+02      0.000000E+00
     7.870000E-01         5     -9.267458E+02      0.000000E+00
     7.875000E-01         5     -1.268141E+03      0.000000E+00
     7.880000E-01         5     -1.743108E+03      0.000000E+00
     7.885000E-01         5     -2.110094E+03      0.000000E+00
     7.890000E-01         5     -2.550243E+03      0.000000E+00
     7.895000E-01         5     -3.210368E+03      0.000000E+00
     7.900000E-01         5     -3.572339E+03      0.000000E+00
     7.905000E-01         5     -4.456942E+03      0.000000E+00
     7.910000E-01         5     -4.797511E+03      0.000000E+00
     7.915000E-01         5     -5.309806E+03      0.000000E+00
     7.920000E-01         5     -6.542154E+03      0.000000E+00
     7.925000E-01         5     -6.710827E+03      0.000000E+00
     7.930000E-01         5     -7.427839E+03      0.000000E+00
     7.935000E-01         5     -8.748974E+03      0.000000E+00
     7.940000E-01         5     -8.845877E+03      0.000000E+00
     7.945000E-01         5     -1.072752E+04      0.000000E+00
     7.950000E-01         5     -1.010438E+04      0.000000E+00
     7.955000E-01         5     -1.078078E+04      0.000000E+00
     7.960000E-01         5     -1.229080E+04      0.000000E+00
     7.965000E-01         5     -1.167555E+04      0.000000E+00
     7.970000E-01         5     -1.403385E+04      0.000000E+00
     7.975000E-01         5     -1.236002E+04      0.000000E+00
     7.980000E-01         5     -1.275835E+04      0.000000E+00
     7.985000E-01         5     -1.437842E+04      0.000000E+00
     7.990000E-01         5     -1.294387E+04      0.000000E+00
     7.995000E-01         5     -1.542942E+04      0.000000E+00
     8.000000E-01         5     -1.284415E+04      0.000000E+00
     8.005000E-01         5     -1.254400E+04      0.000000E+00
     8.010000E-01         5     -1.392516E+04      0.000000E+00
     8.015000E-01         5     -1.159425E+04      0.000000E+00
     8.020000E-01         5     -1.082639E+04      0.000000E+00
     8.025000E-01         5     -1.118202E+04      0.000000E+00
     8.030000E-01         5     -9.005482E+03      0.000000E+00
     8.035000E-01         5     -9.307724E+03      0.000000E+00
     8.040000E-01         5     -6.405292E+03      0.000000E+00
     8.045000E-01         5     -4.963770E+03      0.000000E+00
     8.050000E-01         5     -4.186493E+03      0.000000E+00
     8.055000E-01         5     -2.406292E+03      0.000000E+00
     8.060000E-01         5     -1.030716E+03      0.000000E+00
     8.065000E-01         5      9.987501E+04      4.495802E+02
     8.070000E-01         5      9.391637E+04      1.633200E+03
     8.075000E-01         5      1.003175E+05      2.929386E+03
     8.080000E-01         5      8.988315E+04      3.601141E+03
     8.085000E-01         5      9.871710E+04      4.944764E+03
     8.090000E-01         5      9.454032E+04      5.612968E+03
     8.095000E-01         5      9.767004E+04      6.640334E+03
     8.100000E-01         5      1.080272E+05      8.210931E+03
     8.105000E-01         5      1.100402E+05      9.187530E+03
     8.110000E-01         5      1.076619E+05      9.742650E+03
     8.115000E-01         5      1.231576E+05      1.195307E+04
     8.120000E-01         5      1.219171E+05      1.258410E+04
     8.125000E-01         5      1.313139E+05      1.431565E+04
     8.130000E-01         5      1.249333E+05      1.430318E+04
     8.135000E-01         5      1.187162E+05      1.420441E+04
     8.140000E-01         5      1.220638E+05      1.520110E+04
     8.145000E-01         5      1.121365E+05      1.448360E+04
     8.150000E-01         5      1.116001E+05      1.490409E+04
     8.155000E-01         5      9.408591E+04      1.295732E+04
     8.160000E-01         5      8.494980E+04      1.203595E+04
     8.165000E-01         5      7.278507E+04      1.058725E+04
     8.170000E-01         5      6.392492E+04      9.528594E+03
     8.175000E-01         5      5.210468E+04      7.945718E+03
     8.180000E-01         5      4.063391E+04      6.329888E+03
     8.185000E-01         5      3.631527E+04      5.771175E+03
     8.190000E-01         5      2.489905E+04      4.031781E+03
     8.195000E-01         5      2.167610E+04      3.572351E+03
     8.200000E-01         5      2.095332E+04      3.511131E+03
     8.205000E-01         5      1.422220E+04      2.420927E+03
     8.210000E-01         5      1.645480E+04      2.842895E+03
     8.215000E-01         5      1.086486E+04      1.903743E+03
     8.220000E-01         5      1.537528E+04      2.730306E+03
     8.225000E-01         5      1.463008E+04      2.631188E+03
     8.230000E-01         5      1.280804E+04      2.331516E+03
     8.235000E-01         5      1.319619E+04      2.430005E+03
     8.240000E-01         5      1.092797E+04      2.034566E+03
     8.245000E-01         5      1.018037E+04      1.915381E+03
     8.250000E-01         5      8.183091E+03      1.555137E+03
     8.255000E-01         5      6.022496E+03      1.155582E+03
     8.260000E-01         5      4.190965E+03      8.115897E+02
     8.265000E-01         5      2.491023E+03      4.866700E+02
     8.270000E-01         5      1.065643E+03      2.099660E+02
     8.275000E-01         5      2.394277E+02      4.756063E+01
