     1.080000E+00        52     -1.058900E+00      0.000000E+00
     1.080500E+00        52     -4.851843E+01      0.000000E+00
     1.081000E+00        52     -1.665805E+02      0.000000E+00
     1.081500E+00        52     -3.548346E+02      0.000000E+00
     1.082000E+00        52     -6.507910E+02      0.000000E+00
     1.082500E+00        52     -9.190151E+02      0.000000E+00
     1.083000E+00        52     -1.325878E+03      0.000000E+00
     1.083500E+00        52     -1.901922E+03      0.000000E+00
     1.084000E+00        52     -2.256098E+03      0.000000E+00
     1.084500E+00        52     -2.867617E+03      0.000000E+00
     1.085000E+00        52     -3.500254E+03      0.000000E+00
     1.085500E+00        52     -4.149064E+03      0.000000E+00
     1.086000E+00        52     -5.062778E+03      0.000000E+00
     1.086500E+00        52     -5.366401E+03      0.000000E+00
     1.087000E+00        52     -6.432564E+03      0.000000E+00
     1.087500E+00        52     -6.934197E+03      0.000000E+00
     1.088000E+00        52     -7.945778E+03      0.000000E+00
     1.088500E+00        52     -8.273875E+03      0.000000E+00
     1.089000E+00        52     -8.769169E+03      0.000000E+00
     1.089500E+00        52     -9.641255E+03      0.000000E+00
     1.090000E+00        52     -9.297867E+03      0.000000E+00
     1.090500E+00        52     -1.040330E+04      0.000000E+00
     1.091000E+00        52     -1.034393E+04      0.000000E+00
     1.091500E+00        52     -1.017041E+04      0.000000E+00
     1.092000E+00        52     -9.952224E+03      0.000000E+00
     1.092500E+00        52     -1.046422E+04      0.000000E+00
     1.093000E+00        52     -9.777233E+03      0.000000E+00
     1.093500E+00        52     -9.882772E+03      0.000000E+00
     1.094000E+00        52     -8.857386E+03      0.000000E+00
     1.094500E+00        52     -9.073921E+03      0.000000E+00
     1.095000E+00        52     -9.590463E+03      0.000000E+00
     1.095500E+00        52     -7.733415E+03      0.000000E+00
     1.096000E+00        52     -9.138343E+03      0.000000E+00
     1.096500E+00        52     -7.324664E+03      0.000000E+00
     1.097000E+00        52     -8.466383E+03      0.000000E+00
     1.097500E+00        52     -8.946005E+03      0.000000E+00
     1.098000E+00        52     -7.713499E+03      0.000000E+00
     1.098500E+00        52     -7.743734E+03      0.000000E+00
     1.099000E+00        52     -6.751348E+03      0.000000E+00
     1.099500E+00        52     -6.218130E+03      0.000000E+00
     1.100000E+00        52     -5.335730E+03      0.000000E+00
     1.100500E+00        52     -3.710897E+03      0.000000E+00
     1.101000E+00        52     -2.128078E+03      0.000000E+00
     1.101500E+00        52     -5.340759E+01      0.000000E+00
     1.102000E+00        52      1.522090E+05      1.974698E+03
     1.102500E+00        52      1.591716E+05      4.002988E+03
     1.103000E+00        52      1.474072E+05      5.355788E+03
     1.103500E+00        52      1.505815E+05      7.023574E+03
     1.104000E+00        52      1.497564E+05      8.412843E+03
     1.104500E+00        52      1.322406E+05      8.598175E+03
     1.105000E+00        52      1.339899E+05      9.813770E+03
     1.105500E+00        52      1.189917E+05      9.627617E+03
     1.106000E+00        52      1.207810E+05      1.063788E+04
     1.106500E+00        52      1.190660E+05      1.128598E+04
     1.107000E+00        52      1.067071E+05      1.078674E+04
     1.107500E+00        52      1.083850E+05      1.159849E+04
     1.108000E+00        52      1.021349E+05      1.149975E+04
     1.108500E+00        52      1.052896E+05      1.240961E+04
     1.109000E+00        52      1.040820E+05      1.278560E+04
     1.109500E+00        52      1.039684E+05      1.326184E+04
     1.110000E+00        52      1.018330E+05      1.344469E+04
     1.110500E+00        52      1.004389E+05      1.368695E+04
     1.111000E+00        52      1.014418E+05      1.423296E+04
     1.111500E+00        52      9.466920E+04      1.364635E+04
     1.112000E+00        52      9.637112E+04      1.424447E+04
     1.112500E+00        52      8.588336E+04      1.299425E+04
     1.113000E+00        52      7.853790E+04      1.214487E+04
     1.113500E+00        52      7.587062E+04      1.197441E+04
     1.114000E+00        52      6.421781E+04      1.033131E+04
     1.114500E+00        52      6.032142E+04      9.880860E+03
     1.115000E+00        52      4.847087E+04      8.075605E+03
     1.115500E+00        52      4.078154E+04      6.904238E+03
     1.116000E+00        52      3.541743E+04      6.087636E+03
     1.116500E+00        52      2.781290E+04      4.849640E+03
     1.117000E+00        52      2.375530E+04      4.198898E+03
     1.117500E+00        52      1.830496E+04      3.277625E+03
     1.118000E+00        52      1.484756E+04      2.691457E+03
     1.118500E+00        52      1.243881E+04      2.281392E+03
     1.119000E+00        52      9.731796E+03      1.804956E+03
     1.119500E+00        52      7.885023E+03      1.478120E+03
     1.120000E+00        52      6.579507E+03      1.246030E+03
     1.120500E+00        52      4.816774E+03      9.211471E+02
     1.121000E+00        52      3.798003E+03      7.331394E+02
     1.121500E+00        52      2.221003E+03      4.325850E+02
     1.122000E+00        52      1.131311E+03      2.222480E+02
     1.122500E+00        52      4.246731E+02      8.411947E+01
     1.123000E+00        52      1.346363E+01      2.688132E+00
     1.170000E+00        52     -1.242540E+00      0.000000E+00
     1.170500E+00        52     -4.953039E+01      0.000000E+00
     1.171000E+00        52     -1.693189E+02      0.000000E+00
     1.171500E+00        52     -3.568899E+02      0.000000E+00
     1.172000E+00        52     -6.524736E+02      0.000000E+00
     1.172500E+00        52     -9.309737E+02      0.000000E+00
     1.173000E+00        52     -1.315525E+03      0.000000E+00
     1.173500E+00        52     -1.917153E+03      0.000000E+00
     1.174000E+00        52     -2.261213E+03      0.000000E+00
     1.174500E+00        52     -2.845284E+03      0.000000E+00
     1.175000E+00        52     -3.538426E+03      0.000000E+00
     1.175500E+00        52     -4.113812E+03      0.000000E+00
     1.176000E+00        52     -5.065161E+03      0.000000E+00
     1.176500E+00        52     -5.390313E+03      0.000000E+00
     1.177000E+00        52     -6.362151E+03      0.000000E+00
     1.177500E+00        52     -6.971332E+03      0.000000E+00
     1.178000E+00        52     -7.908571E+03      0.000000E+00
     1.178500E+00        52     -8.215289E+03      0.000000E+00
     1.179000E+00        52     -8.810550E+03      0.000000E+00
     1.179500E+00        52     -9.525936E+03      0.000000E+00
     1.180000E+00        52     -9.294119E+03      0.000000E+00
     1.180500E+00        52     -1.036577E+04      0.000000E+00
     1.181000E+00        52     -1.023955E+04      0.000000E+00
     1.181500E+00        52     -1.016861E+04      0.000000E+00
     1.182000E+00        52     -9.842653E+03      0.000000E+00
     1.182500E+00        52     -1.039273E+04      0.000000E+00
     1.183000E+00        52     -9.718734E+03      0.000000E+00
     1.183500E+00        52     -9.802697E+03      0.000000E+00
     1.184000E+00        52     -8.764321E+03      0.000000E+00
     1.184500E+00        52     -9.062259E+03      0.000000E+00
     1.185000E+00        52     -9.505322E+03      0.000000E+00
     1.185500E+00        52     -7.695103E+03      0.000000E+00
     1.186000E+00        52     -9.148286E+03      0.000000E+00
     1.186500E+00        52     -7.231075E+03      0.000000E+00
     1.187000E+00        52     -8.513488E+03      0.000000E+00
     1.187500E+00        52     -8.918455E+03      0.000000E+00
     1.188000E+00        52     -7.687940E+03      0.000000E+00
     1.188500E+00        52     -7.779653E+03      0.000000E+00
     1.189000E+00        52     -6.707059E+03      0.000000E+00
     1.189500E+00        52     -6.219441E+03      0.000000E+00
     1.190000E+00        52     -5.320429E+03      0.000000E+00
     1.190500E+00        52     -3.677863E+03      0.000000E+00
     1.191000E+00        52     -2.099424E+03      0.000000E+00
     1.191500E+00        52     -2.100224E+01      0.000000E+00
     1.192000E+00        52      1.516812E+05      1.995602E+03
     1.192500E+00        52      1.581378E+05      4.003518E+03
     1.193000E+00        52      1.471093E+05      5.367675E+03
     1.193500E+00        52      1.488417E+05      6.963647E+03
     1.194000E+00        52      1.489336E+05      8.386287E+03
     1.194500E+00        52      1.312607E+05      8.550561E+03
     1.195000E+00        52      1.315208E+05      9.647950E+03
     1.195500E+00        52      1.186849E+05      9.615447E+03
     1.196000E+00        52      1.184250E+05      1.044218E+04
     1.196500E+00        52      1.177627E+05      1.117346E+04
     1.197000E+00        52      1.060281E+05      1.072742E+04
     1.197500E+00        52      1.060022E+05      1.135227E+04
     1.198000E+00        52      1.019786E+05      1.149010E+04
     1.198500E+00        52      1.037756E+05      1.223881E+04
     1.199000E+00        52      1.031172E+05      1.267427E+04
     1.199500E+00        52      1.038157E+05      1.324923E+04
     1.200000E+00        52      1.005872E+05      1.328652E+04
     1.200500E+00        52      1.003978E+05      1.368733E+04
     1.201000E+00        52      1.008920E+05      1.416154E+04
     1.201500E+00        52      9.410992E+04      1.357081E+04
     1.202000E+00        52      9.619212E+04      1.422296E+04
     1.202500E+00        52      8.525415E+04      1.290324E+04
     1.203000E+00        52      7.810048E+04      1.208090E+04
     1.203500E+00        52      7.541415E+04      1.190575E+04
     1.204000E+00        52      6.350798E+04      1.021985E+04
     1.204500E+00        52      5.983241E+04      9.803224E+03
     1.205000E+00        52      4.777286E+04      7.961199E+03
     1.205500E+00        52      4.023060E+04      6.812493E+03
     1.206000E+00        52      3.479822E+04      5.982473E+03
     1.206500E+00        52      2.731171E+04      4.763207E+03
     1.207000E+00        52      2.328667E+04      4.116849E+03
     1.207500E+00        52      1.786313E+04      3.199093E+03
     1.208000E+00        52      1.459783E+04      2.646646E+03
     1.208500E+00        52      1.210216E+04      2.220011E+03
     1.209000E+00        52      9.599617E+03      1.780720E+03
     1.209500E+00        52      7.721451E+03      1.447674E+03
     1.210000E+00        52      6.464317E+03      1.224391E+03
     1.210500E+00        52      4.764920E+03      9.113559E+02
     1.211000E+00        52      3.728348E+03      7.197885E+02
     1.211500E+00        52      2.194972E+03      4.275689E+02
     1.212000E+00        52      1.109608E+03      2.180109E+02
     1.212500E+00        52      4.127164E+02      8.176061E+01
     1.213000E+00        52      1.171190E+01      2.338646E+00
     1.710000E+00        52     -2.644217E+00      0.000000E+00
     1.710500E+00        52     -5.706322E+01      0.000000E+00
     1.711000E+00        52     -1.816342E+02      0.000000E+00
     1.711500E+00        52     -3.760436E+02      0.000000E+00
     1.712000E+00        52     -6.821880E+02      0.000000E+00
     1.712500E+00        52     -9.484106E+02      0.000000E+00
     1.713000E+00        52     -1.368788E+03      0.000000E+00
     1.713500E+00        52     -1.847897E+03      0.000000E+00
     1.714000E+00        52     -2.369330E+03      0.000000E+00
     1.714500E+00        52     -2.959374E+03      0.000000E+00
     1.715000E+00        52     -3.576006E+03      0.000000E+00
     1.715500E+00        52     -4.232267E+03      0.000000E+00
     1.716000E+00        52     -4.907256E+03      0.000000E+00
     1.716500E+00        52     -5.584165E+03      0.000000E+00
     1.717000E+00        52     -6.563237E+03      0.000000E+00
     1.717500E+00        52     -7.077463E+03      0.000000E+00
     1.718000E+00        52     -8.030194E+03      0.000000E+00
     1.718500E+00        52     -8.365259E+03      0.000000E+00
     1.719000E+00        52     -8.862535E+03      0.000000E+00
     1.719500E+00        52     -9.664310E+03      0.000000E+00
     1.720000E+00        52     -9.374525E+03      0.000000E+00
     1.720500E+00        52     -1.041287E+04      0.000000E+00
     1.721000E+00        52     -1.034792E+04      0.000000E+00
     1.721500E+00        52     -1.020308E+04      0.000000E+00
     1.722000E+00        52     -9.895626E+03      0.000000E+00
     1.722500E+00        52     -9.317400E+03      0.000000E+00
     1.723000E+00        52     -1.035310E+04      0.000000E+00
     1.723500E+00        52     -1.003631E+04      0.000000E+00
     1.724000E+00        52     -9.144622E+03      0.000000E+00
     1.724500E+00        52     -9.047163E+03      0.000000E+00
     1.725000E+00        52     -7.867069E+03      0.000000E+00
     1.725500E+00        52     -8.749579E+03      0.000000E+00
     1.726000E+00        52     -9.376412E+03      0.000000E+00
     1.726500E+00        52     -7.730754E+03      0.000000E+00
     1.727000E+00        52     -8.476122E+03      0.000000E+00
     1.727500E+00        52     -9.013826E+03      0.000000E+00
     1.728000E+00        52     -7.767552E+03      0.000000E+00
     1.728500E+00        52     -7.616754E+03      0.000000E+00
     1.729000E+00        52     -6.711250E+03      0.000000E+00
     1.729500E+00        52     -6.073840E+03      0.000000E+00
     1.730000E+00        52     -5.162109E+03      0.000000E+00
     1.730500E+00        52     -3.537459E+03      0.000000E+00
     1.731000E+00        52     -1.915397E+03      0.000000E+00
     1.731500E+00        52      1.492738E+05      1.591553E+02
     1.732000E+00        52      1.581220E+05      2.253148E+03
     1.732500E+00        52      1.608478E+05      4.233352E+03
     1.733000E+00        52      1.472230E+05      5.507654E+03
     1.733500E+00        52      1.510759E+05      7.196893E+03
     1.734000E+00        52      1.370956E+05      7.827903E+03
     1.734500E+00        52      1.384553E+05      9.120742E+03
     1.735000E+00        52      1.366823E+05      1.011992E+04
     1.735500E+00        52      1.197771E+05      9.780289E+03
     1.736000E+00        52      1.211458E+05      1.075436E+04
     1.736500E+00        52      1.200527E+05      1.145790E+04
     1.737000E+00        52      1.060042E+05      1.078073E+04
     1.737500E+00        52      1.086864E+05      1.169352E+04
     1.738000E+00        52      1.017369E+05      1.151035E+04
     1.738500E+00        52      1.042675E+05      1.234280E+04
     1.739000E+00        52      1.041346E+05      1.284277E+04
     1.739500E+00        52      1.024959E+05      1.312131E+04
     1.740000E+00        52      1.014015E+05      1.343212E+04
     1.740500E+00        52      1.026325E+05      1.402856E+04
     1.741000E+00        52      9.870408E+04      1.388789E+04
     1.741500E+00        52      9.371637E+04      1.354433E+04
     1.742000E+00        52      9.439207E+04      1.398587E+04
     1.742500E+00        52      8.514718E+04      1.291208E+04
     1.743000E+00        52      8.341351E+04      1.292618E+04
     1.743500E+00        52      7.194696E+04      1.137772E+04
     1.744000E+00        52      6.282773E+04      1.012655E+04
     1.744500E+00        52      5.822076E+04      9.553528E+03
     1.745000E+00        52      4.779800E+04      7.976702E+03
     1.745500E+00        52      3.989696E+04      6.765061E+03
     1.746000E+00        52      3.460722E+04      5.957194E+03
     1.746500E+00        52      2.752441E+04      4.806082E+03
     1.747000E+00        52      2.319768E+04      4.105804E+03
     1.747500E+00        52      1.804412E+04      3.235017E+03
     1.748000E+00        52      1.462217E+04      2.653802E+03
     1.748500E+00        52      1.217825E+04      2.236172E+03
     1.749000E+00        52      9.572237E+03      1.777312E+03
     1.749500E+00        52      8.218770E+03      1.542301E+03
     1.750000E+00        52      6.179775E+03      1.171503E+03
     1.750500E+00        52      4.617981E+03      8.839788E+02
     1.751000E+00        52      3.607796E+03      6.970644E+02
     1.751500E+00        52      2.084490E+03      4.063548E+02
     1.752000E+00        52      1.184090E+03      2.328137E+02
     1.752500E+00        52      3.324706E+02      6.590958E+01
     1.753000E+00        52      3.861729E+00      7.716322E-01
     1.800000E+00        52     -2.939526E+00      0.000000E+00
     1.800500E+00        52     -5.836977E+01      0.000000E+00
     1.801000E+00        52     -1.852813E+02      0.000000E+00
     1.801500E+00        52     -3.767921E+02      0.000000E+00
     1.802000E+00        52     -6.904653E+02      0.000000E+00
     1.802500E+00        52     -9.553781E+02      0.000000E+00
     1.803000E+00        52     -1.362111E+03      0.000000E+00
     1.803500E+00        52     -1.876899E+03      0.000000E+00
     1.804000E+00        52     -2.353812E+03      0.000000E+00
     1.804500E+00        52     -2.968069E+03      0.000000E+00
     1.805000E+00        52     -3.607611E+03      0.000000E+00
     1.805500E+00        52     -4.179936E+03      0.000000E+00
     1.806000E+00        52     -4.959421E+03      0.000000E+00
     1.806500E+00        52     -5.558136E+03      0.000000E+00
     1.807000E+00        52     -6.524552E+03      0.000000E+00
     1.807500E+00        52     -7.144346E+03      0.000000E+00
     1.808000E+00        52     -7.921437E+03      0.000000E+00
     1.808500E+00        52     -8.401639E+03      0.000000E+00
     1.809000E+00        52     -8.843436E+03      0.000000E+00
     1.809500E+00        52     -9.567587E+03      0.000000E+00
     1.810000E+00        52     -9.437895E+03      0.000000E+00
     1.810500E+00        52     -1.029101E+04      0.000000E+00
     1.811000E+00        52     -1.032862E+04      0.000000E+00
     1.811500E+00        52     -1.017911E+04      0.000000E+00
     1.812000E+00        52     -9.787687E+03      0.000000E+00
     1.812500E+00        52     -9.301861E+03      0.000000E+00
     1.813000E+00        52     -1.029436E+04      0.000000E+00
     1.813500E+00        52     -9.973574E+03      0.000000E+00
     1.814000E+00        52     -9.119550E+03      0.000000E+00
     1.814500E+00        52     -9.005525E+03      0.000000E+00
     1.815000E+00        52     -7.809766E+03      0.000000E+00
     1.815500E+00        52     -8.752623E+03      0.000000E+00
     1.816000E+00        52     -9.357357E+03      0.000000E+00
     1.816500E+00        52     -7.697356E+03      0.000000E+00
     1.817000E+00        52     -8.514757E+03      0.000000E+00
     1.817500E+00        52     -7.435773E+03      0.000000E+00
     1.818000E+00        52     -8.578470E+03      0.000000E+00
     1.818500E+00        52     -7.906026E+03      0.000000E+00
     1.819000E+00        52     -6.846317E+03      0.000000E+00
     1.819500E+00        52     -6.183163E+03      0.000000E+00
     1.820000E+00        52     -5.193122E+03      0.000000E+00
     1.820500E+00        52     -3.548318E+03      0.000000E+00
     1.821000E+00        52     -1.897235E+03      0.000000E+00
     1.821500E+00        52      1.496974E+05      1.893143E+02
     1.822000E+00        52      1.579491E+05      2.279326E+03
     1.822500E+00        52      1.606000E+05      4.253546E+03
     1.823000E+00        52      1.465181E+05      5.503722E+03
     1.823500E+00        52      1.492512E+05      7.131079E+03
     1.824000E+00        52      1.364708E+05      7.810110E+03
     1.824500E+00        52      1.359200E+05      8.970272E+03
     1.825000E+00        52      1.352043E+05      1.002581E+04
     1.825500E+00        52      1.183336E+05      9.674950E+03
     1.826000E+00        52      1.182294E+05      1.050718E+04
     1.826500E+00        52      1.082121E+05      1.033789E+04
     1.827000E+00        52      1.093773E+05      1.113333E+04
     1.827500E+00        52      1.092936E+05      1.176784E+04
     1.828000E+00        52      1.029752E+05      1.165844E+04
     1.828500E+00        52      1.029902E+05      1.219915E+04
     1.829000E+00        52      1.049146E+05      1.294623E+04
     1.829500E+00        52      1.022257E+05      1.309342E+04
     1.830000E+00        52      1.007982E+05      1.335848E+04
     1.830500E+00        52      1.031940E+05      1.411142E+04
     1.831000E+00        52      9.791438E+04      1.378230E+04
     1.831500E+00        52      9.364242E+04      1.353867E+04
     1.832000E+00        52      9.427698E+04      1.397365E+04
     1.832500E+00        52      8.424270E+04      1.277904E+04
     1.833000E+00        52      8.338889E+04      1.292626E+04
     1.833500E+00        52      7.113380E+04      1.125231E+04
     1.834000E+00        52      6.224628E+04      1.003550E+04
     1.834500E+00        52      5.778766E+04      9.484833E+03
     1.835000E+00        52      4.688644E+04      7.826424E+03
     1.835500E+00        52      4.196370E+04      7.117091E+03
     1.836000E+00        52      3.272421E+04      5.634246E+03
     1.836500E+00        52      2.675345E+04      4.672397E+03
     1.837000E+00        52      2.237585E+04      3.961100E+03
     1.837500E+00        52      1.753537E+04      3.144375E+03
     1.838000E+00        52      1.428360E+04      2.592799E+03
     1.838500E+00        52      1.178162E+04      2.163698E+03
     1.839000E+00        52      9.459870E+03      1.756723E+03
     1.839500E+00        52      8.019076E+03      1.505052E+03
     1.840000E+00        52      6.098348E+03      1.156232E+03
     1.840500E+00        52      4.563394E+03      8.736492E+02
     1.841000E+00        52      3.550416E+03      6.860679E+02
     1.841500E+00        52      2.066379E+03      4.028748E+02
     1.842000E+00        52      1.163040E+03      2.287026E+02
     1.842500E+00        52      3.235286E+02      6.414436E+01
     1.843000E+00        52      2.981675E+00      5.958505E-01
