     1.145000E+00        55     -1.023254E+01      0.000000E+00
     1.145500E+00        55     -6.554667E+01      0.000000E+00
     1.146000E+00        55     -2.009201E+02      0.000000E+00
     1.146500E+00        55     -4.344300E+02      0.000000E+00
     1.147000E+00        55     -5.894975E+02      0.000000E+00
     1.147500E+00        55     -1.017480E+03      0.000000E+00
     1.148000E+00        55     -1.222304E+03      0.000000E+00
     1.148500E+00        55     -2.031015E+03      0.000000E+00
     1.149000E+00        55     -2.617852E+03      0.000000E+00
     1.149500E+00        55     -2.852846E+03      0.000000E+00
     1.150000E+00        55     -3.884322E+03      0.000000E+00
     1.150500E+00        55     -4.186344E+03      0.000000E+00
     1.151000E+00        55     -5.428583E+03      0.000000E+00
     1.151500E+00        55     -6.222558E+03      0.000000E+00
     1.152000E+00        55     -6.181548E+03      0.000000E+00
     1.152500E+00        55     -7.582855E+03      0.000000E+00
     1.153000E+00        55     -7.094200E+03      0.000000E+00
     1.153500E+00        55     -8.770821E+03      0.000000E+00
     1.154000E+00        55     -9.457691E+03      0.000000E+00
     1.154500E+00        55     -8.422604E+03      0.000000E+00
     1.155000E+00        55     -1.013796E+04      0.000000E+00
     1.155500E+00        55     -1.004484E+04      0.000000E+00
     1.156000E+00        55     -9.366132E+03      0.000000E+00
     1.156500E+00        55     -1.014338E+04      0.000000E+00
     1.157000E+00        55     -8.338132E+03      0.000000E+00
     1.157500E+00        55     -1.043722E+04      0.000000E+00
     1.158000E+00        55     -1.056497E+04      0.000000E+00
     1.158500E+00        55     -9.307985E+03      0.000000E+00
     1.159000E+00        55     -1.074876E+04      0.000000E+00
     1.159500E+00        55     -8.700908E+03      0.000000E+00
     1.160000E+00        55     -1.094697E+04      0.000000E+00
     1.160500E+00        55     -1.110820E+04      0.000000E+00
     1.161000E+00        55     -9.807947E+03      0.000000E+00
     1.161500E+00        55     -1.114263E+04      0.000000E+00
     1.162000E+00        55     -9.334925E+03      0.000000E+00
     1.162500E+00        55     -1.069409E+04      0.000000E+00
     1.163000E+00        55     -1.021060E+04      0.000000E+00
     1.163500E+00        55     -8.513307E+03      0.000000E+00
     1.164000E+00        55     -8.280221E+03      0.000000E+00
     1.164500E+00        55     -6.975195E+03      0.000000E+00
     1.165000E+00        55     -4.951742E+03      0.000000E+00
     1.165500E+00        55     -3.415670E+03      0.000000E+00
     1.166000E+00        55     -1.252524E+03      0.000000E+00
     1.166500E+00        55      1.599573E+05      8.438656E+02
     1.167000E+00        55      1.613146E+05      2.919488E+03
     1.167500E+00        55      1.428845E+05      4.265304E+03
     1.168000E+00        55      1.479137E+05      6.014748E+03
     1.168500E+00        55      1.333576E+05      6.753787E+03
     1.169000E+00        55      1.352051E+05      8.096723E+03
     1.169500E+00        55      1.359519E+05      9.307938E+03
     1.170000E+00        55      1.199886E+05      9.173494E+03
     1.170500E+00        55      1.215140E+05      1.019605E+04
     1.171000E+00        55      1.125062E+05      1.022484E+04
     1.171500E+00        55      1.138912E+05      1.109534E+04
     1.172000E+00        55      1.132017E+05      1.172340E+04
     1.172500E+00        55      1.049054E+05      1.147059E+04
     1.173000E+00        55      1.032207E+05      1.184890E+04
     1.173500E+00        55      1.038874E+05      1.246012E+04
     1.174000E+00        55      9.329998E+04      1.164452E+04
     1.174500E+00        55      9.128169E+04      1.181363E+04
     1.175000E+00        55      8.311308E+04      1.112012E+04
     1.175500E+00        55      8.025718E+04      1.107162E+04
     1.176000E+00        55      7.670547E+04      1.088493E+04
     1.176500E+00        55      6.491721E+04      9.456559E+03
     1.177000E+00        55      6.162692E+04      9.198519E+03
     1.177500E+00        55      4.949115E+04      7.556727E+03
     1.178000E+00        55      4.927398E+04      7.684924E+03
     1.178500E+00        55      4.511849E+04      7.178144E+03
     1.179000E+00        55      3.388102E+04      5.491921E+03
     1.179500E+00        55      3.381381E+04      5.578206E+03
     1.180000E+00        55      2.322482E+04      3.895379E+03
     1.180500E+00        55      2.677405E+04      4.561526E+03
     1.181000E+00        55      2.465910E+04      4.263895E+03
     1.181500E+00        55      1.768306E+04      3.100872E+03
     1.182000E+00        55      1.913529E+04      3.400547E+03
     1.182500E+00        55      1.793734E+04      3.228291E+03
     1.183000E+00        55      1.291787E+04      2.353104E+03
     1.183500E+00        55      1.281054E+04      2.360519E+03
     1.184000E+00        55      8.912610E+03      1.660372E+03
     1.184500E+00        55      8.875032E+03      1.670775E+03
     1.185000E+00        55      7.065973E+03      1.343596E+03
     1.185500E+00        55      4.348254E+03      8.347840E+02
     1.186000E+00        55      3.299613E+03      6.393089E+02
     1.186500E+00        55      1.513503E+03      2.958394E+02
     1.187000E+00        55      7.837641E+02      1.545006E+02
     1.187500E+00        55      1.618577E+02      3.216666E+01
     1.235000E+00        55     -1.071236E+01      0.000000E+00
     1.235500E+00        55     -6.645753E+01      0.000000E+00
     1.236000E+00        55     -2.018917E+02      0.000000E+00
     1.236500E+00        55     -4.356604E+02      0.000000E+00
     1.237000E+00        55     -5.881945E+02      0.000000E+00
     1.237500E+00        55     -1.009798E+03      0.000000E+00
     1.238000E+00        55     -1.217919E+03      0.000000E+00
     1.238500E+00        55     -2.006510E+03      0.000000E+00
     1.239000E+00        55     -2.597088E+03      0.000000E+00
     1.239500E+00        55     -2.823328E+03      0.000000E+00
     1.240000E+00        55     -3.819139E+03      0.000000E+00
     1.240500E+00        55     -4.156786E+03      0.000000E+00
     1.241000E+00        55     -5.340029E+03      0.000000E+00
     1.241500E+00        55     -6.156900E+03      0.000000E+00
     1.242000E+00        55     -6.125714E+03      0.000000E+00
     1.242500E+00        55     -7.475258E+03      0.000000E+00
     1.243000E+00        55     -7.056133E+03      0.000000E+00
     1.243500E+00        55     -8.693414E+03      0.000000E+00
     1.244000E+00        55     -9.381480E+03      0.000000E+00
     1.244500E+00        55     -8.408052E+03      0.000000E+00
     1.245000E+00        55     -1.005579E+04      0.000000E+00
     1.245500E+00        55     -1.002013E+04      0.000000E+00
     1.246000E+00        55     -9.349458E+03      0.000000E+00
     1.246500E+00        55     -1.004618E+04      0.000000E+00
     1.247000E+00        55     -8.353724E+03      0.000000E+00
     1.247500E+00        55     -1.033023E+04      0.000000E+00
     1.248000E+00        55     -1.048909E+04      0.000000E+00
     1.248500E+00        55     -9.253718E+03      0.000000E+00
     1.249000E+00        55     -1.056985E+04      0.000000E+00
     1.249500E+00        55     -8.632172E+03      0.000000E+00
     1.250000E+00        55     -1.077154E+04      0.000000E+00
     1.250500E+00        55     -1.094715E+04      0.000000E+00
     1.251000E+00        55     -9.673083E+03      0.000000E+00
     1.251500E+00        55     -1.093017E+04      0.000000E+00
     1.252000E+00        55     -9.199549E+03      0.000000E+00
     1.252500E+00        55     -1.052419E+04      0.000000E+00
     1.253000E+00        55     -1.007233E+04      0.000000E+00
     1.253500E+00        55     -8.403107E+03      0.000000E+00
     1.254000E+00        55     -8.168679E+03      0.000000E+00
     1.254500E+00        55     -6.181757E+03      0.000000E+00
     1.255000E+00        55     -5.204237E+03      0.000000E+00
     1.255500E+00        55     -3.444885E+03      0.000000E+00
     1.256000E+00        55     -1.233314E+03      0.000000E+00
     1.256500E+00        55      1.614220E+05      8.827309E+02
     1.257000E+00        55      1.620626E+05      2.961628E+03
     1.257500E+00        55      1.437384E+05      4.314094E+03
     1.258000E+00        55      1.486232E+05      6.065801E+03
     1.258500E+00        55      1.336821E+05      6.788681E+03
     1.259000E+00        55      1.355133E+05      8.132531E+03
     1.259500E+00        55      1.362282E+05      9.343071E+03
     1.260000E+00        55      1.195159E+05      9.150622E+03
     1.260500E+00        55      1.216173E+05      1.021733E+04
     1.261000E+00        55      1.118021E+05      1.017171E+04
     1.261500E+00        55      1.131969E+05      1.103801E+04
     1.262000E+00        55      1.127188E+05      1.168305E+04
     1.262500E+00        55      1.035048E+05      1.132580E+04
     1.263000E+00        55      1.025622E+05      1.178113E+04
     1.263500E+00        55      9.528509E+04      1.143524E+04
     1.264000E+00        55      9.565298E+04      1.194471E+04
     1.264500E+00        55      9.141049E+04      1.183621E+04
     1.265000E+00        55      8.307345E+04      1.111991E+04
     1.265500E+00        55      7.942433E+04      1.096135E+04
     1.266000E+00        55      7.596248E+04      1.078372E+04
     1.266500E+00        55      6.421581E+04      9.357784E+03
     1.267000E+00        55      6.042958E+04      9.022853E+03
     1.267500E+00        55      4.885167E+04      7.461441E+03
     1.268000E+00        55      4.818127E+04      7.516721E+03
     1.268500E+00        55      4.422062E+04      7.037247E+03
     1.269000E+00        55      3.321718E+04      5.385719E+03
     1.269500E+00        55      3.284261E+04      5.419319E+03
     1.270000E+00        55      2.272185E+04      3.811902E+03
     1.270500E+00        55      2.610863E+04      4.449132E+03
     1.271000E+00        55      2.411386E+04      4.170481E+03
     1.271500E+00        55      1.736268E+04      3.045290E+03
     1.272000E+00        55      1.872106E+04      3.327555E+03
     1.272500E+00        55      1.273696E+04      2.292755E+03
     1.273000E+00        55      1.502809E+04      2.737963E+03
     1.273500E+00        55      1.330476E+04      2.451981E+03
     1.274000E+00        55      9.373376E+03      1.746480E+03
     1.274500E+00        55      8.961060E+03      1.687219E+03
     1.275000E+00        55      7.161760E+03      1.362002E+03
     1.275500E+00        55      4.419466E+03      8.485700E+02
     1.276000E+00        55      3.290196E+03      6.375668E+02
     1.276500E+00        55      1.525097E+03      2.981427E+02
     1.277000E+00        55      7.757731E+02      1.529436E+02
     1.277500E+00        55      1.569536E+02      3.119562E+01
     1.775000E+00        55     -1.415621E+01      0.000000E+00
     1.775500E+00        55     -7.469971E+01      0.000000E+00
     1.776000E+00        55     -2.171037E+02      0.000000E+00
     1.776500E+00        55     -3.720385E+02      0.000000E+00
     1.777000E+00        55     -6.982678E+02      0.000000E+00
     1.777500E+00        55     -1.083046E+03      0.000000E+00
     1.778000E+00        55     -1.298812E+03      0.000000E+00
     1.778500E+00        55     -2.113985E+03      0.000000E+00
     1.779000E+00        55     -2.267150E+03      0.000000E+00
     1.779500E+00        55     -3.248518E+03      0.000000E+00
     1.780000E+00        55     -4.013589E+03      0.000000E+00
     1.780500E+00        55     -4.409433E+03      0.000000E+00
     1.781000E+00        55     -5.572811E+03      0.000000E+00
     1.781500E+00        55     -5.428189E+03      0.000000E+00
     1.782000E+00        55     -6.908526E+03      0.000000E+00
     1.782500E+00        55     -7.721307E+03      0.000000E+00
     1.783000E+00        55     -7.459132E+03      0.000000E+00
     1.783500E+00        55     -8.919493E+03      0.000000E+00
     1.784000E+00        55     -9.448561E+03      0.000000E+00
     1.784500E+00        55     -8.702827E+03      0.000000E+00
     1.785000E+00        55     -9.983716E+03      0.000000E+00
     1.785500E+00        55     -8.585824E+03      0.000000E+00
     1.786000E+00        55     -1.023929E+04      0.000000E+00
     1.786500E+00        55     -1.018600E+04      0.000000E+00
     1.787000E+00        55     -8.898484E+03      0.000000E+00
     1.787500E+00        55     -1.031321E+04      0.000000E+00
     1.788000E+00        55     -8.243977E+03      0.000000E+00
     1.788500E+00        55     -1.078582E+04      0.000000E+00
     1.789000E+00        55     -1.086216E+04      0.000000E+00
     1.789500E+00        55     -9.465865E+03      0.000000E+00
     1.790000E+00        55     -1.090885E+04      0.000000E+00
     1.790500E+00        55     -8.959963E+03      0.000000E+00
     1.791000E+00        55     -1.124384E+04      0.000000E+00
     1.791500E+00        55     -1.126484E+04      0.000000E+00
     1.792000E+00        55     -9.822793E+03      0.000000E+00
     1.792500E+00        55     -1.070121E+04      0.000000E+00
     1.793000E+00        55     -1.014985E+04      0.000000E+00
     1.793500E+00        55     -8.576877E+03      0.000000E+00
     1.794000E+00        55     -8.059876E+03      0.000000E+00
     1.794500E+00        55     -6.137087E+03      0.000000E+00
     1.795000E+00        55     -5.078491E+03      0.000000E+00
     1.795500E+00        55     -3.259637E+03      0.000000E+00
     1.796000E+00        55     -1.059148E+03      0.000000E+00
     1.796500E+00        55      1.606425E+05      1.063549E+03
     1.797000E+00        55      1.459879E+05      2.821783E+03
     1.797500E+00        55      1.506998E+05      4.668969E+03
     1.798000E+00        55      1.514361E+05      6.315778E+03
     1.798500E+00        55      1.331925E+05      6.873754E+03
     1.799000E+00        55      1.358800E+05      8.258549E+03
     1.799500E+00        55      1.237571E+05      8.575853E+03
     1.800000E+00        55      1.252746E+05      9.674674E+03
     1.800500E+00        55      1.250300E+05      1.058158E+04
     1.801000E+00        55      1.135562E+05      1.039727E+04
     1.801500E+00        55      1.131694E+05      1.109703E+04
     1.802000E+00        55      1.152038E+05      1.199969E+04
     1.802500E+00        55      1.032141E+05      1.134385E+04
     1.803000E+00        55      1.033426E+05      1.191788E+04
     1.803500E+00        55      9.678864E+04      1.165739E+04
     1.804000E+00        55      9.482761E+04      1.188033E+04
     1.804500E+00        55      9.320451E+04      1.210455E+04
     1.805000E+00        55      8.306278E+04      1.114899E+04
     1.805500E+00        55      7.964119E+04      1.101909E+04
     1.806000E+00        55      6.948846E+04      9.887750E+03
     1.806500E+00        55      6.746054E+04      9.851983E+03
     1.807000E+00        55      6.275332E+04      9.388776E+03
     1.807500E+00        55      5.076485E+04      7.768303E+03
     1.808000E+00        55      4.856191E+04      7.589505E+03
     1.808500E+00        55      3.616778E+04      5.765273E+03
     1.809000E+00        55      3.810559E+04      6.187948E+03
     1.809500E+00        55      3.470708E+04      5.735391E+03
     1.810000E+00        55      2.516808E+04      4.228149E+03
     1.810500E+00        55      2.637852E+04      4.501021E+03
     1.811000E+00        55      2.500613E+04      4.330172E+03
     1.811500E+00        55      1.787695E+04      3.139185E+03
     1.812000E+00        55      1.855711E+04      3.302106E+03
     1.812500E+00        55      1.309388E+04      2.359513E+03
     1.813000E+00        55      1.475381E+04      2.690718E+03
     1.813500E+00        55      1.312631E+04      2.421433E+03
     1.814000E+00        55      9.246300E+03      1.724393E+03
     1.814500E+00        55      8.640582E+03      1.628314E+03
     1.815000E+00        55      5.508226E+03      1.048422E+03
     1.815500E+00        55      4.796284E+03      9.216666E+02
     1.816000E+00        55      3.248900E+03      6.300525E+02
     1.816500E+00        55      1.466117E+03      2.868259E+02
     1.817000E+00        55      7.101947E+02      1.401148E+02
     1.817500E+00        55      1.021431E+02      2.031558E+01
     1.865000E+00        55     -1.472466E+01      0.000000E+00
     1.865500E+00        55     -7.590382E+01      0.000000E+00
     1.866000E+00        55     -2.183445E+02      0.000000E+00
     1.866500E+00        55     -3.734788E+02      0.000000E+00
     1.867000E+00        55     -6.981465E+02      0.000000E+00
     1.867500E+00        55     -1.076973E+03      0.000000E+00
     1.868000E+00        55     -1.296257E+03      0.000000E+00
     1.868500E+00        55     -2.089610E+03      0.000000E+00
     1.869000E+00        55     -2.252358E+03      0.000000E+00
     1.869500E+00        55     -3.212609E+03      0.000000E+00
     1.870000E+00        55     -3.962874E+03      0.000000E+00
     1.870500E+00        55     -4.376638E+03      0.000000E+00
     1.871000E+00        55     -5.489096E+03      0.000000E+00
     1.871500E+00        55     -5.379271E+03      0.000000E+00
     1.872000E+00        55     -6.842231E+03      0.000000E+00
     1.872500E+00        55     -7.635713E+03      0.000000E+00
     1.873000E+00        55     -7.428298E+03      0.000000E+00
     1.873500E+00        55     -8.838693E+03      0.000000E+00
     1.874000E+00        55     -9.413344E+03      0.000000E+00
     1.874500E+00        55     -8.678803E+03      0.000000E+00
     1.875000E+00        55     -9.910854E+03      0.000000E+00
     1.875500E+00        55     -8.608391E+03      0.000000E+00
     1.876000E+00        55     -1.016935E+04      0.000000E+00
     1.876500E+00        55     -1.017008E+04      0.000000E+00
     1.877000E+00        55     -8.882355E+03      0.000000E+00
     1.877500E+00        55     -1.021411E+04      0.000000E+00
     1.878000E+00        55     -8.234330E+03      0.000000E+00
     1.878500E+00        55     -1.066125E+04      0.000000E+00
     1.879000E+00        55     -1.078351E+04      0.000000E+00
     1.879500E+00        55     -9.362039E+03      0.000000E+00
     1.880000E+00        55     -1.075084E+04      0.000000E+00
     1.880500E+00        55     -8.845684E+03      0.000000E+00
     1.881000E+00        55     -1.106834E+04      0.000000E+00
     1.881500E+00        55     -1.112099E+04      0.000000E+00
     1.882000E+00        55     -9.672089E+03      0.000000E+00
     1.882500E+00        55     -1.054699E+04      0.000000E+00
     1.883000E+00        55     -1.002832E+04      0.000000E+00
     1.883500E+00        55     -8.460443E+03      0.000000E+00
     1.884000E+00        55     -7.970925E+03      0.000000E+00
     1.884500E+00        55     -6.064285E+03      0.000000E+00
     1.885000E+00        55     -5.022687E+03      0.000000E+00
     1.885500E+00        55     -3.217927E+03      0.000000E+00
     1.886000E+00        55     -1.026866E+03      0.000000E+00
     1.886500E+00        55      1.603391E+05      1.092188E+03
     1.887000E+00        55      1.458749E+05      2.845120E+03
     1.887500E+00        55      1.507374E+05      4.694361E+03
     1.888000E+00        55      1.515672E+05      6.343704E+03
     1.888500E+00        55      1.334097E+05      6.903244E+03
     1.889000E+00        55      1.360598E+05      8.286774E+03
     1.889500E+00        55      1.240073E+05      8.607847E+03
     1.890000E+00        55      1.252696E+05      9.688096E+03
     1.890500E+00        55      1.252219E+05      1.061072E+04
     1.891000E+00        55      1.132959E+05      1.038436E+04
     1.891500E+00        55      1.130936E+05      1.109985E+04
     1.892000E+00        55      1.148049E+05      1.196792E+04
     1.892500E+00        55      1.026829E+05      1.129371E+04
     1.893000E+00        55      1.028891E+05      1.187338E+04
     1.893500E+00        55      9.589939E+04      1.155715E+04
     1.894000E+00        55      9.414633E+04      1.180136E+04
     1.894500E+00        55      9.211507E+04      1.196899E+04
     1.895000E+00        55      8.215216E+04      1.103178E+04
     1.895500E+00        55      7.856538E+04      1.087480E+04
     1.896000E+00        55      6.845341E+04      9.744250E+03
     1.896500E+00        55      6.652340E+04      9.718626E+03
     1.897000E+00        55      6.159444E+04      9.218485E+03
     1.897500E+00        55      4.999485E+04      7.652873E+03
     1.898000E+00        55      4.751140E+04      7.427505E+03
     1.898500E+00        55      3.541059E+04      5.646129E+03
     1.899000E+00        55      3.740440E+04      6.075657E+03
     1.899500E+00        55      3.385841E+04      5.596513E+03
     1.900000E+00        55      2.475419E+04      4.159575E+03
     1.900500E+00        55      2.570747E+04      4.387474E+03
     1.901000E+00        55      2.461184E+04      4.262773E+03
     1.901500E+00        55      1.757667E+04      3.087060E+03
     1.902000E+00        55      1.818333E+04      3.236197E+03
     1.902500E+00        55      1.299127E+04      2.341436E+03
     1.903000E+00        55      1.455433E+04      2.654785E+03
     1.903500E+00        55      1.302581E+04      2.403281E+03
     1.904000E+00        55      9.215351E+03      1.718885E+03
     1.904500E+00        55      8.574069E+03      1.616017E+03
     1.905000E+00        55      5.510662E+03      1.049033E+03
     1.905500E+00        55      4.778882E+03      9.184460E+02
     1.906000E+00        55      3.233582E+03      6.271628E+02
     1.906500E+00        55      1.462330E+03      2.861204E+02
     1.907000E+00        55      7.012973E+02      1.383759E+02
     1.907500E+00        55      9.881570E+01      1.965604E+01
