     1.188000E+00        57     -1.479419E+00      0.000000E+00
     1.188500E+00        57     -6.793097E+01      0.000000E+00
     1.189000E+00        57     -1.845367E+02      0.000000E+00
     1.189500E+00        57     -4.275751E+02      0.000000E+00
     1.190000E+00        57     -7.602152E+02      0.000000E+00
     1.190500E+00        57     -9.284491E+02      0.000000E+00
     1.191000E+00        57     -1.450756E+03      0.000000E+00
     1.191500E+00        57     -2.120420E+03      0.000000E+00
     1.192000E+00        57     -2.120535E+03      0.000000E+00
     1.192500E+00        57     -3.072120E+03      0.000000E+00
     1.193000E+00        57     -3.388330E+03      0.000000E+00
     1.193500E+00        57     -4.554340E+03      0.000000E+00
     1.194000E+00        57     -5.597927E+03      0.000000E+00
     1.194500E+00        57     -6.047650E+03      0.000000E+00
     1.195000E+00        57     -7.299629E+03      0.000000E+00
     1.195500E+00        57     -8.183798E+03      0.000000E+00
     1.196000E+00        57     -9.514505E+03      0.000000E+00
     1.196500E+00        57     -1.044838E+04      0.000000E+00
     1.197000E+00        57     -1.146045E+04      0.000000E+00
     1.197500E+00        57     -1.216016E+04      0.000000E+00
     1.198000E+00        57     -1.301070E+04      0.000000E+00
     1.198500E+00        57     -1.332192E+04      0.000000E+00
     1.199000E+00        57     -1.329593E+04      0.000000E+00
     1.199500E+00        57     -1.351951E+04      0.000000E+00
     1.200000E+00        57     -1.305198E+04      0.000000E+00
     1.200500E+00        57     -1.288794E+04      0.000000E+00
     1.201000E+00        57     -1.255482E+04      0.000000E+00
     1.201500E+00        57     -1.196819E+04      0.000000E+00
     1.202000E+00        57     -1.114035E+04      0.000000E+00
     1.202500E+00        57     -1.091369E+04      0.000000E+00
     1.203000E+00        57     -9.993092E+03      0.000000E+00
     1.203500E+00        57     -1.019104E+04      0.000000E+00
     1.204000E+00        57     -9.784187E+03      0.000000E+00
     1.204500E+00        57     -9.097638E+03      0.000000E+00
     1.205000E+00        57     -9.067063E+03      0.000000E+00
     1.205500E+00        57     -8.645984E+03      0.000000E+00
     1.206000E+00        57     -8.364869E+03      0.000000E+00
     1.206500E+00        57     -7.630302E+03      0.000000E+00
     1.207000E+00        57     -6.884715E+03      0.000000E+00
     1.207500E+00        57     -5.959578E+03      0.000000E+00
     1.208000E+00        57     -4.473098E+03      0.000000E+00
     1.208500E+00        57     -3.144556E+03      0.000000E+00
     1.209000E+00        57     -1.745926E+03      0.000000E+00
     1.209500E+00        57     -1.146973E+01      0.000000E+00
     1.210000E+00        57      1.120998E+05      1.478945E+03
     1.210500E+00        57      1.209802E+05      3.066870E+03
     1.211000E+00        57      1.018361E+05      3.718906E+03
     1.211500E+00        57      1.086819E+05      5.087842E+03
     1.212000E+00        57      1.122142E+05      6.321618E+03
     1.212500E+00        57      9.166525E+04      5.973489E+03
     1.213000E+00        57      1.065742E+05      7.820378E+03
     1.213500E+00        57      9.090984E+04      7.367141E+03
     1.214000E+00        57      1.048952E+05      9.251274E+03
     1.214500E+00        57      1.111734E+05      1.055034E+04
     1.215000E+00        57      1.011006E+05      1.023066E+04
     1.215500E+00        57      1.157557E+05      1.239873E+04
     1.216000E+00        57      1.132948E+05      1.276689E+04
     1.216500E+00        57      1.179483E+05      1.391202E+04
     1.217000E+00        57      1.221635E+05      1.501699E+04
     1.217500E+00        57      1.206540E+05      1.539976E+04
     1.218000E+00        57      1.226118E+05      1.619728E+04
     1.218500E+00        57      1.132086E+05      1.543518E+04
     1.219000E+00        57      1.138302E+05      1.597887E+04
     1.219500E+00        57      1.080514E+05      1.558236E+04
     1.220000E+00        57      1.038495E+05      1.535624E+04
     1.220500E+00        57      9.004671E+04      1.362948E+04
     1.221000E+00        57      7.805727E+04      1.207494E+04
     1.221500E+00        57      7.358657E+04      1.161789E+04
     1.222000E+00        57      6.373490E+04      1.025691E+04
     1.222500E+00        57      5.533721E+04      9.067166E+03
     1.223000E+00        57      4.528096E+04      7.546290E+03
     1.223500E+00        57      3.753919E+04      6.357025E+03
     1.224000E+00        57      3.327000E+04      5.719985E+03
     1.224500E+00        57      2.687317E+04      4.686913E+03
     1.225000E+00        57      2.382202E+04      4.211655E+03
     1.225500E+00        57      1.911709E+04      3.423787E+03
     1.226000E+00        57      1.560448E+04      2.829253E+03
     1.226500E+00        57      1.371399E+04      2.515767E+03
     1.227000E+00        57      1.057806E+04      1.962283E+03
     1.227500E+00        57      8.381202E+03      1.571416E+03
     1.228000E+00        57      7.155904E+03      1.355422E+03
     1.228500E+00        57      5.139561E+03      9.830382E+02
     1.229000E+00        57      3.714904E+03      7.172119E+02
     1.229500E+00        57      2.149333E+03      4.186893E+02
     1.230000E+00        57      1.044676E+03      2.052584E+02
     1.230500E+00        57      3.361737E+02      6.659877E+01
     1.231000E+00        57      9.466294E+00      1.890283E+00
     1.278000E+00        57     -1.717696E+00      0.000000E+00
     1.278500E+00        57     -6.972865E+01      0.000000E+00
     1.279000E+00        57     -1.863208E+02      0.000000E+00
     1.279500E+00        57     -4.295830E+02      0.000000E+00
     1.280000E+00        57     -7.645381E+02      0.000000E+00
     1.280500E+00        57     -9.174494E+02      0.000000E+00
     1.281000E+00        57     -1.449530E+03      0.000000E+00
     1.281500E+00        57     -1.618960E+03      0.000000E+00
     1.282000E+00        57     -2.416130E+03      0.000000E+00
     1.282500E+00        57     -3.227003E+03      0.000000E+00
     1.283000E+00        57     -3.458367E+03      0.000000E+00
     1.283500E+00        57     -4.590126E+03      0.000000E+00
     1.284000E+00        57     -5.682280E+03      0.000000E+00
     1.284500E+00        57     -5.986857E+03      0.000000E+00
     1.285000E+00        57     -7.367316E+03      0.000000E+00
     1.285500E+00        57     -8.124535E+03      0.000000E+00
     1.286000E+00        57     -9.464161E+03      0.000000E+00
     1.286500E+00        57     -1.049583E+04      0.000000E+00
     1.287000E+00        57     -1.128385E+04      0.000000E+00
     1.287500E+00        57     -1.224865E+04      0.000000E+00
     1.288000E+00        57     -1.287465E+04      0.000000E+00
     1.288500E+00        57     -1.328682E+04      0.000000E+00
     1.289000E+00        57     -1.332393E+04      0.000000E+00
     1.289500E+00        57     -1.334950E+04      0.000000E+00
     1.290000E+00        57     -1.311810E+04      0.000000E+00
     1.290500E+00        57     -1.275846E+04      0.000000E+00
     1.291000E+00        57     -1.247966E+04      0.000000E+00
     1.291500E+00        57     -1.197268E+04      0.000000E+00
     1.292000E+00        57     -1.094392E+04      0.000000E+00
     1.292500E+00        57     -1.091056E+04      0.000000E+00
     1.293000E+00        57     -9.865396E+03      0.000000E+00
     1.293500E+00        57     -1.004293E+04      0.000000E+00
     1.294000E+00        57     -9.785701E+03      0.000000E+00
     1.294500E+00        57     -8.887190E+03      0.000000E+00
     1.295000E+00        57     -9.054896E+03      0.000000E+00
     1.295500E+00        57     -8.558757E+03      0.000000E+00
     1.296000E+00        57     -8.249163E+03      0.000000E+00
     1.296500E+00        57     -7.644097E+03      0.000000E+00
     1.297000E+00        57     -6.797864E+03      0.000000E+00
     1.297500E+00        57     -5.965242E+03      0.000000E+00
     1.298000E+00        57     -4.474454E+03      0.000000E+00
     1.298500E+00        57     -3.126266E+03      0.000000E+00
     1.299000E+00        57     -1.733711E+03      0.000000E+00
     1.299500E+00        57      1.205545E+05      1.325613E+01
     1.300000E+00        57      1.166887E+05      1.560804E+03
     1.300500E+00        57      1.223299E+05      3.121579E+03
     1.301000E+00        57      1.034215E+05      3.792748E+03
     1.301500E+00        57      1.083589E+05      5.088149E+03
     1.302000E+00        57      1.130120E+05      6.381468E+03
     1.302500E+00        57      9.213844E+04      6.015611E+03
     1.303000E+00        57      1.049559E+05      7.713601E+03
     1.303500E+00        57      9.244700E+04      7.501554E+03
     1.304000E+00        57      1.027153E+05      9.069258E+03
     1.304500E+00        57      1.109649E+05      1.054092E+04
     1.305000E+00        57      1.009543E+05      1.022471E+04
     1.305500E+00        57      1.131076E+05      1.212444E+04
     1.306000E+00        57      1.138209E+05      1.283504E+04
     1.306500E+00        57      1.157579E+05      1.366218E+04
     1.307000E+00        57      1.209529E+05      1.487659E+04
     1.307500E+00        57      1.203403E+05      1.536767E+04
     1.308000E+00        57      1.202673E+05      1.589510E+04
     1.308500E+00        57      1.172633E+05      1.599498E+04
     1.309000E+00        57      1.105065E+05      1.551855E+04
     1.309500E+00        57      1.061886E+05      1.531944E+04
     1.310000E+00        57      1.029522E+05      1.522885E+04
     1.310500E+00        57      8.868837E+04      1.342823E+04
     1.311000E+00        57      7.779460E+04      1.203796E+04
     1.311500E+00        57      7.296322E+04      1.152274E+04
     1.312000E+00        57      6.343785E+04      1.021183E+04
     1.312500E+00        57      5.533689E+04      9.069391E+03
     1.313000E+00        57      4.505053E+04      7.509667E+03
     1.313500E+00        57      3.771716E+04      6.388592E+03
     1.314000E+00        57      3.320910E+04      5.710726E+03
     1.314500E+00        57      2.694442E+04      4.700285E+03
     1.315000E+00        57      2.387797E+04      4.222352E+03
     1.315500E+00        57      1.906478E+04      3.415038E+03
     1.316000E+00        57      1.567919E+04      2.843291E+03
     1.316500E+00        57      1.360299E+04      2.495816E+03
     1.317000E+00        57      1.056596E+04      1.960345E+03
     1.317500E+00        57      9.337180E+03      1.750918E+03
     1.318000E+00        57      6.624730E+03      1.254991E+03
     1.318500E+00        57      4.973777E+03      9.514594E+02
     1.319000E+00        57      3.587032E+03      6.926156E+02
     1.319500E+00        57      2.090178E+03      4.072172E+02
     1.320000E+00        57      1.010353E+03      1.985385E+02
     1.320500E+00        57      3.216658E+02      6.373206E+01
     1.321000E+00        57      8.037928E+00      1.605239E+00
     1.818000E+00        57     -3.942734E+00      0.000000E+00
     1.818500E+00        57     -8.328479E+01      0.000000E+00
     1.819000E+00        57     -2.048054E+02      0.000000E+00
     1.819500E+00        57     -4.628625E+02      0.000000E+00
     1.820000E+00        57     -8.036987E+02      0.000000E+00
     1.820500E+00        57     -9.547835E+02      0.000000E+00
     1.821000E+00        57     -1.507920E+03      0.000000E+00
     1.821500E+00        57     -1.662072E+03      0.000000E+00
     1.822000E+00        57     -2.476496E+03      0.000000E+00
     1.822500E+00        57     -3.305359E+03      0.000000E+00
     1.823000E+00        57     -3.512973E+03      0.000000E+00
     1.823500E+00        57     -4.676014E+03      0.000000E+00
     1.824000E+00        57     -5.058723E+03      0.000000E+00
     1.824500E+00        57     -6.487775E+03      0.000000E+00
     1.825000E+00        57     -7.628171E+03      0.000000E+00
     1.825500E+00        57     -8.452881E+03      0.000000E+00
     1.826000E+00        57     -9.560084E+03      0.000000E+00
     1.826500E+00        57     -1.073622E+04      0.000000E+00
     1.827000E+00        57     -1.144421E+04      0.000000E+00
     1.827500E+00        57     -1.225687E+04      0.000000E+00
     1.828000E+00        57     -1.312706E+04      0.000000E+00
     1.828500E+00        57     -1.318856E+04      0.000000E+00
     1.829000E+00        57     -1.342038E+04      0.000000E+00
     1.829500E+00        57     -1.341050E+04      0.000000E+00
     1.830000E+00        57     -1.298346E+04      0.000000E+00
     1.830500E+00        57     -1.292188E+04      0.000000E+00
     1.831000E+00        57     -1.238830E+04      0.000000E+00
     1.831500E+00        57     -1.196022E+04      0.000000E+00
     1.832000E+00        57     -1.110074E+04      0.000000E+00
     1.832500E+00        57     -1.077065E+04      0.000000E+00
     1.833000E+00        57     -1.004471E+04      0.000000E+00
     1.833500E+00        57     -1.008271E+04      0.000000E+00
     1.834000E+00        57     -9.727033E+03      0.000000E+00
     1.834500E+00        57     -9.128296E+03      0.000000E+00
     1.835000E+00        57     -8.929444E+03      0.000000E+00
     1.835500E+00        57     -8.669681E+03      0.000000E+00
     1.836000E+00        57     -8.289014E+03      0.000000E+00
     1.836500E+00        57     -7.529688E+03      0.000000E+00
     1.837000E+00        57     -6.848951E+03      0.000000E+00
     1.837500E+00        57     -5.815403E+03      0.000000E+00
     1.838000E+00        57     -4.375817E+03      0.000000E+00
     1.838500E+00        57     -3.008560E+03      0.000000E+00
     1.839000E+00        57     -1.580635E+03      0.000000E+00
     1.839500E+00        57      1.206209E+05      1.573264E+02
     1.840000E+00        57      1.166086E+05      1.686977E+03
     1.840500E+00        57      1.226822E+05      3.253358E+03
     1.841000E+00        57      1.024503E+05      3.851521E+03
     1.841500E+00        57      1.102038E+05      5.268548E+03
     1.842000E+00        57      9.129820E+04      5.227312E+03
     1.842500E+00        57      1.041846E+05      6.878378E+03
     1.843000E+00        57      1.106696E+05      8.209000E+03
     1.843500E+00        57      9.329136E+04      7.629475E+03
     1.844000E+00        57      1.074356E+05      9.550053E+03
     1.844500E+00        57      9.947813E+04      9.505347E+03
     1.845000E+00        57      1.089405E+05      1.109077E+04
     1.845500E+00        57      1.176724E+05      1.267193E+04
     1.846000E+00        57      1.152033E+05      1.304464E+04
     1.846500E+00        57      1.187958E+05      1.407304E+04
     1.847000E+00        57      1.217933E+05      1.503071E+04
     1.847500E+00        57      1.211920E+05      1.552429E+04
     1.848000E+00        57      1.214132E+05      1.609204E+04
     1.848500E+00        57      1.168904E+05      1.598575E+04
     1.849000E+00        57      1.109129E+05      1.561321E+04
     1.849500E+00        57      1.058603E+05      1.530625E+04
     1.850000E+00        57      1.023008E+05      1.516399E+04
     1.850500E+00        57      8.842501E+04      1.341433E+04
     1.851000E+00        57      8.300935E+04      1.286820E+04
     1.851500E+00        57      6.950881E+04      1.099588E+04
     1.852000E+00        57      6.175417E+04      9.956688E+03
     1.852500E+00        57      5.350598E+04      8.782508E+03
     1.853000E+00        57      4.417261E+04      7.373770E+03
     1.853500E+00        57      3.873347E+04      6.569532E+03
     1.854000E+00        57      3.148847E+04      5.421712E+03
     1.854500E+00        57      2.622136E+04      4.579653E+03
     1.855000E+00        57      2.312739E+04      4.094297E+03
     1.855500E+00        57      1.864102E+04      3.342755E+03
     1.856000E+00        57      1.543703E+04      2.802270E+03
     1.856500E+00        57      1.333805E+04      2.449616E+03
     1.857000E+00        57      1.042210E+04      1.935473E+03
     1.857500E+00        57      9.249862E+03      1.736102E+03
     1.858000E+00        57      6.497070E+03      1.231864E+03
     1.858500E+00        57      4.914192E+03      9.408342E+02
     1.859000E+00        57      3.502440E+03      6.768148E+02
     1.859500E+00        57      2.013842E+03      3.926418E+02
     1.860000E+00        57      1.055094E+03      2.074808E+02
     1.860500E+00        57      2.656825E+02      5.267672E+01
     1.861000E+00        57      2.359683E+00      4.715638E-01
     1.908000E+00        57     -4.363838E+00      0.000000E+00
     1.908500E+00        57     -8.557240E+01      0.000000E+00
     1.909000E+00        57     -2.077841E+02      0.000000E+00
     1.909500E+00        57     -4.688083E+02      0.000000E+00
     1.910000E+00        57     -8.095901E+02      0.000000E+00
     1.910500E+00        57     -9.546732E+02      0.000000E+00
     1.911000E+00        57     -1.519228E+03      0.000000E+00
     1.911500E+00        57     -1.643888E+03      0.000000E+00
     1.912000E+00        57     -2.476409E+03      0.000000E+00
     1.912500E+00        57     -3.298320E+03      0.000000E+00
     1.913000E+00        57     -3.451813E+03      0.000000E+00
     1.913500E+00        57     -4.694812E+03      0.000000E+00
     1.914000E+00        57     -4.963289E+03      0.000000E+00
     1.914500E+00        57     -6.450909E+03      0.000000E+00
     1.915000E+00        57     -7.619351E+03      0.000000E+00
     1.915500E+00        57     -8.296115E+03      0.000000E+00
     1.916000E+00        57     -9.626885E+03      0.000000E+00
     1.916500E+00        57     -1.060952E+04      0.000000E+00
     1.917000E+00        57     -1.141012E+04      0.000000E+00
     1.917500E+00        57     -1.234111E+04      0.000000E+00
     1.918000E+00        57     -1.295607E+04      0.000000E+00
     1.918500E+00        57     -1.336057E+04      0.000000E+00
     1.919000E+00        57     -1.335499E+04      0.000000E+00
     1.919500E+00        57     -1.339761E+04      0.000000E+00
     1.920000E+00        57     -1.315241E+04      0.000000E+00
     1.920500E+00        57     -1.273426E+04      0.000000E+00
     1.921000E+00        57     -1.255862E+04      0.000000E+00
     1.921500E+00        57     -1.188939E+04      0.000000E+00
     1.922000E+00        57     -1.100684E+04      0.000000E+00
     1.922500E+00        57     -1.087769E+04      0.000000E+00
     1.923000E+00        57     -9.813005E+03      0.000000E+00
     1.923500E+00        57     -1.011557E+04      0.000000E+00
     1.924000E+00        57     -9.649084E+03      0.000000E+00
     1.924500E+00        57     -8.953587E+03      0.000000E+00
     1.925000E+00        57     -8.963809E+03      0.000000E+00
     1.925500E+00        57     -8.501229E+03      0.000000E+00
     1.926000E+00        57     -8.230870E+03      0.000000E+00
     1.926500E+00        57     -7.514574E+03      0.000000E+00
     1.927000E+00        57     -6.744385E+03      0.000000E+00
     1.927500E+00        57     -5.842294E+03      0.000000E+00
     1.928000E+00        57     -4.351963E+03      0.000000E+00
     1.928500E+00        57     -2.994056E+03      0.000000E+00
     1.929000E+00        57     -1.566122E+03      0.000000E+00
     1.929500E+00        57      1.208486E+05      1.815676E+02
     1.930000E+00        57      1.167724E+05      1.710490E+03
     1.930500E+00        57      1.227739E+05      3.276183E+03
     1.931000E+00        57      1.031379E+05      3.893141E+03
     1.931500E+00        57      1.088274E+05      5.218119E+03
     1.932000E+00        57      9.238628E+04      5.301701E+03
     1.932500E+00        57      1.033107E+05      6.833242E+03
     1.933000E+00        57      1.095574E+05      8.138907E+03
     1.933500E+00        57      9.463463E+04      7.749339E+03
     1.934000E+00        57      1.046193E+05      9.310070E+03
     1.934500E+00        57      1.003109E+05      9.594232E+03
     1.935000E+00        57      1.079825E+05      1.100267E+04
     1.935500E+00        57      1.156248E+05      1.246092E+04
     1.936000E+00        57      1.162355E+05      1.317053E+04
     1.936500E+00        57      1.160594E+05      1.375738E+04
     1.937000E+00        57      1.215741E+05      1.501208E+04
     1.937500E+00        57      1.205770E+05      1.545342E+04
     1.938000E+00        57      1.192611E+05      1.581423E+04
     1.938500E+00        57      1.173028E+05      1.604908E+04
     1.939000E+00        57      1.092908E+05      1.539102E+04
     1.939500E+00        57      1.052738E+05      1.522710E+04
     1.940000E+00        57      1.023003E+05      1.516915E+04
     1.940500E+00        57      8.716623E+04      1.322763E+04
     1.941000E+00        57      8.339324E+04      1.293161E+04
     1.941500E+00        57      6.892884E+04      1.090721E+04
     1.942000E+00        57      6.163213E+04      9.939648E+03
     1.942500E+00        57      5.367704E+04      8.812788E+03
     1.943000E+00        57      4.388293E+04      7.327141E+03
     1.943500E+00        57      3.894996E+04      6.607723E+03
     1.944000E+00        57      3.141225E+04      5.409728E+03
     1.944500E+00        57      2.627435E+04      4.589825E+03
     1.945000E+00        57      2.312431E+04      4.094529E+03
     1.945500E+00        57      1.860982E+04      3.337763E+03
     1.946000E+00        57      1.539954E+04      2.795944E+03
     1.946500E+00        57      1.324172E+04      2.432324E+03
     1.947000E+00        57      1.038598E+04      1.929065E+03
     1.947500E+00        57      9.121405E+03      1.712248E+03
     1.948000E+00        57      6.439237E+03      1.221073E+03
     1.948500E+00        57      4.837382E+03      9.262554E+02
     1.949000E+00        57      3.435158E+03      6.639003E+02
     1.949500E+00        57      1.978265E+03      3.857538E+02
     1.950000E+00        57      1.025691E+03      2.017231E+02
     1.950500E+00        57      2.554623E+02      5.065625E+01
     1.951000E+00        57      1.717199E+00      3.432068E-01
