     1.210000E+00        58     -3.481652E+01      0.000000E+00
     1.210500E+00        58     -1.483840E+02      0.000000E+00
     1.211000E+00        58     -2.769100E+02      0.000000E+00
     1.211500E+00        58     -5.182866E+02      0.000000E+00
     1.212000E+00        58     -8.262992E+02      0.000000E+00
     1.212500E+00        58     -9.623473E+02      0.000000E+00
     1.213000E+00        58     -1.510702E+03      0.000000E+00
     1.213500E+00        58     -1.672850E+03      0.000000E+00
     1.214000E+00        58     -2.432578E+03      0.000000E+00
     1.214500E+00        58     -3.175465E+03      0.000000E+00
     1.215000E+00        58     -3.492559E+03      0.000000E+00
     1.215500E+00        58     -4.765706E+03      0.000000E+00
     1.216000E+00        58     -5.492391E+03      0.000000E+00
     1.216500E+00        58     -6.666369E+03      0.000000E+00
     1.217000E+00        58     -7.983452E+03      0.000000E+00
     1.217500E+00        58     -9.054009E+03      0.000000E+00
     1.218000E+00        58     -1.050447E+04      0.000000E+00
     1.218500E+00        58     -1.101984E+04      0.000000E+00
     1.219000E+00        58     -1.253955E+04      0.000000E+00
     1.219500E+00        58     -1.342697E+04      0.000000E+00
     1.220000E+00        58     -1.451972E+04      0.000000E+00
     1.220500E+00        58     -1.413761E+04      0.000000E+00
     1.221000E+00        58     -1.374277E+04      0.000000E+00
     1.221500E+00        58     -1.451615E+04      0.000000E+00
     1.222000E+00        58     -1.408317E+04      0.000000E+00
     1.222500E+00        58     -1.370036E+04      0.000000E+00
     1.223000E+00        58     -1.257178E+04      0.000000E+00
     1.223500E+00        58     -1.170527E+04      0.000000E+00
     1.224000E+00        58     -1.167656E+04      0.000000E+00
     1.224500E+00        58     -1.064734E+04      0.000000E+00
     1.225000E+00        58     -1.069686E+04      0.000000E+00
     1.225500E+00        58     -9.777628E+03      0.000000E+00
     1.226000E+00        58     -9.148957E+03      0.000000E+00
     1.226500E+00        58     -9.292574E+03      0.000000E+00
     1.227000E+00        58     -8.370959E+03      0.000000E+00
     1.227500E+00        58     -7.852370E+03      0.000000E+00
     1.228000E+00        58     -8.083451E+03      0.000000E+00
     1.228500E+00        58     -7.178342E+03      0.000000E+00
     1.229000E+00        58     -6.653928E+03      0.000000E+00
     1.229500E+00        58     -5.227828E+03      0.000000E+00
     1.230000E+00        58     -3.819416E+03      0.000000E+00
     1.230500E+00        58     -2.324739E+03      0.000000E+00
     1.231000E+00        58     -4.002977E+02      0.000000E+00
     1.231500E+00        58      1.567881E+05      1.673878E+03
     1.232000E+00        58      1.402151E+05      3.230955E+03
     1.232500E+00        58      1.396425E+05      4.803109E+03
     1.233000E+00        58      1.439702E+05      6.457719E+03
     1.233500E+00        58      1.318777E+05      7.190092E+03
     1.234000E+00        58      1.295947E+05      8.226871E+03
     1.234500E+00        58      1.216632E+05      8.736760E+03
     1.235000E+00        58      1.104134E+05      8.786022E+03
     1.235500E+00        58      1.069722E+05      9.287949E+03
     1.236000E+00        58      1.079096E+05      1.010205E+04
     1.236500E+00        58      9.733363E+04      9.732065E+03
     1.237000E+00        58      9.868160E+04      1.045788E+04
     1.237500E+00        58      9.362171E+04      1.044977E+04
     1.238000E+00        58      9.252387E+04      1.081967E+04
     1.238500E+00        58      9.384279E+04      1.144591E+04
     1.239000E+00        58      8.654869E+04      1.096830E+04
     1.239500E+00        58      9.082022E+04      1.191948E+04
     1.240000E+00        58      8.769607E+04      1.188513E+04
     1.240500E+00        58      8.306409E+04      1.159557E+04
     1.241000E+00        58      7.924980E+04      1.137019E+04
     1.241500E+00        58      7.530881E+04      1.108281E+04
     1.242000E+00        58      6.989902E+04      1.053286E+04
     1.242500E+00        58      6.573389E+04      1.012631E+04
     1.243000E+00        58      6.052896E+04      9.519099E+03
     1.243500E+00        58      5.254475E+04      8.425114E+03
     1.244000E+00        58      4.731158E+04      7.725431E+03
     1.244500E+00        58      4.125941E+04      6.853736E+03
     1.245000E+00        58      3.523432E+04      5.948391E+03
     1.245500E+00        58      3.031352E+04      5.196548E+03
     1.246000E+00        58      2.431116E+04      4.228402E+03
     1.246500E+00        58      2.248470E+04      3.964830E+03
     1.247000E+00        58      1.561235E+04      2.789156E+03
     1.247500E+00        58      1.453470E+04      2.629058E+03
     1.248000E+00        58      1.169975E+04      2.141426E+03
     1.248500E+00        58      8.125521E+03      1.504082E+03
     1.249000E+00        58      7.440113E+03      1.392102E+03
     1.249500E+00        58      4.672900E+03      8.833693E+02
     1.250000E+00        58      4.263027E+03      8.138507E+02
     1.250500E+00        58      3.195373E+03      6.157976E+02
     1.251000E+00        58      1.700970E+03      3.307754E+02
     1.251500E+00        58      9.923943E+02      1.946624E+02
     1.252000E+00        58      3.203849E+02      6.336967E+01
     1.252500E+00        58      3.227851E+01      6.435674E+00
     1.299500E+00        58     -2.430736E-03      0.000000E+00
     1.300000E+00        58     -3.728884E+01      0.000000E+00
     1.300500E+00        58     -1.521750E+02      0.000000E+00
     1.301000E+00        58     -2.838684E+02      0.000000E+00
     1.301500E+00        58     -5.203779E+02      0.000000E+00
     1.302000E+00        58     -8.368429E+02      0.000000E+00
     1.302500E+00        58     -9.718376E+02      0.000000E+00
     1.303000E+00        58     -1.493737E+03      0.000000E+00
     1.303500E+00        58     -1.707138E+03      0.000000E+00
     1.304000E+00        58     -2.389542E+03      0.000000E+00
     1.304500E+00        58     -3.178578E+03      0.000000E+00
     1.305000E+00        58     -3.496664E+03      0.000000E+00
     1.305500E+00        58     -4.668026E+03      0.000000E+00
     1.306000E+00        58     -5.530467E+03      0.000000E+00
     1.306500E+00        58     -6.556621E+03      0.000000E+00
     1.307000E+00        58     -7.920452E+03      0.000000E+00
     1.307500E+00        58     -9.048062E+03      0.000000E+00
     1.308000E+00        58     -1.032290E+04      0.000000E+00
     1.308500E+00        58     -1.143517E+04      0.000000E+00
     1.309000E+00        58     -1.219480E+04      0.000000E+00
     1.309500E+00        58     -1.321813E+04      0.000000E+00
     1.310000E+00        58     -1.441849E+04      0.000000E+00
     1.310500E+00        58     -1.394745E+04      0.000000E+00
     1.311000E+00        58     -1.371903E+04      0.000000E+00
     1.311500E+00        58     -1.441672E+04      0.000000E+00
     1.312000E+00        58     -1.404046E+04      0.000000E+00
     1.312500E+00        58     -1.372280E+04      0.000000E+00
     1.313000E+00        58     -1.252858E+04      0.000000E+00
     1.313500E+00        58     -1.178060E+04      0.000000E+00
     1.314000E+00        58     -1.167529E+04      0.000000E+00
     1.314500E+00        58     -1.069450E+04      0.000000E+00
     1.315000E+00        58     -1.074168E+04      0.000000E+00
     1.315500E+00        58     -9.769589E+03      0.000000E+00
     1.316000E+00        58     -9.211361E+03      0.000000E+00
     1.316500E+00        58     -9.237236E+03      0.000000E+00
     1.317000E+00        58     -8.380847E+03      0.000000E+00
     1.317500E+00        58     -8.770373E+03      0.000000E+00
     1.318000E+00        58     -7.504834E+03      0.000000E+00
     1.318500E+00        58     -6.969668E+03      0.000000E+00
     1.319000E+00        58     -6.450206E+03      0.000000E+00
     1.319500E+00        58     -5.109386E+03      0.000000E+00
     1.320000E+00        58     -3.719984E+03      0.000000E+00
     1.320500E+00        58     -2.252394E+03      0.000000E+00
     1.321000E+00        58     -3.660067E+02      0.000000E+00
     1.321500E+00        58      1.543975E+05      1.677058E+03
     1.322000E+00        58      1.378780E+05      3.200588E+03
     1.322500E+00        58      1.375232E+05      4.751760E+03
     1.323000E+00        58      1.426819E+05      6.420565E+03
     1.323500E+00        58      1.295324E+05      7.079559E+03
     1.324000E+00        58      1.289401E+05      8.201340E+03
     1.324500E+00        58      1.203686E+05      8.657720E+03
     1.325000E+00        58      1.089162E+05      8.678636E+03
     1.325500E+00        58      1.072150E+05      9.319853E+03
     1.326000E+00        58      1.062704E+05      9.958653E+03
     1.326500E+00        58      1.030905E+05      1.031684E+04
     1.327000E+00        58      9.547819E+04      1.012637E+04
     1.327500E+00        58      9.127150E+04      1.019464E+04
     1.328000E+00        58      9.203436E+04      1.076928E+04
     1.328500E+00        58      9.245403E+04      1.128304E+04
     1.329000E+00        58      8.546541E+04      1.083672E+04
     1.329500E+00        58      9.056093E+04      1.189118E+04
     1.330000E+00        58      8.610930E+04      1.167525E+04
     1.330500E+00        58      8.280677E+04      1.156439E+04
     1.331000E+00        58      7.835772E+04      1.124647E+04
     1.331500E+00        58      7.405464E+04      1.090209E+04
     1.332000E+00        58      6.984832E+04      1.052868E+04
     1.332500E+00        58      6.429234E+04      9.907285E+03
     1.333000E+00        58      6.012801E+04      9.458764E+03
     1.333500E+00        58      5.198346E+04      8.337368E+03
     1.334000E+00        58      4.614723E+04      7.537222E+03
     1.334500E+00        58      4.128407E+04      6.859477E+03
     1.335000E+00        58      3.426148E+04      5.785463E+03
     1.335500E+00        58      2.821376E+04      4.837628E+03
     1.336000E+00        58      2.494045E+04      4.338734E+03
     1.336500E+00        58      2.201895E+04      3.883450E+03
     1.337000E+00        58      1.595262E+04      2.850466E+03
     1.337500E+00        58      1.415747E+04      2.561271E+03
     1.338000E+00        58      1.159836E+04      2.123222E+03
     1.338500E+00        58      8.161395E+03      1.510962E+03
     1.339000E+00        58      7.188932E+03      1.345308E+03
     1.339500E+00        58      4.718169E+03      8.920561E+02
     1.340000E+00        58      4.172007E+03      7.965844E+02
     1.340500E+00        58      3.139623E+03      6.051340E+02
     1.341000E+00        58      1.689641E+03      3.286141E+02
     1.341500E+00        58      9.639919E+02      1.891142E+02
     1.342000E+00        58      3.125777E+02      6.183273E+01
     1.342500E+00        58      2.977049E+01      5.936295E+00
     1.839500E+00        58     -3.442477E-01      0.000000E+00
     1.840000E+00        58     -4.384756E+01      0.000000E+00
     1.840500E+00        58     -1.657708E+02      0.000000E+00
     1.841000E+00        58     -2.971857E+02      0.000000E+00
     1.841500E+00        58     -5.516586E+02      0.000000E+00
     1.842000E+00        58     -6.988976E+02      0.000000E+00
     1.842500E+00        58     -1.129824E+03      0.000000E+00
     1.843000E+00        58     -1.613119E+03      0.000000E+00
     1.843500E+00        58     -1.759300E+03      0.000000E+00
     1.844000E+00        58     -2.546788E+03      0.000000E+00
     1.844500E+00        58     -2.898594E+03      0.000000E+00
     1.845000E+00        58     -3.832894E+03      0.000000E+00
     1.845500E+00        58     -4.927567E+03      0.000000E+00
     1.846000E+00        58     -5.674350E+03      0.000000E+00
     1.846500E+00        58     -6.815625E+03      0.000000E+00
     1.847000E+00        58     -8.073318E+03      0.000000E+00
     1.847500E+00        58     -9.218899E+03      0.000000E+00
     1.848000E+00        58     -1.053865E+04      0.000000E+00
     1.848500E+00        58     -1.152292E+04      0.000000E+00
     1.849000E+00        58     -1.236912E+04      0.000000E+00
     1.849500E+00        58     -1.331337E+04      0.000000E+00
     1.850000E+00        58     -1.447247E+04      0.000000E+00
     1.850500E+00        58     -1.404498E+04      0.000000E+00
     1.851000E+00        58     -1.478354E+04      0.000000E+00
     1.851500E+00        58     -1.386948E+04      0.000000E+00
     1.852000E+00        58     -1.380251E+04      0.000000E+00
     1.852500E+00        58     -1.340021E+04      0.000000E+00
     1.853000E+00        58     -1.240743E+04      0.000000E+00
     1.853500E+00        58     -1.222114E+04      0.000000E+00
     1.854000E+00        58     -1.118553E+04      0.000000E+00
     1.854500E+00        58     -1.051893E+04      0.000000E+00
     1.855000E+00        58     -1.051949E+04      0.000000E+00
     1.855500E+00        58     -9.663232E+03      0.000000E+00
     1.856000E+00        58     -9.180070E+03      0.000000E+00
     1.856500E+00        58     -9.175549E+03      0.000000E+00
     1.857000E+00        58     -8.383380E+03      0.000000E+00
     1.857500E+00        58     -8.823059E+03      0.000000E+00
     1.858000E+00        58     -7.488271E+03      0.000000E+00
     1.858500E+00        58     -7.024462E+03      0.000000E+00
     1.859000E+00        58     -6.450052E+03      0.000000E+00
     1.859500E+00        58     -5.074638E+03      0.000000E+00
     1.860000E+00        58     -4.055823E+03      0.000000E+00
     1.860500E+00        58     -2.011728E+03      0.000000E+00
     1.861000E+00        58     -1.987807E+02      0.000000E+00
     1.861500E+00        58      1.556387E+05      1.863361E+03
     1.862000E+00        58      1.391063E+05      3.370673E+03
     1.862500E+00        58      1.455510E+05      5.165402E+03
     1.863000E+00        58      1.406041E+05      6.448554E+03
     1.863500E+00        58      1.292761E+05      7.168972E+03
     1.864000E+00        58      1.288914E+05      8.293977E+03
     1.864500E+00        58      1.220471E+05      8.862835E+03
     1.865000E+00        58      1.083237E+05      8.701323E+03
     1.865500E+00        58      1.084873E+05      9.495940E+03
     1.866000E+00        58      1.070344E+05      1.009081E+04
     1.866500E+00        58      1.027101E+05      1.033336E+04
     1.867000E+00        58      9.717444E+04      1.035489E+04
     1.867500E+00        58      9.103204E+04      1.021083E+04
     1.868000E+00        58      9.265926E+04      1.088367E+04
     1.868500E+00        58      9.342957E+04      1.144145E+04
     1.869000E+00        58      9.000817E+04      1.144864E+04
     1.869500E+00        58      8.916265E+04      1.174134E+04
     1.870000E+00        58      8.589148E+04      1.167661E+04
     1.870500E+00        58      8.187511E+04      1.146228E+04
     1.871000E+00        58      7.918993E+04      1.139171E+04
     1.871500E+00        58      7.747601E+04      1.142983E+04
     1.872000E+00        58      6.802763E+04      1.027441E+04
     1.872500E+00        58      6.485821E+04      1.001286E+04
     1.873000E+00        58      5.884502E+04      9.272881E+03
     1.873500E+00        58      5.267794E+04      8.462418E+03
     1.874000E+00        58      4.627009E+04      7.568791E+03
     1.874500E+00        58      4.077432E+04      6.784501E+03
     1.875000E+00        58      3.528683E+04      5.966683E+03
     1.875500E+00        58      2.767558E+04      4.751437E+03
     1.876000E+00        58      2.533983E+04      4.413569E+03
     1.876500E+00        58      2.230909E+04      3.939160E+03
     1.877000E+00        58      1.560955E+04      2.792223E+03
     1.877500E+00        58      1.463246E+04      2.649965E+03
     1.878000E+00        58      9.706099E+03      1.778587E+03
     1.878500E+00        58      8.928470E+03      1.654543E+03
     1.879000E+00        58      7.468420E+03      1.398877E+03
     1.879500E+00        58      4.676333E+03      8.849125E+02
     1.880000E+00        58      4.226374E+03      8.076343E+02
     1.880500E+00        58      2.467706E+03      4.760059E+02
     1.881000E+00        58      1.839891E+03      3.581087E+02
     1.881500E+00        58      9.543236E+02      1.873545E+02
     1.882000E+00        58      2.831953E+02      5.605979E+01
     1.882500E+00        58      1.848358E+01      3.688154E+00
     1.929500E+00        58     -4.580979E-01      0.000000E+00
     1.930000E+00        58     -4.505909E+01      0.000000E+00
     1.930500E+00        58     -1.681404E+02      0.000000E+00
     1.931000E+00        58     -3.019033E+02      0.000000E+00
     1.931500E+00        58     -5.485018E+02      0.000000E+00
     1.932000E+00        58     -7.111158E+02      0.000000E+00
     1.932500E+00        58     -1.125499E+03      0.000000E+00
     1.933000E+00        58     -1.603231E+03      0.000000E+00
     1.933500E+00        58     -1.790853E+03      0.000000E+00
     1.934000E+00        58     -2.487771E+03      0.000000E+00
     1.934500E+00        58     -2.931148E+03      0.000000E+00
     1.935000E+00        58     -3.809090E+03      0.000000E+00
     1.935500E+00        58     -4.853530E+03      0.000000E+00
     1.936000E+00        58     -5.738155E+03      0.000000E+00
     1.936500E+00        58     -6.672856E+03      0.000000E+00
     1.937000E+00        58     -8.075140E+03      0.000000E+00
     1.937500E+00        58     -9.189909E+03      0.000000E+00
     1.938000E+00        58     -1.037116E+04      0.000000E+00
     1.938500E+00        58     -1.158443E+04      0.000000E+00
     1.939000E+00        58     -1.220959E+04      0.000000E+00
     1.939500E+00        58     -1.326228E+04      0.000000E+00
     1.940000E+00        58     -1.449672E+04      0.000000E+00
     1.940500E+00        58     -1.386799E+04      0.000000E+00
     1.941000E+00        58     -1.487631E+04      0.000000E+00
     1.941500E+00        58     -1.377625E+04      0.000000E+00
     1.942000E+00        58     -1.379777E+04      0.000000E+00
     1.942500E+00        58     -1.346517E+04      0.000000E+00
     1.943000E+00        58     -1.234656E+04      0.000000E+00
     1.943500E+00        58     -1.231022E+04      0.000000E+00
     1.944000E+00        58     -1.117775E+04      0.000000E+00
     1.944500E+00        58     -1.055895E+04      0.000000E+00
     1.945000E+00        58     -1.053750E+04      0.000000E+00
     1.945500E+00        58     -9.665664E+03      0.000000E+00
     1.946000E+00        58     -9.176411E+03      0.000000E+00
     1.946500E+00        58     -9.129068E+03      0.000000E+00
     1.947000E+00        58     -8.373937E+03      0.000000E+00
     1.947500E+00        58     -8.722985E+03      0.000000E+00
     1.948000E+00        58     -7.443119E+03      0.000000E+00
     1.948500E+00        58     -6.937807E+03      0.000000E+00
     1.949000E+00        58     -6.351601E+03      0.000000E+00
     1.949500E+00        58     -5.010662E+03      0.000000E+00
     1.950000E+00        58     -3.971858E+03      0.000000E+00
     1.950500E+00        58     -1.960843E+03      0.000000E+00
     1.951000E+00        58     -1.684470E+02      0.000000E+00
     1.951500E+00        58      1.536309E+05      1.867627E+03
     1.952000E+00        58      1.368583E+05      3.339315E+03
     1.952500E+00        58      1.440417E+05      5.134224E+03
     1.953000E+00        58      1.384927E+05      6.371585E+03
     1.953500E+00        58      1.274560E+05      7.084966E+03
     1.954000E+00        58      1.280322E+05      8.254480E+03
     1.954500E+00        58      1.197608E+05      8.710565E+03
     1.955000E+00        58      1.079172E+05      8.680243E+03
     1.955500E+00        58      1.073428E+05      9.406525E+03
     1.956000E+00        58      1.056051E+05      9.965991E+03
     1.956500E+00        58      1.030014E+05      1.037176E+04
     1.957000E+00        58      9.548234E+04      1.018251E+04
     1.957500E+00        58      9.092482E+04      1.020592E+04
     1.958000E+00        58      9.221845E+04      1.083872E+04
     1.958500E+00        58      9.216151E+04      1.129262E+04
     1.959000E+00        58      9.023209E+04      1.148311E+04
     1.959500E+00        58      8.793106E+04      1.158469E+04
     1.960000E+00        58      8.529568E+04      1.160071E+04
     1.960500E+00        58      8.146590E+04      1.140963E+04
     1.961000E+00        58      7.795726E+04      1.121861E+04
     1.961500E+00        58      7.704281E+04      1.136990E+04
     1.962000E+00        58      6.722933E+04      1.015715E+04
     1.962500E+00        58      6.378003E+04      9.849411E+03
     1.963000E+00        58      5.847468E+04      9.217157E+03
     1.963500E+00        58      5.169016E+04      8.305967E+03
     1.964000E+00        58      4.560590E+04      7.462029E+03
     1.964500E+00        58      4.043985E+04      6.730452E+03
     1.965000E+00        58      3.434436E+04      5.808626E+03
     1.965500E+00        58      2.753451E+04      4.728225E+03
     1.966000E+00        58      2.479192E+04      4.319008E+03
     1.966500E+00        58      2.184295E+04      3.857593E+03
     1.967000E+00        58      1.556608E+04      2.784955E+03
     1.967500E+00        58      1.415436E+04      2.563825E+03
     1.968000E+00        58      9.667642E+03      1.771833E+03
     1.968500E+00        58      8.770301E+03      1.625488E+03
     1.969000E+00        58      7.289146E+03      1.365504E+03
     1.969500E+00        58      4.683375E+03      8.863726E+02
     1.970000E+00        58      4.119260E+03      7.872741E+02
     1.970500E+00        58      2.444673E+03      4.716253E+02
     1.971000E+00        58      1.817045E+03      3.537069E+02
     1.971500E+00        58      9.306899E+02      1.827369E+02
     1.972000E+00        58      2.766595E+02      5.477242E+01
     1.972500E+00        58      1.662002E+01      3.316678E+00
