     1.231500E+00        59     -3.146356E+01      0.000000E+00
     1.232000E+00        59     -1.402418E+02      0.000000E+00
     1.232500E+00        59     -3.325328E+02      0.000000E+00
     1.233000E+00        59     -6.223369E+02      0.000000E+00
     1.233500E+00        59     -8.982055E+02      0.000000E+00
     1.234000E+00        59     -1.275174E+03      0.000000E+00
     1.234500E+00        59     -1.631436E+03      0.000000E+00
     1.235000E+00        59     -1.935176E+03      0.000000E+00
     1.235500E+00        59     -2.375200E+03      0.000000E+00
     1.236000E+00        59     -2.963199E+03      0.000000E+00
     1.236500E+00        59     -3.243157E+03      0.000000E+00
     1.237000E+00        59     -3.929077E+03      0.000000E+00
     1.237500E+00        59     -4.398927E+03      0.000000E+00
     1.238000E+00        59     -5.077582E+03      0.000000E+00
     1.238500E+00        59     -5.963644E+03      0.000000E+00
     1.239000E+00        59     -6.323675E+03      0.000000E+00
     1.239500E+00        59     -7.583885E+03      0.000000E+00
     1.240000E+00        59     -8.327673E+03      0.000000E+00
     1.240500E+00        59     -8.933016E+03      0.000000E+00
     1.241000E+00        59     -9.619640E+03      0.000000E+00
     1.241500E+00        59     -1.028989E+04      0.000000E+00
     1.242000E+00        59     -1.072847E+04      0.000000E+00
     1.242500E+00        59     -1.131638E+04      0.000000E+00
     1.243000E+00        59     -1.167685E+04      0.000000E+00
     1.243500E+00        59     -1.135447E+04      0.000000E+00
     1.244000E+00        59     -1.145389E+04      0.000000E+00
     1.244500E+00        59     -1.119904E+04      0.000000E+00
     1.245000E+00        59     -1.073714E+04      0.000000E+00
     1.245500E+00        59     -1.039232E+04      0.000000E+00
     1.246000E+00        59     -9.402810E+03      0.000000E+00
     1.246500E+00        59     -9.847503E+03      0.000000E+00
     1.247000E+00        59     -7.779833E+03      0.000000E+00
     1.247500E+00        59     -8.291223E+03      0.000000E+00
     1.248000E+00        59     -7.699685E+03      0.000000E+00
     1.248500E+00        59     -6.230975E+03      0.000000E+00
     1.249000E+00        59     -6.734590E+03      0.000000E+00
     1.249500E+00        59     -5.079299E+03      0.000000E+00
     1.250000E+00        59     -5.696955E+03      0.000000E+00
     1.250500E+00        59     -5.430325E+03      0.000000E+00
     1.251000E+00        59     -3.872216E+03      0.000000E+00
     1.251500E+00        59     -3.309611E+03      0.000000E+00
     1.252000E+00        59     -1.892484E+03      0.000000E+00
     1.252500E+00        59     -6.893128E+02      0.000000E+00
     1.253000E+00        59      1.385873E+05      1.124556E+03
     1.253500E+00        59      1.313391E+05      2.718247E+03
     1.254000E+00        59      1.444181E+05      4.655821E+03
     1.254500E+00        59      1.362631E+05      5.840849E+03
     1.255000E+00        59      1.538739E+05      8.105971E+03
     1.255500E+00        59      1.578056E+05      9.748032E+03
     1.256000E+00        59      1.487077E+05      1.044234E+04
     1.256500E+00        59      1.520996E+05      1.187747E+04
     1.257000E+00        59      1.575527E+05      1.346105E+04
     1.257500E+00        59      1.466718E+05      1.354010E+04
     1.258000E+00        59      1.445140E+05      1.427304E+04
     1.258500E+00        59      1.446033E+05      1.515837E+04
     1.259000E+00        59      1.420136E+05      1.569738E+04
     1.259500E+00        59      1.352553E+05      1.567839E+04
     1.260000E+00        59      1.314023E+05      1.590000E+04
     1.260500E+00        59      1.230309E+05      1.547905E+04
     1.261000E+00        59      1.186016E+05      1.546260E+04
     1.261500E+00        59      1.095655E+05      1.475866E+04
     1.262000E+00        59      9.825564E+04      1.363923E+04
     1.262500E+00        59      9.599529E+04      1.370103E+04
     1.263000E+00        59      8.209320E+04      1.202280E+04
     1.263500E+00        59      8.102183E+04      1.215388E+04
     1.264000E+00        59      6.901535E+04      1.058703E+04
     1.264500E+00        59      5.890621E+04      9.227335E+03
     1.265000E+00        59      5.252880E+04      8.391346E+03
     1.265500E+00        59      4.514293E+04      7.345615E+03
     1.266000E+00        59      3.776914E+04      6.253334E+03
     1.266500E+00        59      3.451158E+04      5.808290E+03
     1.267000E+00        59      2.655157E+04      4.538283E+03
     1.267500E+00        59      2.432774E+04      4.219511E+03
     1.268000E+00        59      1.954599E+04      3.437533E+03
     1.268500E+00        59      1.680145E+04      2.994056E+03
     1.269000E+00        59      1.449832E+04      2.616215E+03
     1.269500E+00        59      1.222258E+04      2.232031E+03
     1.270000E+00        59      9.817064E+03      1.813252E+03
     1.270500E+00        59      8.371637E+03      1.563150E+03
     1.271000E+00        59      6.836236E+03      1.289767E+03
     1.271500E+00        59      4.966104E+03      9.462758E+02
     1.272000E+00        59      3.685773E+03      7.090141E+02
     1.272500E+00        59      2.294125E+03      4.453444E+02
     1.273000E+00        59      1.315520E+03      2.576131E+02
     1.273500E+00        59      5.308925E+02      1.048377E+02
     1.274000E+00        59      7.371378E+01      1.467431E+01
     1.321500E+00        59     -3.210376E+01      0.000000E+00
     1.322000E+00        59     -1.400856E+02      0.000000E+00
     1.322500E+00        59     -3.307893E+02      0.000000E+00
     1.323000E+00        59     -6.213299E+02      0.000000E+00
     1.323500E+00        59     -8.873847E+02      0.000000E+00
     1.324000E+00        59     -1.274865E+03      0.000000E+00
     1.324500E+00        59     -1.620742E+03      0.000000E+00
     1.325000E+00        59     -1.915833E+03      0.000000E+00
     1.325500E+00        59     -2.388260E+03      0.000000E+00
     1.326000E+00        59     -2.926691E+03      0.000000E+00
     1.326500E+00        59     -3.444144E+03      0.000000E+00
     1.327000E+00        59     -3.810921E+03      0.000000E+00
     1.327500E+00        59     -4.298393E+03      0.000000E+00
     1.328000E+00        59     -5.061687E+03      0.000000E+00
     1.328500E+00        59     -5.887487E+03      0.000000E+00
     1.329000E+00        59     -6.256794E+03      0.000000E+00
     1.329500E+00        59     -7.576496E+03      0.000000E+00
     1.330000E+00        59     -8.191880E+03      0.000000E+00
     1.330500E+00        59     -8.921078E+03      0.000000E+00
     1.331000E+00        59     -9.527747E+03      0.000000E+00
     1.331500E+00        59     -1.013561E+04      0.000000E+00
     1.332000E+00        59     -1.073852E+04      0.000000E+00
     1.332500E+00        59     -1.108643E+04      0.000000E+00
     1.333000E+00        59     -1.161848E+04      0.000000E+00
     1.333500E+00        59     -1.125155E+04      0.000000E+00
     1.334000E+00        59     -1.119035E+04      0.000000E+00
     1.334500E+00        59     -1.122430E+04      0.000000E+00
     1.335000E+00        59     -1.045823E+04      0.000000E+00
     1.335500E+00        59     -9.689057E+03      0.000000E+00
     1.336000E+00        59     -9.663204E+03      0.000000E+00
     1.336500E+00        59     -9.661107E+03      0.000000E+00
     1.337000E+00        59     -7.964506E+03      0.000000E+00
     1.337500E+00        59     -8.092195E+03      0.000000E+00
     1.338000E+00        59     -7.649202E+03      0.000000E+00
     1.338500E+00        59     -6.272819E+03      0.000000E+00
     1.339000E+00        59     -6.523524E+03      0.000000E+00
     1.339500E+00        59     -5.142826E+03      0.000000E+00
     1.340000E+00        59     -5.593130E+03      0.000000E+00
     1.340500E+00        59     -5.355798E+03      0.000000E+00
     1.341000E+00        59     -3.864675E+03      0.000000E+00
     1.341500E+00        59     -3.235834E+03      0.000000E+00
     1.342000E+00        59     -1.866423E+03      0.000000E+00
     1.342500E+00        59     -6.598165E+02      0.000000E+00
     1.343000E+00        59      1.375755E+05      1.142375E+03
     1.343500E+00        59      1.299527E+05      2.712067E+03
     1.344000E+00        59      1.439242E+05      4.662815E+03
     1.344500E+00        59      1.349489E+05      5.804332E+03
     1.345000E+00        59      1.520411E+05      8.030077E+03
     1.345500E+00        59      1.581582E+05      9.789747E+03
     1.346000E+00        59      1.455984E+05      1.024108E+04
     1.346500E+00        59      1.520223E+05      1.188806E+04
     1.347000E+00        59      1.566125E+05      1.339674E+04
     1.347500E+00        59      1.436828E+05      1.327794E+04
     1.348000E+00        59      1.458319E+05      1.441631E+04
     1.348500E+00        59      1.413244E+05      1.482660E+04
     1.349000E+00        59      1.416218E+05      1.566535E+04
     1.349500E+00        59      1.350851E+05      1.566883E+04
     1.350000E+00        59      1.282957E+05      1.553322E+04
     1.350500E+00        59      1.244044E+05      1.566024E+04
     1.351000E+00        59      1.163452E+05      1.517587E+04
     1.351500E+00        59      1.089851E+05      1.468709E+04
     1.352000E+00        59      9.872816E+04      1.371052E+04
     1.352500E+00        59      9.384905E+04      1.339986E+04
     1.353000E+00        59      8.309117E+04      1.217331E+04
     1.353500E+00        59      8.002709E+04      1.200866E+04
     1.354000E+00        59      6.847197E+04      1.050694E+04
     1.354500E+00        59      5.948097E+04      9.320084E+03
     1.355000E+00        59      5.135536E+04      8.206137E+03
     1.355500E+00        59      4.558295E+04      7.419124E+03
     1.356000E+00        59      3.742928E+04      6.198568E+03
     1.356500E+00        59      3.407510E+04      5.736143E+03
     1.357000E+00        59      2.682201E+04      4.585500E+03
     1.357500E+00        59      2.378684E+04      4.126541E+03
     1.358000E+00        59      1.958219E+04      3.444568E+03
     1.358500E+00        59      1.665828E+04      2.969092E+03
     1.359000E+00        59      1.425740E+04      2.573193E+03
     1.359500E+00        59      1.224056E+04      2.235690E+03
     1.360000E+00        59      9.643570E+03      1.781491E+03
     1.360500E+00        59      8.322128E+03      1.554143E+03
     1.361000E+00        59      6.777833E+03      1.278935E+03
     1.361500E+00        59      4.904669E+03      9.347000E+02
     1.362000E+00        59      3.660432E+03      7.042335E+02
     1.362500E+00        59      2.265248E+03      4.397951E+02
     1.363000E+00        59      1.299197E+03      2.544479E+02
     1.363500E+00        59      5.199778E+02      1.026945E+02
     1.364000E+00        59      7.014669E+01      1.396579E+01
     1.861500E+00        59     -3.954881E+01      0.000000E+00
     1.862000E+00        59     -1.548897E+02      0.000000E+00
     1.862500E+00        59     -3.714291E+02      0.000000E+00
     1.863000E+00        59     -6.395866E+02      0.000000E+00
     1.863500E+00        59     -9.167907E+02      0.000000E+00
     1.864000E+00        59     -1.311463E+03      0.000000E+00
     1.864500E+00        59     -1.684183E+03      0.000000E+00
     1.865000E+00        59     -1.946839E+03      0.000000E+00
     1.865500E+00        59     -2.463431E+03      0.000000E+00
     1.866000E+00        59     -2.999403E+03      0.000000E+00
     1.866500E+00        59     -3.486528E+03      0.000000E+00
     1.867000E+00        59     -3.936257E+03      0.000000E+00
     1.867500E+00        59     -4.346606E+03      0.000000E+00
     1.868000E+00        59     -5.162628E+03      0.000000E+00
     1.868500E+00        59     -6.023302E+03      0.000000E+00
     1.869000E+00        59     -6.667253E+03      0.000000E+00
     1.869500E+00        59     -7.544168E+03      0.000000E+00
     1.870000E+00        59     -8.260684E+03      0.000000E+00
     1.870500E+00        59     -8.914505E+03      0.000000E+00
     1.871000E+00        59     -9.728820E+03      0.000000E+00
     1.871500E+00        59     -1.071171E+04      0.000000E+00
     1.872000E+00        59     -1.056336E+04      0.000000E+00
     1.872500E+00        59     -1.129487E+04      0.000000E+00
     1.873000E+00        59     -1.148265E+04      0.000000E+00
     1.873500E+00        59     -1.151418E+04      0.000000E+00
     1.874000E+00        59     -1.133114E+04      0.000000E+00
     1.874500E+00        59     -1.119642E+04      0.000000E+00
     1.875000E+00        59     -1.088042E+04      0.000000E+00
     1.875500E+00        59     -9.602634E+03      0.000000E+00
     1.876000E+00        59     -9.922406E+03      0.000000E+00
     1.876500E+00        59     -9.896209E+03      0.000000E+00
     1.877000E+00        59     -7.882774E+03      0.000000E+00
     1.877500E+00        59     -8.464882E+03      0.000000E+00
     1.878000E+00        59     -6.483662E+03      0.000000E+00
     1.878500E+00        59     -6.957633E+03      0.000000E+00
     1.879000E+00        59     -6.880134E+03      0.000000E+00
     1.879500E+00        59     -5.183753E+03      0.000000E+00
     1.880000E+00        59     -5.776341E+03      0.000000E+00
     1.880500E+00        59     -4.307172E+03      0.000000E+00
     1.881000E+00        59     -4.331224E+03      0.000000E+00
     1.881500E+00        59     -3.333243E+03      0.000000E+00
     1.882000E+00        59     -1.808457E+03      0.000000E+00
     1.882500E+00        59     -5.295389E+02      0.000000E+00
     1.883000E+00        59      1.398139E+05      1.318965E+03
     1.883500E+00        59      1.322707E+05      2.897342E+03
     1.884000E+00        59      1.445246E+05      4.819770E+03
     1.884500E+00        59      1.369947E+05      6.012546E+03
     1.885000E+00        59      1.522563E+05      8.165074E+03
     1.885500E+00        59      1.580664E+05      9.903173E+03
     1.886000E+00        59      1.478691E+05      1.050447E+04
     1.886500E+00        59      1.497980E+05      1.181210E+04
     1.887000E+00        59      1.525042E+05      1.313856E+04
     1.887500E+00        59      1.466749E+05      1.363849E+04
     1.888000E+00        59      1.457762E+05      1.448924E+04
     1.888500E+00        59      1.450919E+05      1.529530E+04
     1.889000E+00        59      1.395051E+05      1.549777E+04
     1.889500E+00        59      1.371286E+05      1.596761E+04
     1.890000E+00        59      1.290370E+05      1.567792E+04
     1.890500E+00        59      1.228039E+05      1.550830E+04
     1.891000E+00        59      1.188946E+05      1.555387E+04
     1.891500E+00        59      1.072879E+05      1.449734E+04
     1.892000E+00        59      9.913007E+04      1.380057E+04
     1.892500E+00        59      9.470092E+04      1.355264E+04
     1.893000E+00        59      8.128250E+04      1.193381E+04
     1.893500E+00        59      8.143524E+04      1.224433E+04
     1.894000E+00        59      6.748928E+04      1.037544E+04
     1.894500E+00        59      5.917777E+04      9.288750E+03
     1.895000E+00        59      5.208058E+04      8.335646E+03
     1.895500E+00        59      4.435485E+04      7.230355E+03
     1.896000E+00        59      4.034102E+04      6.690470E+03
     1.896500E+00        59      3.262358E+04      5.499324E+03
     1.897000E+00        59      2.620779E+04      4.486301E+03
     1.897500E+00        59      2.376617E+04      4.128020E+03
     1.898000E+00        59      1.902121E+04      3.349789E+03
     1.898500E+00        59      1.673321E+04      2.985750E+03
     1.899000E+00        59      1.404806E+04      2.538084E+03
     1.899500E+00        59      1.206984E+04      2.206720E+03
     1.900000E+00        59      9.622269E+03      1.779258E+03
     1.900500E+00        59      8.126707E+03      1.519036E+03
     1.901000E+00        59      6.686697E+03      1.262841E+03
     1.901500E+00        59      4.786388E+03      9.129219E+02
     1.902000E+00        59      3.543111E+03      6.822083E+02
     1.902500E+00        59      2.177179E+03      4.230215E+02
     1.903000E+00        59      1.219621E+03      2.390391E+02
     1.903500E+00        59      4.679621E+02      9.248695E+01
     1.904000E+00        59      5.111109E+01      1.018285E+01
     1.951500E+00        59     -4.028882E+01      0.000000E+00
     1.952000E+00        59     -1.546669E+02      0.000000E+00
     1.952500E+00        59     -3.711542E+02      0.000000E+00
     1.953000E+00        59     -6.345195E+02      0.000000E+00
     1.953500E+00        59     -9.090532E+02      0.000000E+00
     1.954000E+00        59     -1.308909E+03      0.000000E+00
     1.954500E+00        59     -1.659361E+03      0.000000E+00
     1.955000E+00        59     -1.946457E+03      0.000000E+00
     1.955500E+00        59     -2.445211E+03      0.000000E+00
     1.956000E+00        59     -2.967896E+03      0.000000E+00
     1.956500E+00        59     -3.505670E+03      0.000000E+00
     1.957000E+00        59     -3.877200E+03      0.000000E+00
     1.957500E+00        59     -4.351438E+03      0.000000E+00
     1.958000E+00        59     -5.149163E+03      0.000000E+00
     1.958500E+00        59     -5.953724E+03      0.000000E+00
     1.959000E+00        59     -6.696914E+03      0.000000E+00
     1.959500E+00        59     -7.453940E+03      0.000000E+00
     1.960000E+00        59     -8.218271E+03      0.000000E+00
     1.960500E+00        59     -8.885580E+03      0.000000E+00
     1.961000E+00        59     -9.593850E+03      0.000000E+00
     1.961500E+00        59     -1.066978E+04      0.000000E+00
     1.962000E+00        59     -1.045674E+04      0.000000E+00
     1.962500E+00        59     -1.112538E+04      0.000000E+00
     1.963000E+00        59     -1.142905E+04      0.000000E+00
     1.963500E+00        59     -1.131675E+04      0.000000E+00
     1.964000E+00        59     -1.118683E+04      0.000000E+00
     1.964500E+00        59     -1.112299E+04      0.000000E+00
     1.965000E+00        59     -1.060765E+04      0.000000E+00
     1.965500E+00        59     -9.570121E+03      0.000000E+00
     1.966000E+00        59     -9.725024E+03      0.000000E+00
     1.966500E+00        59     -9.707171E+03      0.000000E+00
     1.967000E+00        59     -7.875841E+03      0.000000E+00
     1.967500E+00        59     -8.204779E+03      0.000000E+00
     1.968000E+00        59     -6.471805E+03      0.000000E+00
     1.968500E+00        59     -6.850161E+03      0.000000E+00
     1.969000E+00        59     -6.731968E+03      0.000000E+00
     1.969500E+00        59     -5.206233E+03      0.000000E+00
     1.970000E+00        59     -5.648209E+03      0.000000E+00
     1.970500E+00        59     -4.283461E+03      0.000000E+00
     1.971000E+00        59     -4.298291E+03      0.000000E+00
     1.971500E+00        59     -3.272735E+03      0.000000E+00
     1.972000E+00        59     -1.787349E+03      0.000000E+00
     1.972500E+00        59     -5.004825E+02      0.000000E+00
     1.973000E+00        59      1.391281E+05      1.338582E+03
     1.973500E+00        59      1.311647E+05      2.895644E+03
     1.974000E+00        59      1.443479E+05      4.836673E+03
     1.974500E+00        59      1.352678E+05      5.956460E+03
     1.975000E+00        59      1.515901E+05      8.149784E+03
     1.975500E+00        59      1.577350E+05      9.902145E+03
     1.976000E+00        59      1.449720E+05      1.031554E+04
     1.976500E+00        59      1.507754E+05      1.190554E+04
     1.977000E+00        59      1.497830E+05      1.291934E+04
     1.977500E+00        59      1.455357E+05      1.354642E+04
     1.978000E+00        59      1.459884E+05      1.452338E+04
     1.978500E+00        59      1.415422E+05      1.493300E+04
     1.979000E+00        59      1.404736E+05      1.561649E+04
     1.979500E+00        59      1.350587E+05      1.573670E+04
     1.980000E+00        59      1.274315E+05      1.549187E+04
     1.980500E+00        59      1.235421E+05      1.560980E+04
     1.981000E+00        59      1.161333E+05      1.520003E+04
     1.981500E+00        59      1.078137E+05      1.457490E+04
     1.982000E+00        59      9.843206E+04      1.370905E+04
     1.982500E+00        59      9.318319E+04      1.334053E+04
     1.983000E+00        59      8.229821E+04      1.208723E+04
     1.983500E+00        59      7.981708E+04      1.200500E+04
     1.984000E+00        59      6.767397E+04      1.040705E+04
     1.984500E+00        59      5.916929E+04      9.290108E+03
     1.985000E+00        59      5.102531E+04      8.168967E+03
     1.985500E+00        59      4.500450E+04      7.338132E+03
     1.986000E+00        59      3.954504E+04      6.560041E+03
     1.986500E+00        59      3.255727E+04      5.489396E+03
     1.987000E+00        59      2.625439E+04      4.495245E+03
     1.987500E+00        59      2.321620E+04      4.033316E+03
     1.988000E+00        59      1.919165E+04      3.380461E+03
     1.988500E+00        59      1.644146E+04      2.934231E+03
     1.989000E+00        59      1.391261E+04      2.514052E+03
     1.989500E+00        59      1.204579E+04      2.202691E+03
     1.990000E+00        59      9.438176E+03      1.745495E+03
     1.990500E+00        59      8.103126E+03      1.514859E+03
     1.991000E+00        59      6.614653E+03      1.249416E+03
     1.991500E+00        59      4.733568E+03      9.029730E+02
     1.992000E+00        59      3.515477E+03      6.769778E+02
     1.992500E+00        59      2.150156E+03      4.178242E+02
     1.993000E+00        59      1.202645E+03      2.357410E+02
     1.993500E+00        59      4.579013E+02      9.050923E+01
     1.994000E+00        59      4.810264E+01      9.584558E+00
