     1.515000E-01         9     -1.592434E+01      0.000000E+00
     1.520000E-01         9     -1.003437E+02      0.000000E+00
     1.525000E-01         9     -2.793901E+02      0.000000E+00
     1.530000E-01         9     -5.264722E+02      0.000000E+00
     1.535000E-01         9     -8.886017E+02      0.000000E+00
     1.540000E-01         9     -1.345411E+03      0.000000E+00
     1.545000E-01         9     -1.888106E+03      0.000000E+00
     1.550000E-01         9     -2.481192E+03      0.000000E+00
     1.555000E-01         9     -3.196278E+03      0.000000E+00
     1.560000E-01         9     -4.016471E+03      0.000000E+00
     1.565000E-01         9     -4.706526E+03      0.000000E+00
     1.570000E-01         9     -5.807751E+03      0.000000E+00
     1.575000E-01         9     -6.278819E+03      0.000000E+00
     1.580000E-01         9     -7.045540E+03      0.000000E+00
     1.585000E-01         9     -8.121462E+03      0.000000E+00
     1.590000E-01         9     -8.336471E+03      0.000000E+00
     1.595000E-01         9     -9.657077E+03      0.000000E+00
     1.600000E-01         9     -9.321988E+03      0.000000E+00
     1.605000E-01         9     -9.696776E+03      0.000000E+00
     1.610000E-01         9     -1.062043E+04      0.000000E+00
     1.615000E-01         9     -1.009601E+04      0.000000E+00
     1.620000E-01         9     -1.134556E+04      0.000000E+00
     1.625000E-01         9     -1.025662E+04      0.000000E+00
     1.630000E-01         9     -1.029032E+04      0.000000E+00
     1.635000E-01         9     -1.102624E+04      0.000000E+00
     1.640000E-01         9     -1.014102E+04      0.000000E+00
     1.645000E-01         9     -1.020355E+04      0.000000E+00
     1.650000E-01         9     -1.057430E+04      0.000000E+00
     1.655000E-01         9     -1.012555E+04      0.000000E+00
     1.660000E-01         9     -1.088244E+04      0.000000E+00
     1.665000E-01         9     -9.827445E+03      0.000000E+00
     1.670000E-01         9     -9.872515E+03      0.000000E+00
     1.675000E-01         9     -1.033249E+04      0.000000E+00
     1.680000E-01         9     -9.618068E+03      0.000000E+00
     1.685000E-01         9     -1.040467E+04      0.000000E+00
     1.690000E-01         9     -9.188965E+03      0.000000E+00
     1.695000E-01         9     -8.677112E+03      0.000000E+00
     1.700000E-01         9     -8.946472E+03      0.000000E+00
     1.705000E-01         9     -7.401999E+03      0.000000E+00
     1.710000E-01         9     -7.073770E+03      0.000000E+00
     1.715000E-01         9     -5.187932E+03      0.000000E+00
     1.720000E-01         9     -3.158968E+03      0.000000E+00
     1.725000E-01         9     -1.459096E+03      0.000000E+00
     1.730000E-01         9      1.699489E+05      9.898963E+02
     1.735000E-01         9      1.684801E+05      3.133816E+03
     1.740000E-01         9      1.867904E+05      5.662146E+03
     1.745000E-01         9      1.689503E+05      6.942026E+03
     1.750000E-01         9      1.847440E+05      9.428845E+03
     1.755000E-01         9      1.553490E+05      9.359676E+03
     1.760000E-01         9      1.435740E+05      9.878456E+03
     1.765000E-01         9      1.454910E+05      1.116921E+04
     1.770000E-01         9      1.264723E+05      1.064944E+04
     1.775000E-01         9      1.209172E+05      1.102270E+04
     1.780000E-01         9      1.010820E+05      9.873697E+03
     1.785000E-01         9      8.334174E+04      8.651386E+03
     1.790000E-01         9      7.918234E+04      8.676181E+03
     1.795000E-01         9      6.649244E+04      7.647226E+03
     1.800000E-01         9      5.893926E+04      7.081192E+03
     1.805000E-01         9      4.746153E+04      5.932761E+03
     1.810000E-01         9      4.539406E+04      5.883231E+03
     1.815000E-01         9      3.904122E+04      5.230343E+03
     1.820000E-01         9      3.970935E+04      5.484570E+03
     1.825000E-01         9      3.745442E+04      5.320913E+03
     1.830000E-01         9      3.426572E+04      4.996689E+03
     1.835000E-01         9      4.092991E+04      6.115140E+03
     1.840000E-01         9      3.378107E+04      5.162617E+03
     1.845000E-01         9      3.876939E+04      6.051684E+03
     1.850000E-01         9      3.902951E+04      6.214318E+03
     1.855000E-01         9      3.420687E+04      5.548855E+03
     1.860000E-01         9      3.829119E+04      6.321250E+03
     1.865000E-01         9      3.246463E+04      5.448720E+03
     1.870000E-01         9      3.325024E+04      5.668419E+03
     1.875000E-01         9      3.250403E+04      5.623713E+03
     1.880000E-01         9      2.480330E+04      4.351904E+03
     1.885000E-01         9      2.358324E+04      4.193227E+03
     1.890000E-01         9      1.693422E+04      3.049296E+03
     1.895000E-01         9      1.674118E+04      3.051026E+03
     1.900000E-01         9      1.431764E+04      2.639435E+03
     1.905000E-01         9      9.548621E+03      1.779639E+03
     1.910000E-01         9      8.303779E+03      1.563890E+03
     1.915000E-01         9      6.288505E+03      1.196240E+03
     1.920000E-01         9      3.616358E+03      6.945407E+02
     1.925000E-01         9      2.686874E+03      5.207809E+02
     1.930000E-01         9      1.098063E+03      2.147108E+02
     1.935000E-01         9      5.950478E+02      1.173395E+02
     1.940000E-01         9      1.257328E+02      2.499556E+01
     2.415000E-01         9     -1.629711E+01      0.000000E+00
     2.420000E-01         9     -9.987848E+01      0.000000E+00
     2.425000E-01         9     -2.766995E+02      0.000000E+00
     2.430000E-01         9     -5.220906E+02      0.000000E+00
     2.435000E-01         9     -8.804035E+02      0.000000E+00
     2.440000E-01         9     -1.338615E+03      0.000000E+00
     2.445000E-01         9     -1.880186E+03      0.000000E+00
     2.450000E-01         9     -2.477176E+03      0.000000E+00
     2.455000E-01         9     -3.200174E+03      0.000000E+00
     2.460000E-01         9     -4.020088E+03      0.000000E+00
     2.465000E-01         9     -4.738832E+03      0.000000E+00
     2.470000E-01         9     -5.823111E+03      0.000000E+00
     2.475000E-01         9     -6.335830E+03      0.000000E+00
     2.480000E-01         9     -7.095841E+03      0.000000E+00
     2.485000E-01         9     -8.165129E+03      0.000000E+00
     2.490000E-01         9     -8.434217E+03      0.000000E+00
     2.495000E-01         9     -9.670370E+03      0.000000E+00
     2.500000E-01         9     -9.408845E+03      0.000000E+00
     2.505000E-01         9     -9.727873E+03      0.000000E+00
     2.510000E-01         9     -1.061861E+04      0.000000E+00
     2.515000E-01         9     -1.014974E+04      0.000000E+00
     2.520000E-01         9     -1.127102E+04      0.000000E+00
     2.525000E-01         9     -1.023895E+04      0.000000E+00
     2.530000E-01         9     -1.023882E+04      0.000000E+00
     2.535000E-01         9     -1.087954E+04      0.000000E+00
     2.540000E-01         9     -1.010755E+04      0.000000E+00
     2.545000E-01         9     -1.107177E+04      0.000000E+00
     2.550000E-01         9     -9.904808E+03      0.000000E+00
     2.555000E-01         9     -9.866535E+03      0.000000E+00
     2.560000E-01         9     -1.042830E+04      0.000000E+00
     2.565000E-01         9     -9.738871E+03      0.000000E+00
     2.570000E-01         9     -9.642428E+03      0.000000E+00
     2.575000E-01         9     -1.012519E+04      0.000000E+00
     2.580000E-01         9     -9.600505E+03      0.000000E+00
     2.585000E-01         9     -1.020539E+04      0.000000E+00
     2.590000E-01         9     -9.156696E+03      0.000000E+00
     2.595000E-01         9     -8.631273E+03      0.000000E+00
     2.600000E-01         9     -8.844119E+03      0.000000E+00
     2.605000E-01         9     -7.399151E+03      0.000000E+00
     2.610000E-01         9     -7.008144E+03      0.000000E+00
     2.615000E-01         9     -5.142969E+03      0.000000E+00
     2.620000E-01         9     -3.130336E+03      0.000000E+00
     2.625000E-01         9     -1.416190E+03      0.000000E+00
     2.630000E-01         9      1.693559E+05      1.018990E+03
     2.635000E-01         9      1.965366E+05      3.690243E+03
     2.640000E-01         9      1.695652E+05      5.167393E+03
     2.645000E-01         9      1.611485E+05      6.645445E+03
     2.650000E-01         9      1.814963E+05      9.288075E+03
     2.655000E-01         9      1.509909E+05      9.116378E+03
     2.660000E-01         9      1.402790E+05      9.668403E+03
     2.665000E-01         9      1.445387E+05      1.111210E+04
     2.670000E-01         9      1.228699E+05      1.035881E+04
     2.675000E-01         9      1.209755E+05      1.103973E+04
     2.680000E-01         9      9.989055E+04      9.766398E+03
     2.685000E-01         9      8.182958E+04      8.501411E+03
     2.690000E-01         9      8.078990E+04      8.858833E+03
     2.695000E-01         9      6.466653E+04      7.442145E+03
     2.700000E-01         9      6.017723E+04      7.234250E+03
     2.705000E-01         9      4.783934E+04      5.983241E+03
     2.710000E-01         9      4.482588E+04      5.812484E+03
     2.715000E-01         9      4.072303E+04      5.458149E+03
     2.720000E-01         9      3.908598E+04      5.400747E+03
     2.725000E-01         9      3.407666E+04      4.842944E+03
     2.730000E-01         9      3.670321E+04      5.354066E+03
     2.735000E-01         9      4.082548E+04      6.101594E+03
     2.740000E-01         9      3.509569E+04      5.365213E+03
     2.745000E-01         9      3.846345E+04      6.005699E+03
     2.750000E-01         9      3.883432E+04      6.184950E+03
     2.755000E-01         9      3.442993E+04      5.586492E+03
     2.760000E-01         9      3.740796E+04      6.176955E+03
     2.765000E-01         9      3.231068E+04      5.424137E+03
     2.770000E-01         9      3.272667E+04      5.580382E+03
     2.775000E-01         9      3.177957E+04      5.499508E+03
     2.780000E-01         9      2.456709E+04      4.311305E+03
     2.785000E-01         9      2.294002E+04      4.079620E+03
     2.790000E-01         9      1.659776E+04      2.989243E+03
     2.795000E-01         9      1.644917E+04      2.998315E+03
     2.800000E-01         9      1.395359E+04      2.572739E+03
     2.805000E-01         9      9.416416E+03      1.755269E+03
     2.810000E-01         9      8.119055E+03      1.529325E+03
     2.815000E-01         9      4.459627E+03      8.484587E+02
     2.820000E-01         9      4.243400E+03      8.150771E+02
     2.825000E-01         9      2.789510E+03      5.407442E+02
     2.830000E-01         9      1.131887E+03      2.213520E+02
     2.835000E-01         9      5.996925E+02      1.182695E+02
     2.840000E-01         9      1.225821E+02      2.437200E+01
     7.815000E-01         9     -1.965659E+01      0.000000E+00
     7.820000E-01         9     -1.190437E+02      0.000000E+00
     7.825000E-01         9     -3.068531E+02      0.000000E+00
     7.830000E-01         9     -5.583130E+02      0.000000E+00
     7.835000E-01         9     -9.296037E+02      0.000000E+00
     7.840000E-01         9     -1.403529E+03      0.000000E+00
     7.845000E-01         9     -1.928525E+03      0.000000E+00
     7.850000E-01         9     -2.552391E+03      0.000000E+00
     7.855000E-01         9     -3.363477E+03      0.000000E+00
     7.860000E-01         9     -3.978580E+03      0.000000E+00
     7.865000E-01         9     -4.810171E+03      0.000000E+00
     7.870000E-01         9     -5.781977E+03      0.000000E+00
     7.875000E-01         9     -6.345120E+03      0.000000E+00
     7.880000E-01         9     -7.618991E+03      0.000000E+00
     7.885000E-01         9     -7.752070E+03      0.000000E+00
     7.890000E-01         9     -8.440934E+03      0.000000E+00
     7.895000E-01         9     -9.422993E+03      0.000000E+00
     7.900000E-01         9     -9.349174E+03      0.000000E+00
     7.905000E-01         9     -1.065379E+04      0.000000E+00
     7.910000E-01         9     -9.898014E+03      0.000000E+00
     7.915000E-01         9     -1.019316E+04      0.000000E+00
     7.920000E-01         9     -1.090120E+04      0.000000E+00
     7.925000E-01         9     -1.027819E+04      0.000000E+00
     7.930000E-01         9     -1.033517E+04      0.000000E+00
     7.935000E-01         9     -1.073512E+04      0.000000E+00
     7.940000E-01         9     -1.043775E+04      0.000000E+00
     7.945000E-01         9     -1.105997E+04      0.000000E+00
     7.950000E-01         9     -1.009073E+04      0.000000E+00
     7.955000E-01         9     -1.010576E+04      0.000000E+00
     7.960000E-01         9     -1.048493E+04      0.000000E+00
     7.965000E-01         9     -9.998345E+03      0.000000E+00
     7.970000E-01         9     -1.069607E+04      0.000000E+00
     7.975000E-01         9     -9.743671E+03      0.000000E+00
     7.980000E-01         9     -9.572989E+03      0.000000E+00
     7.985000E-01         9     -1.007551E+04      0.000000E+00
     7.990000E-01         9     -9.168065E+03      0.000000E+00
     7.995000E-01         9     -9.639297E+03      0.000000E+00
     8.000000E-01         9     -8.234812E+03      0.000000E+00
     8.005000E-01         9     -7.158079E+03      0.000000E+00
     8.010000E-01         9     -6.806530E+03      0.000000E+00
     8.015000E-01         9     -4.963932E+03      0.000000E+00
     8.020000E-01         9     -2.964119E+03      0.000000E+00
     8.025000E-01         9     -1.201920E+03      0.000000E+00
     8.030000E-01         9      1.696921E+05      1.215794E+03
     8.035000E-01         9      1.972185E+05      3.910234E+03
     8.040000E-01         9      1.702946E+05      5.353975E+03
     8.045000E-01         9      1.623230E+05      6.838302E+03
     8.050000E-01         9      1.820951E+05      9.468544E+03
     8.055000E-01         9      1.529111E+05      9.349012E+03
     8.060000E-01         9      1.672603E+05      1.164674E+04
     8.065000E-01         9      1.313699E+05      1.018663E+04
     8.070000E-01         9      1.192949E+05      1.013120E+04
     8.075000E-01         9      1.164455E+05      1.069381E+04
     8.080000E-01         9      1.003096E+05      9.861920E+03
     8.085000E-01         9      9.051172E+04      9.449704E+03
     8.090000E-01         9      7.391900E+04      8.141039E+03
     8.095000E-01         9      6.345359E+04      7.331411E+03
     8.100000E-01         9      5.540976E+04      6.684948E+03
     8.105000E-01         9      4.896921E+04      6.144487E+03
     8.110000E-01         9      4.283779E+04      5.571226E+03
     8.115000E-01         9      3.976010E+04      5.343658E+03
     8.120000E-01         9      4.040252E+04      5.596737E+03
     8.125000E-01         9      3.230942E+04      4.602501E+03
     8.130000E-01         9      3.818291E+04      5.581985E+03
     8.135000E-01         9      4.067286E+04      6.091050E+03
     8.140000E-01         9      3.516326E+04      5.385672E+03
     8.145000E-01         9      3.967731E+04      6.206159E+03
     8.150000E-01         9      3.313369E+04      5.285773E+03
     8.155000E-01         9      3.795144E+04      6.167464E+03
     8.160000E-01         9      3.846184E+04      6.360289E+03
     8.165000E-01         9      3.361869E+04      5.651528E+03
     8.170000E-01         9      3.337686E+04      5.698697E+03
     8.175000E-01         9      2.735605E+04      4.739879E+03
     8.180000E-01         9      2.735764E+04      4.806668E+03
     8.185000E-01         9      2.366964E+04      4.214077E+03
     8.190000E-01         9      1.755444E+04      3.164899E+03
     8.195000E-01         9      1.652523E+04      3.015227E+03
     8.200000E-01         9      1.413388E+04      2.608494E+03
     8.205000E-01         9      9.482050E+03      1.769133E+03
     8.210000E-01         9      7.972695E+03      1.503079E+03
     8.215000E-01         9      4.458442E+03      8.489480E+02
     8.220000E-01         9      4.090394E+03      7.863218E+02
     8.225000E-01         9      2.681758E+03      5.202588E+02
     8.230000E-01         9      1.063578E+03      2.081479E+02
     8.235000E-01         9      5.396092E+02      1.064959E+02
     8.240000E-01         9      7.049799E+01      1.402615E+01
     8.715000E-01         9     -1.997920E+01      0.000000E+00
     8.720000E-01         9     -1.184478E+02      0.000000E+00
     8.725000E-01         9     -3.048745E+02      0.000000E+00
     8.730000E-01         9     -5.527499E+02      0.000000E+00
     8.735000E-01         9     -9.237084E+02      0.000000E+00
     8.740000E-01         9     -1.396366E+03      0.000000E+00
     8.745000E-01         9     -1.919077E+03      0.000000E+00
     8.750000E-01         9     -2.559940E+03      0.000000E+00
     8.755000E-01         9     -3.350732E+03      0.000000E+00
     8.760000E-01         9     -4.012079E+03      0.000000E+00
     8.765000E-01         9     -4.820939E+03      0.000000E+00
     8.770000E-01         9     -5.812927E+03      0.000000E+00
     8.775000E-01         9     -6.425115E+03      0.000000E+00
     8.780000E-01         9     -7.614404E+03      0.000000E+00
     8.785000E-01         9     -7.888868E+03      0.000000E+00
     8.790000E-01         9     -8.446075E+03      0.000000E+00
     8.795000E-01         9     -9.505862E+03      0.000000E+00
     8.800000E-01         9     -9.436208E+03      0.000000E+00
     8.805000E-01         9     -1.061067E+04      0.000000E+00
     8.810000E-01         9     -1.003710E+04      0.000000E+00
     8.815000E-01         9     -1.010190E+04      0.000000E+00
     8.820000E-01         9     -1.093942E+04      0.000000E+00
     8.825000E-01         9     -1.024937E+04      0.000000E+00
     8.830000E-01         9     -1.020585E+04      0.000000E+00
     8.835000E-01         9     -1.074515E+04      0.000000E+00
     8.840000E-01         9     -1.025794E+04      0.000000E+00
     8.845000E-01         9     -1.099352E+04      0.000000E+00
     8.850000E-01         9     -9.981845E+03      0.000000E+00
     8.855000E-01         9     -9.953589E+03      0.000000E+00
     8.860000E-01         9     -1.042775E+04      0.000000E+00
     8.865000E-01         9     -9.844685E+03      0.000000E+00
     8.870000E-01         9     -1.062821E+04      0.000000E+00
     8.875000E-01         9     -9.647084E+03      0.000000E+00
     8.880000E-01         9     -9.491315E+03      0.000000E+00
     8.885000E-01         9     -1.002790E+04      0.000000E+00
     8.890000E-01         9     -9.085552E+03      0.000000E+00
     8.895000E-01         9     -9.606763E+03      0.000000E+00
     8.900000E-01         9     -8.160712E+03      0.000000E+00
     8.905000E-01         9     -7.123751E+03      0.000000E+00
     8.910000E-01         9     -6.747822E+03      0.000000E+00
     8.915000E-01         9     -4.914539E+03      0.000000E+00
     8.920000E-01         9     -2.924115E+03      0.000000E+00
     8.925000E-01         9     -1.159466E+03      0.000000E+00
     8.930000E-01         9      1.688276E+05      1.241751E+03
     8.935000E-01         9      1.960925E+05      3.922094E+03
     8.940000E-01         9      1.694339E+05      5.354054E+03
     8.945000E-01         9      1.608202E+05      6.798740E+03
     8.950000E-01         9      1.817504E+05      9.475445E+03
     8.955000E-01         9      1.510283E+05      9.253033E+03
     8.960000E-01         9      1.667677E+05      1.163210E+04
     8.965000E-01         9      1.306159E+05      1.014252E+04
     8.970000E-01         9      1.176986E+05      1.000773E+04
     8.975000E-01         9      1.170917E+05      1.076443E+04
     8.980000E-01         9      9.853381E+04      9.696235E+03
     8.985000E-01         9      9.074349E+04      9.481613E+03
     8.990000E-01         9      7.377391E+04      8.130967E+03
     8.995000E-01         9      6.250292E+04      7.226296E+03
     9.000000E-01         9      5.630289E+04      6.796724E+03
     9.005000E-01         9      4.816194E+04      6.046452E+03
     9.010000E-01         9      4.301326E+04      5.596807E+03
     9.015000E-01         9      4.006229E+04      5.386711E+03
     9.020000E-01         9      3.982948E+04      5.519665E+03
     9.025000E-01         9      3.266710E+04      4.655255E+03
     9.030000E-01         9      3.793462E+04      5.547681E+03
     9.035000E-01         9      4.031813E+04      6.039948E+03
     9.040000E-01         9      3.517358E+04      5.388938E+03
     9.045000E-01         9      3.913836E+04      6.123652E+03
     9.050000E-01         9      3.272066E+04      5.221317E+03
     9.055000E-01         9      3.765286E+04      6.120524E+03
     9.060000E-01         9      3.776886E+04      6.247215E+03
     9.065000E-01         9      3.323472E+04      5.588266E+03
     9.070000E-01         9      3.289730E+04      5.618039E+03
     9.075000E-01         9      2.675226E+04      4.636217E+03
     9.080000E-01         9      2.706867E+04      4.756827E+03
     9.085000E-01         9      2.317146E+04      4.126147E+03
     9.090000E-01         9      1.724509E+04      3.109675E+03
     9.095000E-01         9      1.629896E+04      2.974441E+03
     9.100000E-01         9      1.384472E+04      2.555539E+03
     9.105000E-01         9      9.374449E+03      1.749325E+03
     9.110000E-01         9      7.830651E+03      1.476516E+03
     9.115000E-01         9      4.376792E+03      8.335175E+02
     9.120000E-01         9      4.044644E+03      7.776314E+02
     9.125000E-01         9      2.633784E+03      5.110177E+02
     9.130000E-01         9      1.048093E+03      2.051428E+02
     9.135000E-01         9      5.279068E+02      1.041987E+02
     9.140000E-01         9      6.724700E+01      1.338086E+01
